0.00472745 0.0839351 0.0706253 0.0147425 0.00517878 9.9973E-05 9.9973E-05 0.820491 9.9973E-05
9.9964E-05 0.0208042 9.9964E-05 9.9964E-05 0.0315388 0.0295192 0.0208643 0.896874 9.9964E-05
0.0713958 0.07618 0.042744 0.0712277 0.00109904 9.9973E-05 9.9973E-05 0.737054 9.9973E-05
0.0184557 0.0827133 0.0345104 0.0547043 0.104228 9.9982E-05 0.0188659 0.686322 9.9982E-05
0.0178596 9.9964E-05 0.0480556 0.0493672 9.9964E-05 9.9964E-05 0.0604921 0.823826 9.9964E-05
0.0479602 0.0568098 0.133419 0.0552954 0.0136402 0.0508289 9.9991E-05 0.522057 0.11989
9.9964E-05 0.0681085 0.0740336 9.9964E-05 9.9964E-05 0.0392772 9.9964E-05 0.73166 0.0865205
0.007442 0.0435132 0.112573 0.0114375 0.0230999 0.0168676 0.0179291 0.708813 0.058325
9.99639E-05 0.0184082 0.0693219 9.99639E-05 9.99639E-05 0.0283008 9.99639E-05 0.826983 0.0565864
0.094034 0.0613653 0.0481221 0.0653469 9.9982E-05 9.9982E-05 0.0206223 0.626627 0.0836826
0.0606464 9.9964E-05 0.103985 9.9964E-05 0.0332129 9.9964E-05 9.9964E-05 0.704043 0.0977124
0.135246 9.9946E-05 9.9946E-05 0.0456109 0.818544 9.9946E-05 9.9946E-05 9.9946E-05 9.9946E-05
0.387829 0.0563058 0.0551148 0.0448263 0.455524 9.9964E-05 9.9964E-05 9.9964E-05 9.9964E-05
0.0885087 0.0128447 9.9982E-05 0.0646188 0.696934 0.0148314 0.073728 0.048334 9.9982E-05
0.196139 9.9955E-05 9.9955E-05 0.138625 0.638347 9.9955E-05 9.9955E-05 0.0263895 9.9955E-05
0.285164 9.9973E-05 9.9973E-05 0.105912 0.42403 0.0145726 9.9973E-05 0.0777739 0.0922476
0.459858 0.0366273 9.9982E-05 0.104954 0.247961 0.0280344 0.0997326 9.9982E-05 0.0226335
0.32977 0.0262555 9.9982E-05 0.120745 0.359164 0.104383 0.0447345 9.9982E-05 0.0147482
0.177122 0.0263316 9.9973E-05 0.0656603 0.602423 0.0324173 9.9973E-05 0.0957454 9.9973E-05
9.9964E-05 9.9964E-05 0.0798204 0.0244393 0.758822 9.9964E-05 9.9964E-05 0.0380176 0.0985008
0.286969 0.0424334 0.0662948 0.0852011 0.402171 0.0337442 0.0829865 9.9982E-05 9.9982E-05
0.423931 0.0486531 9.9973E-05 0.0628411 0.174893 0.100151 9.9973E-05 9.9973E-05 0.18923
0.538685 0.0347684 0.0571611 9.9982E-05 0.283983 9.9982E-05 0.0441729 0.024315 0.0167144
0.165184 0.0218611 9.9973E-05 0.103306 0.638034 0.0291421 9.9973E-05 9.9973E-05 0.0421732
0.583843 0.0805138 0.0109257 0.020437 0.112137 0.0631728 0.0253757 0.0359325 0.0676632
0.411489 0.0228186 9.9973E-05 0.101636 0.407326 0.0179513 9.9973E-05 9.9973E-05 0.0384795
0.0202363 0.0105639 9.9964E-05 0.136226 0.814856 0.017718 9.9964E-05 9.9964E-05 9.9964E-05
0.0558004 9.9946E-05 9.9946E-05 0.190824 0.752776 9.9946E-05 9.9946E-05 9.9946E-05 9.9946E-05
0.135756 9.9973E-05 9.9973E-05 0.0230255 0.711641 9.9973E-05 0.0583148 0.00168767 0.0692745
9.993E-05 0.999201 9.993E-05 9.993E-05 9.993E-05 9.993E-05 9.993E-05 9.993E-05 9.993E-05
9.993E-05 0.999201 9.993E-05 9.993E-05 9.993E-05 9.993E-05 9.993E-05 9.993E-05 9.993E-05
0.0954085 0.383408 0.0237584 0.0212196 0.00171416 9.9973E-05 9.9973E-05 0.474192 9.9973E-05
0.0590854 0.262471 9.9973E-05 0.0981574 9.9973E-05 0.0746431 9.9973E-05 0.484415 0.0209277
0.565798 0.0162391 0.0375062 9.9982E-05 0.0848814 0.240036 0.0191834 0.0361561 9.9982E-05
0.573322 9.9964E-05 0.000844677 9.9964E-05 0.131868 0.245227 9.9964E-05 0.0483379 9.9964E-05
0.499576 9.9946E-05 9.9946E-05 9.9946E-05 9.9946E-05 0.434116 9.9946E-05 0.0657085 9.9946E-05
0.0672314 0.030051 0.0725777 9.9982E-05 0.693008 0.0254213 0.00943785 0.102073 9.9982E-05
0.303065 0.0417089 9.9982E-05 0.00295393 0.0318145 0.573737 9.9982E-05 0.00776927 0.0387512
0.460218 9.9982E-05 0.0906698 0.0214846 0.0583952 0.229384 0.0829024 0.056746 9.9982E-05
0.623802 0.0271166 0.00977159 0.0535235 9.9982E-05 0.227998 9.9982E-05 0.0259932 0.031595
0.484088 0.0915051 0.0620978 9.9991E-05 0.0517523 0.15464 0.0263648 0.035928 0.0935237
0.565746 0.0975043 0.0621351 9.9982E-05 0.0978055 0.136032 9.9982E-05 0.0105413 0.0300364
0.0883595 0.0449564 9.9964E-05 9.9964E-05 0.281896 0.507911 9.9964E-05 9.9964E-05 0.0764777
0.508239 0.0168336 0.0521262 0.0926743 0.0341216 0.0381605 9.9991E-05 0.0250711 0.232673
0.37982 0.0501514 9.9973E-05 0.099168 0.119342 0.345211 9.9973E-05 0.00600707 9.9973E-05
0.467379 0.0036572 9.9991E-05 0.0960865 0.0499566 0.226424 0.0283749 0.117775 0.0102471
0.333194 0.0013057 9.9946E-05 9.9946E-05 9.9946E-05 0.664901 9.9946E-05 9.9946E-05 9.9946E-05
0.572697 0.0267834 0.0411214 0.0502186 0.0327841 0.276096 9.9973E-05 9.9973E-05 9.9973E-05
0.331825 0.0424202 0.072358 0.173806 0.00124514 0.192439 0.047082 0.085228 0.0535956
9.9946E-05 9.9946E-05 9.9946E-05 9.9946E-05 9.9946E-05 0.690487 9.9946E-05 0.072119 0.236794
0.101864 9.9973E-05 0.127039 9.9973E-05 0.411193 0.164754 0.0835584 9.9973E-05 0.111291
0.0506235 9.9973E-05 9.9973E-05 0.0095084 0.351884 0.155457 0.110343 9.9973E-05 0.321885
0.512729 0.038266 9.9964E-05 0.110079 0.216663 9.9964E-05 9.9964E-05 9.9964E-05 0.121863
0.578725 0.0288024 9.9973E-05 0.0891221 0.198499 9.9973E-05 9.9973E-05 0.0157208 0.0888303
0.600211 0.00203946 0.0091293 0.0226099 0.112878 9.9991E-05 0.0562834 0.0631354 0.133614
0.094357 0.0629977 0.163701 0.0246697 0.282755 0.219659 0.0345799 0.0283069 0.0889735
0.489582 0.0307411 0.0761452 9.9991E-05 0.190157 0.0770003 0.0429944 0.018763 0.0745175
0.580986 9.9964E-05 9.9964E-05 0.0319637 0.179586 9.9964E-05 9.9964E-05 0.0263824 0.180682
0.272819 0.038217 0.00176043 0.0554925 0.342877 0.143782 0.00353183 0.0840566 0.0574637
0.0810727 0.0312625 0.0466913 9.9991E-05 0.371487 0.0950222 0.0249582 0.21918 0.130226
0.445912 0.049247 0.0567656 0.0361199 0.0915811 0.172992 9.9991E-05 0.0311645 0.116117
0.287193 0.00221233 0.0372802 0.127929 0.319146 9.9982E-05 0.140403 0.0856368 9.9982E-05
9.9973E-05 0.0754558 0.114562 9.9973E-05 0.535448 0.186838 0.0312297 9.9973E-05 0.056167
0.439117 0.0258038 0.0313953 0.0455172 0.344337 9.9982E-05 0.0263202 9.9982E-05 0.0873096
0.577054 0.0282893 0.0201385 0.0166758 0.0266838 0.0628404 0.17318 0.0950383 9.9991E-05
0.391214 0.0886661 0.0215588 0.0928522 0.230496 0.0985166 0.064195 0.00364195 0.00885899
0.194106 9.9982E-05 9.9982E-05 0.0210737 0.440265 0.120833 0.0668946 0.108592 0.0480364
0.410535 0.0369868 9.9982E-05 0.0278342 0.34326 0.0584912 0.0224474 9.9982E-05 0.100245
0.582124 0.0540427 0.113716 0.0579117 0.0932684 0.0444007 0.0480661 0.00637089 9.9991E-05
0.0709914 0.0532163 9.9973E-05 9.9973E-05 0.5763 0.0625946 0.140175 9.9973E-05 0.0964224
0.487123 9.9955E-05 9.9955E-05 9.9955E-05 0.00696617 0.480213 0.0251981 9.9955E-05 9.9955E-05
0.138677 0.0054911 9.9964E-05 0.0198019 0.151182 0.684448 9.9964E-05 9.9964E-05 9.9964E-05
0.524833 9.9973E-05 0.0216339 0.0108602 0.145803 0.183236 9.9973E-05 0.113334 9.9973E-05
9.9955E-05 9.9955E-05 9.9955E-05 9.9955E-05 9.9955E-05 0.833094 0.0131035 0.0103479 0.142955
9.9955E-05 9.9955E-05 9.9955E-05 9.9955E-05 0.0882746 0.809832 0.0233494 9.9955E-05 0.0780437
0.247941 9.9946E-05 9.9946E-05 9.9946E-05 0.0217873 0.729672 9.9946E-05 9.9946E-05 9.9946E-05
0.436826 9.9946E-05 9.9946E-05 9.9946E-05 0.125725 0.436849 9.9946E-05 9.9946E-05 9.9946E-05
0.437397 9.9982E-05 9.9982E-05 0.0813444 0.0924147 0.151809 0.0444723 0.13311 0.0592527
0.339245 0.0288053 9.9964E-05 0.065585 0.186421 0.379543 9.9964E-05 9.9964E-05 9.9964E-05
0.118767 0.00272098 0.0638595 0.0227745 0.125846 0.601876 9.9982E-05 0.0639569 9.9982E-05
0.221564 9.9973E-05 0.165159 9.9973E-05 0.101742 0.444668 0.0260759 0.0404918 9.9973E-05
0.358302 9.9973E-05 9.9973E-05 0.162386 0.0608746 0.282167 0.0912303 0.0447399 9.9973E-05
0.246522 0.0242074 0.0137954 9.9973E-05 0.156763 0.523195 9.9973E-05 0.0352174 9.9973E-05
0.356012 0.0386176 9.9964E-05 9.9964E-05 0.147955 0.423357 9.9964E-05 0.0336582 9.9964E-05
0.336352 0.0183982 9.9955E-05 9.9955E-05 9.9955E-05 0.576856 0.0678939 9.9955E-05 9.9955E-05
9.9964E-05 9.9964E-05 0.0347636 0.00967378 9.9964E-05 0.660287 0.0505312 9.9964E-05 0.244345
0.477779 9.9982E-05 0.0534892 0.0571405 0.101336 0.243006 0.0182238 9.9982E-05 0.0488256
0.0629258 0.0462867 9.9964E-05 0.0523929 0.083085 9.9964E-05 9.9964E-05 0.75491 9.9964E-05
0.070621 0.16848 9.9946E-05 9.9946E-05 9.9946E-05 9.9946E-05 9.9946E-05 0.760299 9.9946E-05
0.0682332 0.147631 9.9955E-05 0.0662411 9.9955E-05 9.9955E-05 9.9955E-05 0.717395 9.9955E-05
9.9955E-05 0.141466 9.9955E-05 0.0201396 9.9955E-05 9.9955E-05 9.9955E-05 0.7594 0.0784942
0.0659541 0.157295 9.9982E-05 0.00367942 9.9982E-05 0.00482679 0.0219434 0.741973 0.00412882
0.00555654 0.0600046 0.0684833 0.0579228 9.9991E-05 0.00200323 0.00871239 0.79226 0.00495753
0.078965 0.0705157 9.99551E-05 9.99551E-05 9.99551E-05 9.99551E-05 0.0020991 0.84792 9.99551E-05
0.475238 0.0665648 0.0704792 0.0691074 0.0416446 0.257464 9.9982E-05 0.019302 9.9982E-05
0.485559 0.0273862 0.0379104 0.0661245 0.054265 0.212842 0.0618563 0.0539566 9.9991E-05
9.9955E-05 9.9955E-05 9.9955E-05 9.9955E-05 0.118561 0.768385 0.0768632 0.0356915 9.9955E-05
0.469818 0.068232 0.0744637 0.0807128 0.0497023 0.178614 0.0476664 0.00811297 0.0226783
0.368675 0.0552493 0.00429377 0.00791932 0.139848 0.423715 9.9973E-05 9.9973E-05 9.9973E-05
0.512365 0.0241019 9.9973E-05 0.0217195 9.9973E-05 0.318403 0.0860727 0.0370381 9.9973E-05
0.440301 0.0213933 9.9982E-05 0.0692545 0.00871552 0.359041 0.0739892 0.0271054 9.9982E-05
0.436467 0.00999682 9.9955E-05 0.105692 9.9955E-05 0.447344 9.9955E-05 9.9955E-05 9.9955E-05
9.9964E-05 9.9964E-05 0.110041 9.9964E-05 0.0960335 0.715555 0.0279865 0.0499842 9.9964E-05
0.527287 0.0259032 0.0507709 0.022878 0.0467605 0.208378 9.9991E-05 0.0832447 0.0346771
0.641257 0.0171819 0.0076241 0.0542568 0.00480708 0.186915 0.00633265 0.0226066 0.0590191
0.519379 0.0595806 0.0216423 0.0273472 0.14531 0.0841549 0.0576541 0.0848325 9.9991E-05
0.25702 0.0434422 9.9964E-05 0.016188 9.9964E-05 0.548495 9.9964E-05 9.9964E-05 0.134455
0.469721 0.0351643 9.9955E-05 9.9955E-05 9.9955E-05 0.437018 0.0575973 9.9955E-05 9.9955E-05
0.4026 0.0575365 0.00244758 0.0119814 0.137799 0.37485 0.0125859 9.9982E-05 9.9982E-05
0.242579 9.9964E-05 0.0181465 0.0941839 9.9964E-05 0.606047 0.0386437 9.9964E-05 9.9964E-05
0.382323 0.0275189 0.0239231 0.0123177 0.075294 0.38912 9.9982E-05 0.0893028 9.9982E-05
0.511278 0.0691954 0.0800574 9.9982E-05 0.0761009 0.180987 9.9982E-05 0.0211966 0.0609847
0.152994 0.0230755 0.0438578 9.9991E-05 0.353625 0.0766146 0.291999 0.0265608 0.031174
0.383994 0.083192 0.15346 0.0432519 0.196927 9.9991E-05 0.0258145 0.0382315 0.0750293
0.488605 9.9991E-05 0.0719418 0.0266359 0.20702 0.030371 0.0680939 0.0740485 0.0331839
0.610472 0.00816374 0.0140684 9.9991E-05 0.040736 0.154565 0.0810149 0.087439 0.00344115
0.383359 0.0209369 0.00690641 9.9973E-05 0.526319 9.9973E-05 0.0537986 0.00838055 9.9973E-05
0.50488 9.9964E-05 0.0347923 0.0758976 0.29603 9.9964E-05 0.0880007 9.9964E-05 9.9964E-05
0.393487 9.9964E-05 0.0988827 9.9964E-05 0.410869 9.9964E-05 0.0647732 0.0315877 9.9964E-05
0.490615 0.00478115 0.100491 9.9982E-05 0.156888 9.9982E-05 0.0277332 0.0855544 0.133737
0.554677 9.9982E-05 0.13625 0.0463773 0.12815 0.0347391 9.9982E-05 0.0671468 0.0324595
0.538414 0.0235413 9.9973E-05 9.9973E-05 0.280913 0.0369232 0.107212 0.0126966 9.9973E-05
0.414121 0.0264024 0.100457 9.9973E-05 0.319398 0.0744413 0.0648807 9.9973E-05 9.9973E-05
0.545019 9.9982E-05 0.100697 0.036004 0.0135398 0.111324 9.9982E-05 0.111095 0.0821203
0.491534 0.0688458 9.9982E-05 0.0221854 0.044449 9.9982E-05 0.192733 0.0737009 0.106352
0.57992 9.9973E-05 0.113378 0.0425924 0.129779 0.0625814 0.0714487 9.9973E-05 9.9973E-05
0.509518 9.9982E-05 0.0707578 0.0473896 0.136501 9.9982E-05 0.0279844 0.0725621 0.135087
0.558378 0.0094885 0.167148 0.0416634 0.0918743 0.076267 0.0366733 9.9991E-05 0.0184082
0.337265 0.0406376 0.040968 0.00548792 0.241215 9.9991E-05 0.122556 0.112692 0.0990782
0.588384 9.9982E-05 0.0738135 0.0629871 0.152144 9.9982E-05 0.00476384 0.000491826 0.117215
0.585191 0.0150915 0.0462832 0.0897587 0.0954715 9.9982E-05 0.113632 9.9982E-05 0.0543725
0.0929821 9.9982E-05 0.0603904 0.0967893 0.524009 0.141346 0.00524133 9.9982E-05 0.0790411
0.0668219 9.9991E-05 0.0589605 0.0777039 0.266123 0.147615 0.121771 0.012471 0.248435
0.547691 0.0461375 0.113827 0.0263326 0.0682001 0.0349757 0.0182808 0.0482804 0.0962739
9.9973E-05 9.9973E-05 0.14162 0.0703582 0.215951 0.226288 0.17322 9.9973E-05 0.172262
0.189144 0.0179928 0.0747802 9.9982E-05 0.510443 0.0868506 0.0948363 0.025753 9.9982E-05
0.405775 9.9964E-05 0.0465777 9.9964E-05 0.37664 0.124551 9.9964E-05 0.0460568 9.9964E-05
0.211243 0.0392287 0.134028 9.9973E-05 0.480287 0.0945198 0.0403941 9.9973E-05 9.9973E-05
0.229058 9.9973E-05 0.0612805 9.9973E-05 0.567658 0.0451141 0.0638219 9.9973E-05 0.0327683
0.532958 0.0712399 9.9991E-05 0.0402504 0.150816 0.112944 0.00892621 0.011553 0.0712115
0.542778 9.9991E-05 0.0422014 0.0660335 0.0786787 0.0652529 0.0295868 0.109209 0.0661602
0.414093 0.0295708 0.0372222 0.073498 0.219589 9.9991E-05 0.178746 0.0316012 0.0155796
0.0579399 9.9982E-05 0.0461726 0.0739502 0.390278 0.0794938 0.0897611 9.9982E-05 0.262205
0.584761 9.9964E-05 9.9964E-05 9.9964E-05 0.103736 0.12033 9.9964E-05 0.157092 0.033681
0.453861 9.9991E-05 0.0213676 0.0604454 0.144949 0.0613181 0.0390573 0.0426173 0.176285
0.00255381 9.9982E-05 0.0775313 9.9982E-05 0.0667787 0.194401 0.167519 0.0957405 0.395276
0.628312 0.00301911 9.9982E-05 9.9982E-05 0.0366469 0.0670459 0.0731915 0.103124 0.0884609
0.418432 0.005633 0.0326044 0.00744779 0.0796463 0.119943 9.9991E-05 0.0551794 0.281014
0.526277 0.0184875 0.0544932 0.0371239 0.0412555 0.100896 0.0696863 0.058039 0.0937417
0.261311 0.0139664 0.0314741 9.9991E-05 0.0823868 0.0406007 0.12842 0.0903085 0.351432
0.177615 0.0520042 0.0426339 9.9991E-05 0.218139 0.00852556 0.130143 0.0419194 0.32892
0.403143 0.0313104 0.158212 9.9982E-05 9.9982E-05 0.0644278 0.17641 0.0268813 0.139415
0.479081 0.0127233 0.0303847 0.0592406 0.0993423 0.0131396 0.0732004 0.0544258 0.178463
0.419656 9.9973E-05 9.9973E-05 0.0555721 0.226248 0.0335762 9.9973E-05 0.0887937 0.175854
9.9973E-05 0.020095 9.9973E-05 0.150584 0.214614 0.216542 0.101286 9.9973E-05 0.296579
0.543598 0.0402795 9.9991E-05 0.0884959 0.0833593 0.125552 0.0177075 0.0334566 0.0674515
0.369044 9.9973E-05 0.0100959 9.9973E-05 0.177107 0.113194 0.0243742 9.9973E-05 0.305885
0.468924 9.9973E-05 0.0147777 9.9973E-05 0.124313 0.129614 0.101056 9.9973E-05 0.161016
0.476562 9.9982E-05 0.0245527 0.0763098 0.0817717 0.184415 0.0228114 0.133378 9.9982E-05
0.114945 0.0824794 0.0296871 0.267544 0.0699963 9.9982E-05 9.9982E-05 0.224145 0.211004
9.9955E-05 0.0471599 9.9955E-05 0.165041 9.9955E-05 9.9955E-05 9.9955E-05 0.43617 0.351129
9.9955E-05 0.0468814 9.9955E-05 0.160008 9.9955E-05 9.9955E-05 9.9955E-05 0.369694 0.422917
0.019234 9.9973E-05 0.0209364 0.376484 0.0408004 9.9973E-05 9.9973E-05 0.378292 0.163954
0.673108 9.9955E-05 9.9955E-05 9.9955E-05 9.9955E-05 0.0363543 0.0175504 9.9955E-05 0.272487
0.539293 0.00626922 0.0956112 9.9982E-05 0.172003 0.0165103 9.9982E-05 0.089048 0.0810651
0.257964 0.00978532 9.9964E-05 0.631277 0.0714511 9.9964E-05 0.0291223 9.9964E-05 9.9964E-05
0.229207 0.0333893 0.0101142 0.461989 0.157411 0.103615 0.00266679 0.00150817 9.9991E-05
0.222143 0.0451334 9.9991E-05 0.376286 0.131407 0.104281 0.0250761 0.0859027 0.00967087
0.288457 9.9964E-05 9.9964E-05 9.9964E-05 0.0887277 0.0458278 0.160325 9.9964E-05 0.416262
0.514694 0.0159955 0.0952649 0.0457341 0.0433561 0.0707137 0.0770606 0.0912668 0.0459143
0.189409 9.9964E-05 9.9964E-05 9.9964E-05 0.0859622 0.0336589 0.213471 9.9964E-05 0.477099
0.596126 9.9964E-05 9.9964E-05 9.9964E-05 0.0403615 0.097553 0.0217762 9.9964E-05 0.243784
0.492674 9.9982E-05 0.00235249 9.9982E-05 0.0449443 0.0652433 0.189465 0.0395558 0.165565
0.563459 0.000877959 0.0657966 9.9982E-05 0.106529 0.0144837 0.0130764 9.9982E-05 0.235577
0.237627 9.9973E-05 0.00940381 9.9973E-05 0.0852104 0.0948073 0.133743 9.9973E-05 0.438908
0.576928 0.0211832 0.013266 0.0485644 0.0817883 0.1213 0.0329527 0.0220599 0.0819579
0.541511 0.0156806 0.079682 9.9991E-05 0.012894 0.136677 0.0642117 0.11485 0.0343934
0.00350345 9.9964E-05 9.9964E-05 0.889073 9.9964E-05 0.0442467 0.0208895 0.0418872 9.9964E-05
0.0767204 9.9964E-05 9.9964E-05 0.909594 0.00785782 0.00441299 0.00101514 9.9964E-05 9.9964E-05
0.246109 0.0796669 9.9973E-05 0.559354 0.0143989 0.0569412 9.9973E-05 0.0432299 9.9973E-05
0.278831 9.9946E-05 0.0520829 0.668486 9.9946E-05 9.9946E-05 9.9946E-05 9.9946E-05 9.9946E-05
0.13831 9.9955E-05 9.9955E-05 0.819058 9.9955E-05 0.0315297 9.9955E-05 0.0106026 9.9955E-05
9.993E-05 9.993E-05 9.993E-05 0.999201 9.993E-05 9.993E-05 9.993E-05 9.993E-05 9.993E-05
9.9946E-05 9.9946E-05 0.0667955 0.918716 9.9946E-05 9.9946E-05 0.0138892 9.9946E-05 9.9946E-05
0.206346 9.9937E-05 9.9937E-05 0.792954 9.9937E-05 9.9937E-05 9.9937E-05 9.9937E-05 9.9937E-05
0.0485681 9.9946E-05 0.0107617 0.940071 9.9946E-05 9.9946E-05 9.9946E-05 9.9946E-05 9.9946E-05
9.993E-05 9.993E-05 9.993E-05 0.999201 9.993E-05 9.993E-05 9.993E-05 9.993E-05 9.993E-05
9.993E-05 9.993E-05 9.993E-05 0.999201 9.993E-05 9.993E-05 9.993E-05 9.993E-05 9.993E-05
0.122781 0.0523825 9.9964E-05 0.77942 9.9964E-05 0.0234258 0.0215907 9.9964E-05 9.9964E-05
0.143425 9.9955E-05 0.0388597 0.764102 9.9955E-05 9.9955E-05 9.9955E-05 0.0531138 9.9955E-05
9.9937E-05 9.9937E-05 0.0216798 0.977621 9.9937E-05 9.9937E-05 9.9937E-05 9.9937E-05 9.9937E-05
0.31333 0.0247418 0.0707455 0.318418 0.0534916 0.0429044 0.127867 0.048401 9.9991E-05
0.176208 0.0321603 9.9973E-05 0.609257 0.0879576 0.073785 9.9973E-05 0.0203326 9.9973E-05
0.166451 0.029149 0.0290642 0.774413 9.9964E-05 9.9964E-05 9.9964E-05 9.9964E-05 0.000522747
0.0535933 0.0168166 9.9964E-05 0.868054 0.0219122 0.0392243 9.9964E-05 9.9964E-05 9.9964E-05
0.0343712 9.9937E-05 9.9937E-05 0.964929 9.9937E-05 9.9937E-05 9.9937E-05 9.9937E-05 9.9937E-05
0.0930019 9.9973E-05 0.00501923 0.834975 0.00519751 0.0409591 9.9973E-05 0.0205476 9.9973E-05
9.9937E-05 0.0146414 9.9937E-05 0.984659 9.9937E-05 9.9937E-05 9.9937E-05 9.9937E-05 9.9937E-05
0.184739 0.00630022 0.0885613 0.62363 0.0201758 9.9982E-05 0.0315695 0.0448237 9.9982E-05
9.99625E-05 9.99625E-05 0.0248073 0.907581 0.0606687 9.99625E-05 0.00644342 9.99625E-05 9.99625E-05
9.9955E-05 9.9955E-05 9.9955E-05 0.0120922 9.9955E-05 9.9955E-05 0.0590747 0.312768 0.615565
0.394046 0.0115653 0.121522 0.0923755 0.0228892 0.0253729 0.0337808 0.05748 0.240969
0.410702 0.0381942 0.076889 0.0638125 0.0255937 0.0592016 0.00236559 0.164754 0.158487
0.164703 0.0811377 0.040657 0.100342 9.9991E-05 0.00791782 0.0564386 0.102973 0.445731
0.370771 0.00543803 0.0275124 0.16273 0.131354 9.9991E-05 0.0882613 0.0956576 0.118176
0.205821 0.0270699 9.9982E-05 0.0981609 9.9982E-05 0.0161188 0.01827 0.181514 0.452845
0.407403 0.0422489 0.0158741 0.0593454 0.0246853 9.9991E-05 0.154228 0.226091 0.0700242
0.29046 9.9964E-05 9.9964E-05 0.145832 9.9964E-05 0.0388661 9.9964E-05 0.142073 0.382369
0.366282 0.0727736 9.9991E-05 0.119765 0.0132617 0.0432745 0.0877281 0.122061 0.174754
0.274622 0.0394322 9.9973E-05 0.205133 9.9973E-05 9.9973E-05 0.0187688 0.10192 0.359823
0.425261 0.0517885 0.0104399 0.108145 0.0694141 9.9991E-05 0.000275242 0.110328 0.224248
0.0592616 9.9964E-05 0.0871802 9.9964E-05 9.9964E-05 9.9964E-05 0.0220199 0.80971 0.0214285
9.9955E-05 0.0426023 9.9955E-05 0.0491453 9.9955E-05 9.9955E-05 0.0474473 0.860305 9.9955E-05
9.9964E-05 0.0316086 0.0100496 9.9964E-05 0.0230494 0.00373389 9.9964E-05 0.931159 9.9964E-05
0.0384329 0.0115758 0.0384814 9.9955E-05 9.9955E-05 9.9955E-05 9.9955E-05 0.91101 9.9955E-05
0.00445682 0.134093 0.0184123 0.0261952 0.0292735 9.9982E-05 9.9982E-05 0.759631 0.027739
9.9955E-05 0.113487 9.9955E-05 0.0679911 9.9955E-05 9.9955E-05 0.0358885 0.782133 9.9955E-05
0.0400916 0.0808485 9.9964E-05 0.0534818 9.9964E-05 0.00939718 9.9964E-05 0.815781 9.9964E-05
9.9955E-05 0.0583666 9.9955E-05 9.9955E-05 9.9955E-05 9.9955E-05 0.0468056 0.82919 0.0651382
0.0465124 0.0362333 9.9964E-05 9.9964E-05 0.023115 9.9964E-05 0.0112133 0.882526 9.9964E-05
9.9955E-05 0.00837549 9.9955E-05 0.103108 9.9955E-05 9.9955E-05 9.9955E-05 0.827777 0.06024
9.9982E-05 0.0520257 0.0816045 9.9982E-05 0.179607 0.0767512 0.039178 0.56246 0.00817291
9.9973E-05 0.0287718 0.225284 9.9973E-05 0.127634 0.0449503 0.0343132 0.538747 9.9973E-05
9.9982E-05 0.0321002 0.0865932 9.9982E-05 0.210033 0.0431176 0.0399054 0.472936 0.115115
9.9964E-05 9.9964E-05 0.0750428 9.9964E-05 0.307801 0.0686838 9.9964E-05 0.500678 0.0473942
0.463103 0.0530938 0.0205977 9.9982E-05 0.155009 0.261005 0.0344837 0.0125084 9.9982E-05
0.484673 9.9973E-05 0.0478662 9.9973E-05 0.125039 0.219701 0.0592539 0.063167 9.9973E-05
0.468079 9.9982E-05 0.109998 0.0325068 0.176032 0.147839 0.016058 0.0492865 9.9982E-05
0.290686 0.020705 0.0401459 9.9991E-05 0.277529 0.232191 0.0446201 0.0705791 0.0234439
0.0726399 0.00855513 0.227324 9.9964E-05 0.54576 0.145321 9.9964E-05 9.9964E-05 9.9964E-05
0.560193 0.0421173 9.9982E-05 0.0167766 0.0118898 0.191344 0.144909 0.0325702 9.9982E-05
0.51491 9.9964E-05 9.9964E-05 0.00241575 0.163241 0.306207 9.9964E-05 9.9964E-05 0.0128261
0.528437 0.00947643 0.0702137 0.00286636 0.069207 0.252985 0.044089 9.9991E-05 0.0226263
0.360977 9.9973E-05 0.00630993 0.0109959 9.9973E-05 0.557639 0.03399 9.9973E-05 0.0297876
0.638399 0.0134869 0.0736887 0.0066945 0.00524322 0.105756 0.0912965 0.0653347 9.9991E-05
0.423878 9.9964E-05 0.120635 9.9964E-05 0.0466956 0.354208 0.0541842 9.9964E-05 9.9964E-05
9.9946E-05 9.9946E-05 0.0459813 9.9946E-05 9.9946E-05 0.707545 0.245874 9.9946E-05 9.9946E-05
0.535241 9.9982E-05 0.0696494 9.9982E-05 0.208544 0.0194277 0.0412936 0.0558268 0.0698184
0.228467 0.0202598 9.9964E-05 9.9964E-05 9.9964E-05 0.502202 0.116544 9.9964E-05 0.132127
0.457483 0.00563616 9.9973E-05 9.9973E-05 0.0558315 0.385627 0.0574681 9.9973E-05 0.0376544
0.0376201 9.9973E-05 0.0652843 9.9973E-05 0.138883 0.658397 0.0421044 0.0574112 9.9973E-05
0.00510566 0.00651194 0.883387 0.017962 9.9982E-05 0.000472218 9.9982E-05 0.00978015 0.0765813
0.0550745 9.9946E-05 0.861591 9.9946E-05 9.9946E-05 9.9946E-05 9.9946E-05 9.9946E-05 0.0827346
9.9937E-05 9.9937E-05 0.988637 9.9937E-05 9.9937E-05 9.9937E-05 9.9937E-05 9.9937E-05 0.0106633
9.9955E-05 9.9955E-05 0.880884 9.9955E-05 9.9955E-05 0.012861 9.9955E-05 0.046317 0.0594384
9.9964E-05 9.9964E-05 0.87257 0.0378511 0.0219605 0.00211023 9.9964E-05 9.9964E-05 0.0651088
0.0949324 9.9964E-05 0.838945 0.0421293 9.9964E-05 9.9964E-05 0.00132725 9.9964E-05 0.0222659
0.0803901 0.065538 0.00950499 9.9964E-05 9.9964E-05 0.019802 9.9964E-05 0.824365 9.9964E-05
0.0740486 0.052166 9.9964E-05 0.0312368 0.0283603 9.9964E-05 9.9964E-05 0.813788 9.9964E-05
0.121695 0.0579801 9.9955E-05 0.0987044 9.9955E-05 9.9955E-05 9.9955E-05 0.72112 9.9955E-05
0.066861 0.0385479 9.9964E-05 0.0950095 0.0677419 9.9964E-05 9.9964E-05 0.73144 9.9964E-05
0.0397581 0.004658 9.9973E-05 0.101637 0.0749533 9.9973E-05 9.9973E-05 0.773728 0.00496601
9.9964E-05 0.0467926 0.456014 9.9964E-05 0.170511 9.9964E-05 9.9964E-05 0.274553 0.0517293
9.99708E-05 9.99708E-05 0.358882 9.99708E-05 0.0257771 0.121129 0.00885288 0.484959 9.99708E-05
9.9973E-05 0.0291723 0.451641 9.9973E-05 0.0448109 0.0248406 0.0661651 0.38307 9.9973E-05
9.993E-05 0.999201 9.993E-05 9.993E-05 9.993E-05 9.993E-05 9.993E-05 9.993E-05 9.993E-05
9.9982E-05 0.0522855 0.503375 9.9982E-05 0.0349293 0.0770374 0.0128153 0.316555 0.00280259
0.281188 9.9964E-05 9.9964E-05 0.32979 0.00844423 9.9964E-05 9.9964E-05 0.216512 0.163667
0.476066 0.0566226 0.0860888 0.223308 9.9982E-05 0.0368861 0.0423333 0.0784954 9.9982E-05
0.51874 0.00243759 9.9964E-05 0.263282 0.00857647 9.9964E-05 9.9964E-05 0.206565 9.9964E-05
0.360307 0.00170605 0.0395012 0.189729 9.9982E-05 0.0558475 9.9982E-05 0.270307 0.0824031
0.45783 0.0779066 0.0368484 0.148042 0.0376692 0.0917519 9.9991E-05 0.131386 0.0184653
9.9946E-05 9.9946E-05 9.9946E-05 0.329114 9.9946E-05 9.9946E-05 9.9946E-05 0.426995 0.243292
0.390585 0.0189521 0.16039 9.9973E-05 0.296559 0.120604 9.9973E-05 9.9973E-05 0.0126108
0.319226 9.9973E-05 0.0671132 9.9973E-05 0.223105 0.0664368 0.182668 9.9973E-05 0.141151
0.117925 0.0732463 0.0667154 9.9973E-05 0.644789 9.9973E-05 0.0693363 0.0276889 9.9973E-05
0.353796 9.9982E-05 0.0442852 9.9982E-05 0.149739 0.160757 0.228198 0.0595625 0.0034631
9.9964E-05 9.9964E-05 0.0181212 9.9964E-05 0.135023 0.185046 0.342217 9.9964E-05 0.319193
0.48133 0.0486005 0.0747468 0.0458243 0.0704066 0.151229 9.9991E-05 0.0488491 0.0789134
0.411583 0.0418702 0.0664478 9.9982E-05 0.173441 0.0589726 0.152415 9.9982E-05 0.0950699
0.177772 0.0552513 9.9982E-05 9.9982E-05 0.622399 0.0558892 0.0391032 0.0310601 0.0183251
0.478047 9.9991E-05 0.1114 0.107069 0.174547 0.00856084 0.0357531 0.0173367 0.0671868
0.0651859 9.9973E-05 0.0153251 9.9973E-05 0.41531 0.130411 0.120361 9.9973E-05 0.253107
0.445022 9.9973E-05 0.0735562 9.9973E-05 0.111434 0.0146683 0.26167 9.9973E-05 0.0933493
0.46192 0.0149959 0.138645 0.0196237 0.265929 0.0262452 0.0320978 9.9991E-05 0.0404433
0.277954 9.9982E-05 0.0300237 0.243858 0.0878716 0.116832 9.9982E-05 0.149204 0.0940567
0.332748 9.9964E-05 0.0156097 9.9964E-05 0.353856 9.9964E-05 0.243396 9.9964E-05 0.0539899
0.371837 9.9982E-05 0.120328 9.9982E-05 0.261725 0.116659 0.0428418 0.0325339 0.0538762
0.392113 9.9991E-05 0.0498183 0.0959267 0.206051 0.0759717 0.107074 0.0293566 0.0435892
0.489255 9.9982E-05 0.135395 9.9982E-05 0.104107 0.0890921 0.0892171 0.00629948 0.0864352
0.581547 0.0447117 0.0727268 0.0263978 0.21671 9.9973E-05 0.0576061 9.9973E-05 9.9973E-05
0.442878 0.0693539 9.9982E-05 0.0831221 0.165017 0.154714 0.0440052 0.04071 9.9982E-05
0.390456 0.00864228 0.0218992 0.0953611 0.230112 0.0859112 0.0353131 0.102793 0.0295126
0.146214 9.9946E-05 9.9946E-05 0.0716515 9.9946E-05 9.9946E-05 9.9946E-05 0.781535 9.9946E-05
0.0955387 0.00474979 9.9955E-05 9.9955E-05 9.9955E-05 9.9955E-05 0.0397852 0.859427 9.9955E-05
0.0641922 9.9964E-05 0.0196533 9.9964E-05 0.0578415 9.9964E-05 9.9964E-05 0.770423 0.0874906
9.9973E-05 0.0297078 0.0669942 0.0472727 9.9973E-05 0.0690084 0.00168241 0.785035 9.9973E-05
0.139911 0.0565258 9.9946E-05 9.9946E-05 9.9946E-05 9.9946E-05 9.9946E-05 0.802963 9.9946E-05
0.0384809 9.9982E-05 0.0706628 0.00798195 0.793071 0.00936865 9.9982E-05 0.0353242 0.0449102
0.411283 0.0241508 9.9982E-05 0.0673103 0.214434 0.0507086 0.181025 9.9982E-05 0.0508883
0.391566 0.054802 0.0131263 0.144756 0.0177971 0.0329177 0.115544 0.210688 0.0188022
0.585651 0.0469812 0.0825911 0.0459522 0.169166 9.9982E-05 0.0630479 0.00641084 9.9982E-05
0.508069 9.9982E-05 0.0700676 9.9982E-05 0.201163 0.0901526 0.0127822 0.10756 0.0100061
0.178736 0.0196345 0.0712988 0.0297287 0.502743 9.9982E-05 0.119016 9.9982E-05 0.0786429
9.9973E-05 0.0390683 0.108291 9.9973E-05 0.598164 0.00298462 9.9973E-05 0.114279 0.136914
0.462407 0.0461301 0.196931 0.0181611 0.186859 0.0434707 0.0248152 0.0211258 9.9991E-05
0.0858693 0.00284199 0.178666 0.0536026 0.378324 0.0739656 0.158337 0.0682935 9.9991E-05
0.325011 9.9991E-05 0.0620868 0.000558703 0.192255 0.132272 0.139313 0.0320098 0.116394
0.0255977 9.9982E-05 0.0839776 0.0106583 0.543956 0.0478437 0.141881 0.145886 9.9982E-05
0.518676 0.0155133 0.0713343 0.0818196 0.149021 0.0589776 9.9991E-05 0.09967 0.00488875
0.0559389 0.000597696 0.00461727 9.9991E-05 0.702628 0.00529308 0.104063 0.101656 0.0251054
0.275172 9.9982E-05 0.0650105 0.05491 0.390375 0.0722967 0.0493671 9.9982E-05 0.0926684
0.470513 9.9991E-05 0.0708592 0.0441927 0.134577 0.0486909 0.00678684 0.0197299 0.204551
0.281894 9.9964E-05 0.130667 9.9964E-05 0.0591635 9.9964E-05 0.0335904 9.9964E-05 0.494286
0.457378 0.0336877 0.0910869 9.9982E-05 0.099398 0.128792 9.9982E-05 0.0160313 0.173426
0.494259 0.0367174 0.0317776 9.9973E-05 0.0540564 9.9973E-05 9.9973E-05 0.0836942 0.299196
0.324509 9.9973E-05 0.0966975 9.9973E-05 0.0100042 0.0917699 0.0770061 9.9973E-05 0.399713
0.41968 0.0737255 0.0282112 0.0773893 0.0691533 0.10473 0.00644225 0.0795253 0.141144
0.467639 9.9973E-05 0.0974938 9.9973E-05 9.9973E-05 0.0381339 0.107364 0.00600298 0.283067
0.0772104 9.9964E-05 0.149173 9.9964E-05 9.9964E-05 0.0922227 0.201942 9.9964E-05 0.479052
0.310718 9.9964E-05 0.0331502 9.9964E-05 9.9964E-05 0.0384033 0.0493535 9.9964E-05 0.567975
0.555264 0.0193974 0.0592783 9.9973E-05 0.0209949 9.9973E-05 0.0369332 9.9973E-05 0.307832
0.114066 9.9973E-05 0.053599 9.9973E-05 0.1331 0.240368 0.069889 9.9973E-05 0.388678
0.418753 9.9964E-05 0.0154608 9.9964E-05 0.125011 0.0971422 9.9964E-05 9.9964E-05 0.343234
0.000902242 9.9982E-05 0.101854 0.0189863 0.728128 0.0504391 9.9982E-05 0.0654441 0.0340462
0.16874 9.9982E-05 0.0841387 0.0243369 0.384206 0.0179702 0.303144 9.9982E-05 0.0172646
0.271014 0.0140065 0.0553106 0.111185 0.438577 9.9973E-05 0.109607 9.9973E-05 9.9973E-05
0.640552 0.010425 0.0157093 0.0691682 0.175238 9.9982E-05 0.0010631 9.9982E-05 0.087644
0.14225 0.0279947 0.104244 0.0264896 0.643593 0.0403485 0.0118388 9.9991E-05 0.00314213
0.366679 0.0504297 0.0256751 0.161087 0.215559 9.9991E-05 0.080376 0.0101165 0.0899785
0.39966 0.029906 0.0281429 0.167009 0.342217 9.9982E-05 9.9982E-05 0.01432 0.0185456
0.36806 9.9973E-05 0.0263261 0.0902909 0.443539 9.9973E-05 0.0193084 9.9973E-05 0.0521763
0.451897 0.00873947 0.0860616 0.0889151 0.236224 0.05165 0.0653584 0.0110538 9.9991E-05
0.338367 0.021413 0.174609 0.0617115 0.268356 0.113009 9.9982E-05 0.0223344 9.9982E-05
0.0827692 0.0176268 0.0908367 0.0592062 0.630544 0.118717 9.9973E-05 9.9973E-05 9.9973E-05
0.261088 9.9982E-05 0.137259 0.0777036 0.323422 0.064167 0.132655 0.00350659 9.9982E-05
0.600538 9.9982E-05 0.0927755 0.0619956 0.16999 0.041789 0.00216635 9.9982E-05 0.0305461
0.558051 9.9982E-05 9.9982E-05 0.0700805 0.174508 0.0194115 0.106479 0.0107602 0.0605097
0.460751 0.0155546 0.131635 9.9991E-05 0.163064 0.031654 0.140026 0.0302441 0.0269723
0.420733 9.9964E-05 0.111468 0.115804 0.123613 9.9964E-05 0.227981 9.9964E-05 9.9964E-05
0.281395 0.014684 0.110593 0.0105682 0.380542 0.0360694 9.9991E-05 0.123154 0.0428956
0.578014 9.9973E-05 0.0796193 0.0105112 0.224044 0.0636163 9.9973E-05 0.0438952 9.9973E-05
0.449792 9.9982E-05 0.020186 0.0552493 0.372935 9.9982E-05 0.0347742 0.0350417 0.0318218
0.416478 0.0328003 0.0177225 0.179178 0.14915 0.12596 0.0734106 0.00520112 9.9991E-05
0.445531 0.0483327 9.9982E-05 0.110984 0.00135438 0.0564589 9.9982E-05 0.293598 0.0435412
0.412513 0.0392573 9.9991E-05 0.204131 0.0270056 0.130702 0.0026106 0.126513 0.0571674
0.474547 0.0634145 9.9973E-05 0.166315 0.118032 9.9973E-05 9.9973E-05 0.132122 0.0452697
0.462322 0.0575246 9.9991E-05 0.180952 0.108612 0.0733756 0.0675388 0.00211624 0.0474599
0.449043 0.00656807 9.9991E-05 0.154019 0.0712286 0.00518344 0.0848582 0.222813 0.00618688
0.408078 9.9973E-05 9.9973E-05 0.0355134 0.316613 0.0438127 0.103753 9.9973E-05 0.0919298
0.460961 0.0288305 9.9982E-05 0.0801934 0.123383 0.0215417 0.0938326 0.191058 9.9982E-05
9.9964E-05 9.9964E-05 9.9964E-05 0.110614 0.191654 0.0371897 9.9964E-05 0.242475 0.417668
0.512082 0.0226691 0.0529571 0.110463 0.102931 0.059764 9.9991E-05 0.132813 0.00622152
0.546088 0.00443882 0.0541142 0.16949 0.0580567 0.0728576 0.0536612 0.0411931 9.9991E-05
0.408937 0.0234683 0.0113423 0.238812 0.0869878 0.0398872 0.0546572 0.0554717 0.0804364
0.288122 0.0364363 9.9991E-05 0.123708 0.123277 0.0583993 0.0782654 0.194819 0.0968729
0.505692 9.9964E-05 0.0590367 0.174472 9.9964E-05 9.9964E-05 9.9964E-05 0.165413 0.0949867
0.538359 0.0616597 9.9973E-05 0.137451 9.9973E-05 9.9973E-05 0.0820081 0.06914 0.111083
9.9964E-05 0.0395088 9.9964E-05 0.208052 9.9964E-05 9.9964E-05 0.0360079 0.414373 0.301658
0.524435 0.0464352 9.9982E-05 0.172607 0.0344043 0.0734282 9.9982E-05 0.144513 0.00397824
0.405627 0.0471786 9.9991E-05 0.229888 0.0720791 0.023156 0.0418699 0.113646 0.0664558
0.587443 0.0100619 9.9991E-05 0.0423592 0.0230665 0.0151696 0.100178 0.0948433 0.126779
0.575762 0.0249116 9.9964E-05 0.14034 9.9964E-05 9.9964E-05 9.9964E-05 0.202766 0.0558201
0.509798 0.0528349 0.0354669 0.0954246 0.0804037 9.9991E-05 0.0925533 0.116105 0.0173137
0.311175 0.0338463 0.0649276 0.0745 9.9973E-05 0.110278 0.404973 9.9973E-05 9.9973E-05
0.458654 9.9982E-05 9.9982E-05 0.108914 0.0723724 0.0278306 0.165977 0.0901592 0.0758926
9.9937E-05 9.9937E-05 9.9937E-05 9.9937E-05 0.13645 9.9937E-05 0.862851 9.9937E-05 9.9937E-05
9.9946E-05 9.9946E-05 0.00519136 9.9946E-05 0.058307 9.9946E-05 0.935902 9.9946E-05 9.9946E-05
0.372087 0.0444556 0.0110996 0.109236 0.0657773 9.9982E-05 0.351598 0.0455466 9.9982E-05
0.397406 9.9973E-05 9.9973E-05 0.311655 0.0604566 9.9973E-05 0.0654471 0.0765531 0.0881817
0.32141 0.0351755 9.9973E-05 0.3217 9.9973E-05 9.9973E-05 0.205494 0.0786044 0.0373165
0.178758 0.0410831 9.9991E-05 0.2613 0.0424784 0.0177023 0.163703 0.204987 0.0898882
0.267983 0.051305 9.9982E-05 0.251617 0.0116734 9.9982E-05 0.252042 0.157749 0.00743132
0.0173039 9.9964E-05 9.9964E-05 0.119317 9.9964E-05 9.9964E-05 0.668334 0.0546925 0.139953
0.074076 0.041904 9.9973E-05 0.0919844 9.9973E-05 9.9973E-05 0.724941 0.0517699 0.0150244
0.457979 0.0278077 9.9973E-05 0.108965 0.00219423 0.0675615 0.335192 9.9973E-05 9.9973E-05
0.402628 9.9964E-05 9.9964E-05 0.0960698 0.014789 9.9964E-05 0.450628 0.0354851 9.9964E-05
0.10568 0.0585799 9.9964E-05 0.0870322 9.9964E-05 9.9964E-05 0.702302 0.0460066 9.9964E-05
0.469373 0.0196167 9.9973E-05 0.108326 0.068532 9.9973E-05 0.306912 0.0269407 9.9973E-05
0.416625 0.0275762 0.0125705 0.142647 9.9964E-05 9.9964E-05 0.400181 9.9964E-05 9.9964E-05
0.374615 9.9982E-05 0.0316326 0.191767 0.0597655 9.9982E-05 0.235119 0.0835128 0.0233884
0.234588 9.9973E-05 0.0642037 9.9973E-05 0.0497114 0.00218063 0.635573 0.0134435 9.9973E-05
0.241698 0.0573452 9.9982E-05 0.00980239 0.101569 0.0895667 0.49398 9.9982E-05 0.00583872
0.44366 0.0562494 0.0604185 0.071574 9.9991E-05 0.0466874 0.261785 0.00206769 0.0574575
0.312184 0.0566585 0.13868 0.0726833 9.9964E-05 9.9964E-05 0.419395 9.9964E-05 9.9964E-05
0.395825 9.9982E-05 0.0728206 0.079745 0.11644 9.9982E-05 0.131977 0.0178301 0.185162
0.395099 0.0542366 9.9973E-05 9.9973E-05 0.017211 9.9973E-05 0.482908 0.0162741 0.0339715
0.159511 9.9946E-05 0.0455128 9.9946E-05 9.9946E-05 9.9946E-05 0.794377 9.9946E-05 9.9946E-05
0.488911 9.9964E-05 0.0353394 0.0329143 9.9964E-05 0.055163 0.387273 9.9964E-05 9.9964E-05
0.400283 0.00335061 0.0656583 0.116683 0.00570657 0.076929 0.190172 0.0743099 0.066907
0.135241 9.9964E-05 0.00598187 9.9964E-05 0.0375426 0.019858 0.800976 9.9964E-05 9.9964E-05
0.399432 0.00767089 0.0309264 9.9955E-05 9.9955E-05 9.9955E-05 0.561471 9.9955E-05 9.9955E-05
0.512901 0.0121217 9.9973E-05 0.0555174 9.9973E-05 0.0343575 0.33211 0.0526927 9.9973E-05
0.47896 0.0195679 9.9982E-05 9.9982E-05 0.0786339 0.159542 0.23223 0.0170728 0.0137929
0.350113 0.0737786 0.0224427 0.244779 9.9991E-05 0.0465423 0.134498 0.0500319 0.077715
0.416194 0.00540512 0.0925107 0.169179 0.0134553 0.0364255 0.0710928 0.11985 0.0758875
0.23291 0.0454144 0.12357 0.305283 9.9991E-05 0.0247501 0.0820846 0.0607468 0.125142
0.310112 0.0615997 0.104627 0.207575 0.0199386 0.00527132 0.133428 0.138856 0.0185929
0.430824 0.0121293 0.048529 0.0903708 0.0322017 0.0601093 0.0268809 0.163236 0.135719
0.428286 9.9991E-05 0.0453554 0.187002 0.0325 0.00345248 0.139157 0.131732 0.0324149
9.9973E-05 0.0225872 0.00734836 0.0962144 9.9973E-05 9.9973E-05 0.685202 0.182745 0.0056027
0.563118 0.0236789 0.0863982 0.163144 9.9982E-05 9.9982E-05 0.0838847 0.0569366 0.0226393
9.9964E-05 0.00847678 9.9964E-05 0.099057 9.9964E-05 9.9964E-05 0.404291 0.381599 0.106176
0.403734 0.00876266 9.9964E-05 0.171719 9.9964E-05 9.9964E-05 0.334399 0.0809852 9.9964E-05
0.0132486 9.9955E-05 9.9955E-05 9.9955E-05 9.9955E-05 0.138055 0.779055 9.9955E-05 0.0691424
9.9946E-05 0.0271173 9.9946E-05 9.9946E-05 9.9946E-05 0.103248 0.869035 9.9946E-05 9.9946E-05
0.448648 0.0119505 9.9964E-05 9.9964E-05 0.000158245 0.0555153 0.483328 9.9964E-05 9.9964E-05
0.597685 0.0402951 9.9955E-05 9.9955E-05 9.9955E-05 9.9955E-05 0.347755 0.0137654 9.9955E-05
0.357998 9.9955E-05 9.9955E-05 9.9955E-05 0.0174766 0.0285887 0.595437 9.9955E-05 9.9955E-05
0.422245 0.0212964 0.00694406 9.9973E-05 9.9973E-05 0.013351 0.528336 0.00752758 9.9973E-05
0.496756 0.00605012 9.9955E-05 9.9955E-05 9.9955E-05 0.00892166 0.487772 9.9955E-05 9.9955E-05
0.010023 0.0432857 9.9973E-05 0.0470405 0.0188027 9.9973E-05 0.149819 0.730729 9.9973E-05
9.9964E-05 0.00731272 0.135146 0.127445 9.9964E-05 9.9964E-05 0.044599 0.685097 9.9964E-05
9.9964E-05 0.0301662 0.00105784 0.0687028 0.000494019 9.9964E-05 9.9964E-05 0.899179 9.9964E-05
0.0411899 0.149818 9.9955E-05 9.9955E-05 9.9955E-05 9.9955E-05 9.9955E-05 0.781827 0.0266656
0.440564 0.0324261 0.0210985 0.0294627 0.0237602 0.392305 9.9982E-05 9.9982E-05 0.0601841
0.474645 9.9982E-05 0.0157976 0.0177215 0.0892184 0.289297 9.9982E-05 0.106202 0.00691887
0.417548 0.060481 9.9964E-05 9.9964E-05 0.0641419 0.455686 0.00174392 9.9964E-05 9.9964E-05
0.571721 9.9964E-05 0.0387034 9.9964E-05 9.9964E-05 0.256146 9.9964E-05 0.07474 0.0582897
0.490012 0.0397238 0.192042 0.0284068 9.9982E-05 0.165838 9.9982E-05 0.0178974 0.0658796
0.152164 9.9973E-05 0.0854485 9.9973E-05 0.133323 0.528753 0.000914483 9.9973E-05 0.0990971
0.571047 9.9955E-05 9.9955E-05 9.9955E-05 0.0305046 0.350672 0.0472771 9.9955E-05 9.9955E-05
0.392385 0.034006 9.9964E-05 9.9964E-05 9.9964E-05 0.450883 0.0048019 9.9964E-05 0.117524
0.462668 0.00254078 0.018619 0.139247 0.0132372 0.0467385 0.0656849 0.251165 9.9991E-05
0.368038 9.9982E-05 0.0226714 0.0515636 0.0597305 0.37436 0.119863 9.9982E-05 0.00357333
0.305649 0.00673704 0.0352896 9.9964E-05 0.210944 0.44098 9.9964E-05 9.9964E-05 9.9964E-05
0.486315 9.9955E-05 9.9955E-05 9.9955E-05 0.0433172 0.303795 0.166073 9.9955E-05 9.9955E-05
0.327088 9.9982E-05 0.0209431 0.0738388 0.108405 0.393647 0.0448045 0.0310738 9.9982E-05
0.561976 9.9946E-05 9.9946E-05 9.9946E-05 9.9946E-05 0.379266 0.0581586 9.9946E-05 9.9946E-05
0.424151 0.027943 0.0472298 0.0567199 0.105082 0.236263 0.085046 0.0174654 9.9991E-05
0.0356159 9.9955E-05 9.9955E-05 9.9955E-05 9.9955E-05 0.844069 0.114739 9.9955E-05 0.00507607
0.224368 0.010702 9.9982E-05 0.0187797 0.0196703 0.565792 0.0648743 9.9982E-05 0.0956131
0.252787 0.0209194 0.00696613 9.9973E-05 9.9973E-05 0.616349 0.0888266 0.0138519 9.9973E-05
9.9937E-05 9.9937E-05 9.9937E-05 9.9937E-05 9.9937E-05 0.830287 9.9937E-05 9.9937E-05 0.169014
0.304191 0.0202583 0.0799043 0.026384 0.0903145 0.439943 9.9991E-05 0.033608 0.00529735
0.0436271 9.9955E-05 0.00436907 9.9955E-05 9.9955E-05 0.685669 9.9955E-05 9.9955E-05 0.265835
9.9955E-05 9.9955E-05 9.9955E-05 9.9955E-05 9.9955E-05 0.707317 0.00640499 0.01335 0.272428
0.53976 9.9955E-05 9.9955E-05 9.9955E-05 9.9955E-05 0.373478 0.0530127 0.033249 9.9955E-05
0.155235 0.0162171 0.0398229 9.9982E-05 0.190123 0.555455 0.0165385 0.0264085 9.9982E-05
0.419978 9.9982E-05 0.0083435 0.0302421 0.209449 0.281688 9.9982E-05 0.0154463 0.0346538
0.648011 9.9982E-05 0.0254641 0.0113355 9.9982E-05 0.0204997 0.108675 0.123306 0.0625085
0.514529 9.9946E-05 9.9946E-05 9.9946E-05 0.116972 0.367899 9.9946E-05 9.9946E-05 9.9946E-05
0.29421 9.9973E-05 0.0282301 0.0232263 0.42393 9.9973E-05 0.0867108 9.9973E-05 0.143393
0.525677 0.000195091 0.0578789 0.00407196 0.080505 0.27228 0.0511621 0.00813015 9.9991E-05
0.456645 0.0310225 9.9973E-05 0.0346992 0.194322 0.263255 9.9973E-05 9.9973E-05 0.0197573
0.261767 9.9946E-05 9.9946E-05 9.9946E-05 9.9946E-05 0.684006 9.9946E-05 9.9946E-05 0.0536267
0.539697 0.0472189 0.0158291 9.9973E-05 9.9973E-05 0.290516 0.0864033 0.0200355 9.9973E-05
9.9973E-05 0.0878035 0.131272 9.9973E-05 0.13238 9.9973E-05 0.0476973 0.552059 0.0484876
9.9973E-05 0.0810792 0.0293496 9.9973E-05 0.0932653 0.0821167 9.9973E-05 0.697794 0.0160955
9.9973E-05 0.118227 0.0843146 9.9973E-05 0.00798067 0.00535951 9.9973E-05 0.715846 0.0679719
9.9964E-05 0.12746 0.140153 9.9964E-05 9.9964E-05 0.00796858 9.9964E-05 0.656376 0.0676439
0.054231 0.0714411 0.184478 9.9964E-05 9.9964E-05 9.9964E-05 9.9964E-05 0.654866 0.0345832
0.0580219 9.9955E-05 9.9955E-05 9.9955E-05 0.203775 0.676898 9.9955E-05 0.0608049 9.9955E-05
