9.9982E-05 0.874424 0.0885291 0.0368465 9.9982E-05
0.0362562 0.922897 0.0406465 9.9982E-05 9.9982E-05
9.999E-05 0.824827 0.022165 0.0368334 0.116074
9.9982E-05 0.805279 0.121836 0.0726846 9.9982E-05
9.999E-05 0.901198 0.0216874 0.0469366 0.0300778
0.154944 0.593277 0.109444 0.0816539 0.0606798
0.0807238 0.844138 0.0344463 9.9991E-05 0.0405924
0.118652 0.703547 0.150356 0.0273441 9.9991E-05
0.0457978 0.863724 0.0902786 9.9982E-05 9.9982E-05
0.106116 0.679672 0.0309211 0.0986961 0.0845951
0.0652524 0.736452 0.175057 9.9991E-05 0.0231388
0.0959605 9.9991E-05 0.465762 0.0729593 0.365218
9.9991E-05 0.0551601 0.278692 0.142963 0.523085
0.162827 0.056551 0.418218 0.0881172 0.274287
0.0258031 0.0152927 0.405687 0.197075 0.356143
0.109997 0.130033 0.214243 0.140767 0.404959
0.0558323 0.0158602 0.274763 0.199986 0.453559
0.0191145 0.148736 0.310382 0.0394509 0.482317
0.193479 0.0459822 0.615195 0.0895766 0.0557668
0.138809 0.0169406 0.289076 0.103136 0.452038
0.130881 0.0650956 0.194672 0.0815876 0.527764
0.00764851 0.0521108 0.224138 0.064896 0.651207
0.129794 0.0355015 0.321746 0.117519 0.395439
0.0693493 0.0317949 0.244242 0.176215 0.478398
0.0750514 0.0188358 0.532179 0.0870647 0.286869
0.116725 0.0639656 0.370007 0.182556 0.266747
0.132887 9.9991E-05 0.445885 0.0557759 0.365352
9.9982E-05 0.796087 9.9982E-05 0.0970194 0.106693
9.9982E-05 0.807466 9.9982E-05 0.0616895 0.130644
9.9982E-05 0.788773 9.9982E-05 0.0407538 0.170273
9.9982E-05 0.764256 9.9982E-05 0.0779561 0.157588
0.0823496 0.0702665 0.136714 0.0196405 0.69103
0.179072 0.0065342 9.9991E-05 0.0606636 0.75363
0.0342188 0.103666 0.624141 9.9991E-05 0.237874
0.346701 0.027734 0.0531196 0.018657 0.553789
9.9991E-05 0.0556904 0.0565822 0.125532 0.762095
0.10682 0.12428 0.0675445 0.00111105 0.700244
9.9991E-05 0.137405 0.139908 0.0305157 0.692071
0.296795 9.9982E-05 0.190594 9.9982E-05 0.512411
0.083203 0.130635 0.0547154 0.0566933 0.674753
0.404013 9.9982E-05 0.0408348 9.9982E-05 0.554952
0.820681 0.0834104 0.0444162 9.9991E-05 0.0513926
0.225982 9.9982E-05 0.42339 9.9982E-05 0.350428
0.590888 0.00169327 0.177227 0.0436377 0.186554
0.222503 0.131516 0.369804 9.9991E-05 0.276077
0.0158988 0.041643 0.226235 0.127571 0.588652
0.134799 0.0998314 0.247905 0.0799688 0.437495
0.215886 0.202925 0.358325 0.0685421 0.154322
0.0803173 0.0386227 0.285266 0.173371 0.422424
0.275607 0.0847299 0.483569 9.9991E-05 0.155995
0.0338208 0.0296547 0.307508 0.0588886 0.570128
0.0787244 0.0262012 0.0604859 0.159115 0.675474
0.211544 0.0406868 0.304612 0.104568 0.338589
0.143462 0.0333252 0.206818 0.123407 0.492989
0.213855 0.0394772 0.419144 9.9991E-05 0.327424
0.122292 9.9982E-05 0.109699 9.9982E-05 0.767809
0.33375 9.9982E-05 0.176174 9.9982E-05 0.489876
0.767461 9.9973E-05 9.9973E-05 9.9973E-05 0.232239
0.61814 9.9982E-05 0.108276 9.9982E-05 0.273384
0.449098 9.9973E-05 9.9973E-05 9.9973E-05 0.550602
0.129453 0.041959 0.113779 9.9991E-05 0.714709
0.204621 0.0497574 0.0360678 9.9991E-05 0.709453
0.282616 0.0211672 0.233605 9.9991E-05 0.462512
0.14476 0.0215938 0.336886 9.9991E-05 0.49666
0.259003 0.0199419 0.106018 9.9991E-05 0.614937
0.222538 0.128646 0.00972069 9.9991E-05 0.638996
0.351124 9.9973E-05 9.9973E-05 9.9973E-05 0.648576
0.772779 9.9973E-05 9.9973E-05 9.9973E-05 0.226921
9.9991E-05 0.796528 0.0631694 0.00914053 0.131062
9.9973E-05 0.91271 9.9973E-05 9.9973E-05 0.0869898
9.9982E-05 0.877915 9.9982E-05 0.0362643 0.0856206
9.9982E-05 0.949993 9.9982E-05 0.00699902 0.0428079
9.9982E-05 0.859607 9.9982E-05 0.0493252 0.0908673
0.00485962 0.91014 9.9991E-05 0.0794173 0.00548309
9.9973E-05 0.927893 9.9973E-05 9.9973E-05 0.0718072
0.539522 9.9982E-05 0.0928463 9.9982E-05 0.367432
0.114599 0.0352766 0.141791 9.9991E-05 0.708234
0.104573 0.106411 9.9991E-05 0.00371811 0.785197
0.149595 0.117914 9.9991E-05 0.0649652 0.667426
0.222203 0.00900621 9.9991E-05 0.098036 0.670655
0.497528 9.9982E-05 0.227569 9.9982E-05 0.274703
0.445059 0.0104468 9.9991E-05 0.0409781 0.503416
0.236873 0.0300648 9.9991E-05 0.00822288 0.724739
0.200866 0.013777 0.153433 0.0027102 0.629214
0.385494 9.9982E-05 9.9982E-05 0.0481537 0.566153
0.0894408 0.0716722 0.157193 9.9991E-05 0.681594
0.265195 0.0130613 0.354484 0.0938814 0.273378
9.9991E-05 0.0686056 0.418928 0.0698799 0.442487
0.0502691 0.103749 0.259702 9.9991E-05 0.58618
9.9991E-05 0.0261296 0.266824 0.129017 0.577929
9.9991E-05 0.0234505 0.413706 0.0649208 0.497823
0.033692 0.124089 0.243378 0.0138198 0.585021
9.9991E-05 0.0144119 0.349152 0.0162469 0.62009
9.9982E-05 9.9982E-05 0.249107 0.103792 0.646901
0.12063 9.9991E-05 0.179711 0.165292 0.534268
0.119911 0.0968296 0.279027 0.0515225 0.45271
0.00811018 9.9991E-05 0.0948176 0.178713 0.71826
0.0164935 0.0981532 0.149022 0.0531274 0.683204
0.154881 0.0106893 0.394693 0.0829722 0.356764
0.400825 0.0269508 0.314941 0.0652578 0.192026
0.481635 9.9991E-05 0.31299 0.0467605 0.158514
0.102667 0.0015479 0.450689 0.00166166 0.443435
0.0841536 0.0243014 0.315451 9.9991E-05 0.575994
0.0111433 0.00570423 0.467766 9.9991E-05 0.515287
0.0556764 9.9991E-05 0.533236 0.0610321 0.349956
0.0428867 0.106201 0.0869422 0.124418 0.639553
0.281512 9.9991E-05 0.379884 0.112042 0.226462
0.133972 0.0940382 0.0757427 0.145961 0.550286
0.653434 0.212019 0.0991464 9.9991E-05 0.0353009
0.290945 0.152312 0.0701773 0.0650502 0.421515
0.23154 0.111401 0.0282678 0.145291 0.4835
0.435291 0.112713 0.115769 0.0645317 0.271695
0.449319 0.129674 0.130568 9.9991E-05 0.290339
0.314288 0.0443328 0.0736994 0.000547438 0.567132
0.535405 0.122805 0.106081 0.140614 0.0950961
0.360314 9.9982E-05 0.124146 9.9982E-05 0.51534
0.277538 9.9991E-05 0.11105 0.00656707 0.604745
0.197623 0.317492 0.059095 0.322285 0.103505
0.252895 0.546019 9.9982E-05 0.200886 9.9982E-05
0.372896 0.435192 9.9982E-05 0.191712 9.9982E-05
0.179314 0.365458 0.0292352 0.425893 9.9991E-05
0.227803 0.0128261 9.9991E-05 0.0651757 0.694095
9.9982E-05 9.9982E-05 0.0309394 0.632282 0.336579
0.54085 0.0388329 9.9991E-05 0.0365075 0.38371
0.705817 9.9982E-05 9.9982E-05 0.0748944 0.219089
0.273141 0.0431946 9.9991E-05 0.115859 0.567706
0.247714 0.0956746 0.0674354 0.0635012 0.525675
0.191698 0.00298855 0.0999837 0.0988686 0.606462
0.527042 0.0224003 0.105034 0.0134337 0.33209
0.0117835 9.9973E-05 9.9973E-05 0.987917 9.9973E-05
9.9973E-05 9.9973E-05 9.9973E-05 0.87223 0.12747
9.9982E-05 9.9982E-05 0.0176181 0.694876 0.287306
9.9982E-05 0.0230519 9.9982E-05 0.774222 0.202526
9.997E-05 9.997E-05 9.997E-05 0.9996 9.997E-05
9.9973E-05 9.9973E-05 0.040463 0.959237 9.9973E-05
9.9973E-05 9.9973E-05 9.9973E-05 0.890666 0.109034
9.9982E-05 9.9982E-05 0.0676584 0.927788 0.00435364
9.997E-05 9.997E-05 9.997E-05 0.9996 9.997E-05
9.997E-05 9.997E-05 9.997E-05 0.9996 9.997E-05
9.9991E-05 0.0384429 0.0375066 0.718123 0.205827
9.9991E-05 0.0464033 0.016024 0.764217 0.173256
9.9982E-05 9.9982E-05 0.0116788 0.981567 0.0065543
9.9991E-05 0.0768875 0.00145646 0.768648 0.152908
9.9982E-05 9.9982E-05 0.0165062 0.940084 0.0432094
9.997E-05 9.997E-05 9.997E-05 0.9996 9.997E-05
0.0172727 0.00151417 9.9991E-05 0.906446 0.0746677
9.997E-05 9.997E-05 9.997E-05 0.9996 9.997E-05
0.0399768 0.118793 9.9991E-05 0.600061 0.24107
9.9991E-05 0.00362365 0.0583359 0.936962 0.000978918
0.530406 0.404435 9.9982E-05 0.0649594 9.9982E-05
0.18424 0.2469 0.0927684 0.0823273 0.393764
0.15454 0.226038 0.0303758 0.154265 0.43478
0.40107 0.233198 0.0170248 0.164177 0.18453
0.383963 0.282227 9.9991E-05 0.15439 0.179319
0.309827 0.126591 9.9991E-05 0.20437 0.359112
0.139302 0.238427 9.9991E-05 0.14505 0.477122
0.205735 0.18293 9.9991E-05 0.295383 0.315852
0.0387741 0.874146 0.0481097 9.9991E-05 0.0388698
0.0300864 0.914018 9.9982E-05 0.0556953 9.9982E-05
0.0275757 0.972124 9.9973E-05 9.9973E-05 9.9973E-05
0.0141133 0.948259 0.0374279 9.9982E-05 9.9982E-05
0.00620716 0.899058 0.0609025 0.0241679 0.00966426
9.9982E-05 0.918667 9.9982E-05 0.0220644 0.0590685
9.9991E-05 0.89358 0.0350153 0.0678723 0.0034322
0.0851412 0.912558 9.9982E-05 0.00210114 9.9982E-05
0.0423725 0.903757 9.9991E-05 0.0322508 0.0215192
0.000833854 0.924173 9.9982E-05 0.0747937 9.9982E-05
0.117827 0.583628 0.283217 0.0152269 9.9991E-05
0.0325928 0.573456 0.393751 9.9982E-05 9.9982E-05
0.187002 0.558912 0.253886 9.9982E-05 9.9982E-05
0.139714 0.490993 0.369093 9.9982E-05 9.9982E-05
0.0319317 0.118291 0.0750979 0.00604093 0.768639
0.100521 0.0293057 0.139881 0.124921 0.605371
0.0296095 0.00967578 0.212697 0.0887727 0.659245
0.0948134 0.00492837 0.309936 0.0181144 0.572208
0.0551174 9.9982E-05 0.628443 9.9982E-05 0.31624
0.130201 0.105 0.0333037 0.0566921 0.674802
0.167254 9.9991E-05 0.0671882 0.0716051 0.693853
0.183381 0.0272737 0.0622364 0.0427749 0.684334
0.304094 9.9991E-05 0.0378119 0.0287978 0.629196
0.206426 0.0103396 0.181333 9.9991E-05 0.601801
0.824405 9.9982E-05 0.0719045 9.9982E-05 0.103491
0.431421 0.0315235 9.9982E-05 9.9982E-05 0.536855
0.235134 9.9982E-05 0.0597712 9.9982E-05 0.704895
0.412529 0.0126776 0.194251 9.9991E-05 0.380443
0.0411011 0.0652041 0.879363 9.9991E-05 0.014232
9.9982E-05 0.0884938 0.875508 9.9982E-05 0.0357981
0.0437697 0.0162095 0.939821 9.9982E-05 9.9982E-05
0.0409688 0.0719812 0.88685 9.9982E-05 9.9982E-05
9.9982E-05 9.9982E-05 0.908765 0.0134113 0.0776237
9.9982E-05 0.0158364 0.874934 0.10903 9.9982E-05
9.9982E-05 0.869809 9.9982E-05 0.0306025 0.0993882
9.9991E-05 0.855176 0.0598632 0.0107917 0.0740692
9.9982E-05 0.803431 9.9982E-05 0.105504 0.0908654
9.9991E-05 0.7701 0.0618517 0.142326 0.0256226
9.9991E-05 0.782343 0.0167215 0.0737864 0.127049
0.0382852 0.390819 0.570696 9.9982E-05 9.9982E-05
0.131196 0.480435 0.38817 9.9982E-05 9.9982E-05
0.124719 0.435362 0.430336 0.0094839 9.9991E-05
9.9991E-05 0.823899 0.00766729 0.0774763 0.0908573
0.106972 0.379591 0.498157 0.00227469 0.0130055
0.192487 0.172168 9.9991E-05 0.481018 0.154228
9.9982E-05 0.181689 9.9982E-05 0.296535 0.521576
0.0826561 0.251306 0.0644758 0.292532 0.30903
0.229065 0.367438 9.9982E-05 0.403297 9.9982E-05
0.0532209 0.0445808 0.367909 0.0049162 0.529373
0.312606 0.0134155 0.221685 0.0869408 0.365353
9.9982E-05 0.0961595 0.522515 9.9982E-05 0.381126
0.257727 9.9991E-05 0.189526 0.0873466 0.4653
0.809276 9.9973E-05 0.190424 9.9973E-05 9.9973E-05
0.101933 0.0354629 0.258315 0.0933017 0.510988
0.136468 0.0530109 0.350567 9.9991E-05 0.459855
0.560336 9.9982E-05 0.239873 9.9982E-05 0.199591
0.25074 9.9991E-05 0.244252 0.160324 0.344584
0.0284606 9.9991E-05 0.31874 0.113485 0.539215
0.161517 0.12578 0.086503 0.236727 0.389473
0.235498 9.9991E-05 0.264248 0.0805759 0.419578
0.157539 9.9991E-05 0.251608 0.0686677 0.522085
0.136903 0.0378897 0.145052 0.110848 0.569306
0.0640123 0.0196812 0.193644 0.0347101 0.687952
0.0329114 0.0239471 0.14976 0.142254 0.651127
9.9982E-05 0.811646 9.9982E-05 0.0665578 0.121596
9.9982E-05 0.88645 9.9982E-05 0.0102696 0.10308
0.0573847 0.827526 0.0567441 9.9991E-05 0.0582453
9.9982E-05 0.826984 0.0690953 9.9982E-05 0.10372
9.9973E-05 0.856993 9.9973E-05 9.9973E-05 0.142707
0.0987974 9.9991E-05 0.596478 0.0518223 0.252802
9.9991E-05 0.0606326 0.119131 0.15767 0.662467
0.00828611 0.0633241 0.259546 0.0296957 0.639149
0.307137 0.0155818 0.290768 0.136161 0.250352
0.137354 0.139356 0.635819 9.9991E-05 0.0873711
0.00962174 9.9991E-05 0.319033 0.158191 0.513054
0.0811879 0.0288137 0.566899 0.0668772 0.256222
0.178215 0.137968 0.144043 0.0829022 0.456871
0.088529 0.106877 0.575593 0.0316251 0.197376
0.107949 0.051367 0.55345 0.0434024 0.243831
0.231444 9.9991E-05 0.304768 0.168462 0.295226
0.475183 0.0395906 0.0994849 0.0835707 0.302171
0.13621 0.0912827 0.0604809 0.0719117 0.640114
0.445086 0.00578394 0.0667269 9.9991E-05 0.482303
0.217388 0.12253 0.0135431 0.0408248 0.605714
0.70428 9.9982E-05 0.0757813 9.9982E-05 0.219739
0.637088 0.00438217 9.9991E-05 0.0135355 0.344895
0.334309 9.9991E-05 0.0855279 0.0631523 0.51691
0.576081 0.0309384 0.102112 9.9991E-05 0.290769
0.159254 0.0670781 0.167811 9.9991E-05 0.605757
0.110497 9.9982E-05 0.64489 9.9982E-05 0.244413
0.28618 9.9991E-05 0.352341 0.066486 0.294893
0.0333006 0.0253422 0.441811 0.0565872 0.442959
9.9991E-05 0.0373011 0.186948 0.172034 0.603617
0.0717272 9.9982E-05 0.511323 9.9982E-05 0.416749
9.9991E-05 0.0254209 0.374 0.1661 0.43438
0.0332671 0.0414281 0.311528 0.0832662 0.53051
0.0355236 9.9991E-05 0.503917 0.0994487 0.36101
0.0694158 9.9991E-05 0.510309 0.19513 0.225045
0.075136 9.9991E-05 0.168442 0.122035 0.634286
0.148463 0.0772927 0.237652 0.0357624 0.500831
0.0930954 9.9991E-05 0.219848 0.147002 0.539955
0.0488542 0.0543439 0.419832 0.0889625 0.388007
9.9991E-05 0.0224851 0.313418 0.199305 0.464691
9.9982E-05 0.377885 9.9982E-05 0.136723 0.485192
0.105268 0.18061 9.9991E-05 0.235664 0.478357
0.0818606 0.062918 0.0339032 0.205757 0.615561
0.0654479 0.176463 0.00463255 0.230639 0.522817
0.170121 9.9991E-05 0.258637 0.046482 0.52466
0.525688 0.265789 9.9991E-05 0.173727 0.0346967
0.0966978 0.105606 0.118303 0.257733 0.42166
0.0757499 0.0847319 0.0681181 0.272347 0.499053
0.251899 0.237588 0.0902906 0.161678 0.258543
0.0272171 0.159256 0.0522426 0.279079 0.482205
0.339137 0.450816 9.9982E-05 0.209847 9.9982E-05
9.9982E-05 0.177304 9.9982E-05 0.220349 0.602146
9.9991E-05 0.222183 0.115014 0.155679 0.507023
0.284969 9.9991E-05 0.0858099 0.161314 0.467808
0.758546 9.9991E-05 0.0751028 0.00987268 0.156378
0.754659 9.9982E-05 0.0851803 9.9982E-05 0.159961
0.0698541 0.199875 9.9991E-05 0.351993 0.378178
0.179932 0.116537 9.9991E-05 0.398549 0.304882
0.298134 0.19919 9.9991E-05 0.359704 0.142873
0.147322 0.189731 9.9991E-05 0.343271 0.319576
0.653977 0.118255 9.9991E-05 0.163307 0.0643614
0.541427 0.0795704 9.9991E-05 0.178 0.200903
0.21235 9.9991E-05 0.03421 0.19064 0.562699
0.216793 0.069029 9.9991E-05 0.202873 0.511205
0.4896 0.0219169 0.0248652 0.224364 0.239254
0.14542 0.105163 0.0283862 0.123604 0.597426
0.231823 9.9991E-05 0.0628368 0.265043 0.440197
0.400495 9.9982E-05 0.0974465 9.9982E-05 0.501859
0.365573 0.0332163 0.0880097 0.0247599 0.488441
0.286111 0.0530767 0.211275 0.136432 0.313105
0.382413 0.0189854 0.0133729 0.0496934 0.535535
0.550929 9.9991E-05 0.135498 0.0202528 0.29322
0.245197 0.0135815 9.9991E-05 0.0322171 0.708904
0.575369 9.9991E-05 0.0214423 0.0450111 0.358078
0.3624 0.0585066 9.9991E-05 0.109527 0.469467
0.0417193 0.233312 0.0165801 0.292479 0.415909
0.162036 0.0909678 0.146536 0.30415 0.29631
0.581807 0.201089 0.0237776 0.193227 9.9991E-05
9.9991E-05 0.114929 0.0363307 0.266401 0.582239
0.455335 0.378279 9.9982E-05 0.166186 9.9982E-05
0.175554 0.072143 9.9991E-05 0.261218 0.490985
0.775153 9.9973E-05 9.9973E-05 9.9973E-05 0.224547
0.873631 9.9982E-05 0.0117199 9.9982E-05 0.11445
0.344706 9.9991E-05 0.00263161 0.0190161 0.633546
0.154597 9.9991E-05 0.0315028 0.123098 0.690703
0.429815 0.00852821 9.9991E-05 0.0110818 0.550475
0.25114 0.0339825 9.9991E-05 0.0130262 0.701751
0.253638 9.9982E-05 9.9982E-05 0.0343905 0.711771
0.043117 0.794574 9.9991E-05 0.0690221 0.093187
0.00569408 0.709999 0.188512 0.0956946 9.9991E-05
9.9982E-05 0.89565 0.0438944 0.0602559 9.9982E-05
9.9973E-05 0.95408 9.9973E-05 9.9973E-05 0.0456202
0.216159 0.123982 0.00382209 0.0107764 0.64526
0.201135 0.0325149 0.0472774 9.9991E-05 0.718973
0.33481 0.0336815 0.151708 9.9991E-05 0.4797
0.116754 0.00346888 9.9991E-05 0.0763013 0.803376
0.368402 0.00593752 0.00330191 9.9991E-05 0.622258
0.0139658 0.262741 0.0626699 0.247129 0.413494
0.315901 9.9991E-05 0.02037 0.0166882 0.646941
0.202985 9.9982E-05 0.210788 9.9982E-05 0.586027
0.150648 0.0118273 0.0676954 0.064109 0.70572
0.20081 9.9982E-05 0.177493 9.9982E-05 0.621498
0.203471 9.9973E-05 9.9973E-05 9.9973E-05 0.79623
0.659777 9.9973E-05 9.9973E-05 9.9973E-05 0.339923
0.470738 9.9982E-05 0.0359785 9.9982E-05 0.493084
0.315876 9.9982E-05 0.0928041 9.9982E-05 0.59112
0.85126 9.9973E-05 9.9973E-05 9.9973E-05 0.14844
0.102871 0.0191029 0.216708 9.9991E-05 0.661218
0.676542 9.9973E-05 9.9973E-05 9.9973E-05 0.323158
0.843767 9.9973E-05 9.9973E-05 9.9973E-05 0.155933
0.186934 0.0444622 0.0232442 0.0562605 0.689099
0.299595 9.9982E-05 0.179735 9.9982E-05 0.52047
0.0545349 0.0299055 0.200853 0.0991422 0.615565
0.159554 0.0769237 0.052813 9.9991E-05 0.710609
0.189842 9.9991E-05 0.326112 0.113678 0.370269
0.0979629 0.0151073 0.1213 0.0214184 0.744211
0.110092 9.9991E-05 0.183136 0.0664871 0.640185
0.463516 9.9973E-05 9.9973E-05 9.9973E-05 0.536184
0.0609546 0.664721 0.274124 9.9982E-05 9.9982E-05
0.0601075 0.755966 0.123752 0.000363721 0.059811
0.0484238 0.827736 0.12364 9.9982E-05 9.9982E-05
0.047008 0.804935 0.147857 9.9982E-05 9.9982E-05
0.0477002 0.699838 0.194572 9.9991E-05 0.0577905
0.353865 0.0452328 0.180163 9.9991E-05 0.420639
0.281499 0.0456696 0.18019 9.9991E-05 0.492541
0.558561 9.9973E-05 9.9973E-05 9.9973E-05 0.44114
0.475527 0.00720058 9.9991E-05 0.0156119 0.501561
0.0655398 0.00587156 0.068987 0.147971 0.71163
0.224664 0.127825 9.9982E-05 9.9982E-05 0.647311
0.147531 0.0510992 0.0322472 0.0256253 0.743498
0.329486 9.9982E-05 0.153414 9.9982E-05 0.5169
0.191379 9.9982E-05 0.0979634 9.9982E-05 0.710457
0.160977 9.9982E-05 0.198133 9.9982E-05 0.64069
0.105422 0.159412 0.0347234 0.0142078 0.686235
0.147801 0.0318838 0.105157 9.9991E-05 0.715058
0.186632 0.0445005 0.0666129 0.00936669 0.692888
0.066604 0.0891519 9.9991E-05 0.531951 0.312194
0.0827643 0.187733 9.9991E-05 0.544837 0.184567
0.278302 0.0811593 9.9991E-05 0.033741 0.606697
0.00968147 0.275673 9.9991E-05 0.660684 0.053861
0.00502695 0.264764 9.9991E-05 0.490184 0.239925
0.151734 0.139665 0.0387541 0.201641 0.468207
0.0728216 0.194879 0.0717658 0.0222927 0.638241
0.190312 0.133285 0.0935029 0.0781818 0.504718
9.9982E-05 0.214516 9.9982E-05 0.463063 0.322221
9.9982E-05 0.0997118 9.9982E-05 0.550079 0.350009
0.00523726 0.128204 0.0395327 0.531024 0.296001
9.9982E-05 0.180019 9.9982E-05 0.538213 0.281569
0.21442 0.0826025 0.0145535 0.0715755 0.616848
9.9982E-05 0.209173 9.9982E-05 0.651589 0.139038
0.241952 0.161413 0.27731 9.9991E-05 0.319225
0.100229 0.0583879 0.0114621 0.189167 0.640754
0.0868102 0.184304 0.0475696 0.108695 0.572621
0.069016 0.185828 0.151458 0.00686523 0.586833
0.0865149 0.226632 0.0999388 0.296073 0.290842
0.045522 0.242796 0.0584175 0.298874 0.354391
9.9982E-05 0.248718 9.9982E-05 0.53566 0.215422
0.115054 0.19131 0.0870162 9.9991E-05 0.60652
0.535797 0.153652 0.0289647 0.0833679 0.198218
0.157625 0.0990236 0.176837 0.0499006 0.516614
9.9991E-05 0.201535 0.0609417 0.214559 0.522865
0.432348 0.318514 9.9982E-05 0.248938 9.9982E-05
0.513041 0.338423 9.9982E-05 0.148336 9.9982E-05
0.267469 0.172872 0.112388 0.180124 0.267147
0.411822 0.348212 9.9982E-05 0.239766 9.9982E-05
0.336211 0.442415 9.9982E-05 0.221174 9.9982E-05
0.247127 0.197389 9.9991E-05 0.107771 0.447614
0.133699 0.296748 9.9991E-05 0.115969 0.453484
0.261757 0.34943 9.9991E-05 0.179705 0.209008
0.383091 0.337362 9.9991E-05 0.18516 0.0942874
0.0968952 0.134806 0.0978035 0.132077 0.538417
0.360076 0.264804 9.9991E-05 0.162279 0.21274
0.401885 0.455963 9.9982E-05 0.141952 9.9982E-05
0.173501 0.236314 0.0448963 0.303257 0.242031
0.0259795 0.275799 0.0590532 0.232653 0.406516
9.9982E-05 0.20544 9.9982E-05 0.307095 0.487265
0.0298069 0.137194 0.0916055 0.350681 0.390713
9.9991E-05 0.365205 0.00522285 0.208989 0.420484
0.0140679 0.243975 0.0812467 0.248072 0.412638
0.0439503 0.210373 9.9991E-05 0.362182 0.383395
9.9991E-05 0.251806 0.0687066 0.291462 0.387925
0.144245 0.137944 0.149721 0.172363 0.395728
9.9991E-05 0.37641 0.0269956 0.264133 0.332361
0.245969 0.360763 9.9991E-05 0.29566 0.0975085
0.123664 0.319556 9.9991E-05 0.335681 0.221
0.0424753 0.807055 0.138295 9.9991E-05 0.0120743
9.9991E-05 0.0787985 0.788756 0.018916 0.113429
9.9973E-05 0.00482353 0.994877 9.9973E-05 9.9973E-05
9.997E-05 9.997E-05 0.9996 9.997E-05 9.997E-05
9.9973E-05 9.9973E-05 0.95867 0.0410297 9.9973E-05
9.9982E-05 0.0145685 0.906911 0.0783205 9.9982E-05
9.9973E-05 9.9973E-05 0.939775 9.9973E-05 0.059925
9.9973E-05 0.0677743 0.931926 9.9973E-05 9.9973E-05
9.9973E-05 0.205551 0.794149 9.9973E-05 9.9973E-05
0.007304 0.939056 9.9991E-05 0.0105568 0.0429828
9.9982E-05 0.799754 0.185758 0.014288 9.9982E-05
0.0095037 0.936682 0.023264 9.9991E-05 0.0304506
9.9982E-05 0.820112 0.0870976 9.9982E-05 0.0925902
9.9991E-05 0.927679 0.024892 0.0371474 0.0101817
0.0280173 0.897498 0.0733883 9.9991E-05 0.000996092
0.0712117 0.765818 0.0403301 0.101011 0.0216291
9.9982E-05 0.886027 9.9982E-05 0.0355507 0.078222
9.9991E-05 0.704665 0.151025 0.057285 0.0869257
0.00746778 0.897623 9.9991E-05 0.0561673 0.0386418
9.9973E-05 0.924858 0.0748419 9.9973E-05 9.9973E-05
0.0176556 0.866311 0.0549987 0.0503496 0.010685
9.9973E-05 0.969886 0.0298144 9.9973E-05 9.9973E-05
9.9991E-05 0.912003 0.0307158 0.0487587 0.00842282
9.9982E-05 0.851902 9.9982E-05 0.0556967 0.0922013
9.9982E-05 0.833505 9.9982E-05 0.0468673 0.119427
9.9982E-05 0.775926 9.9982E-05 0.153124 0.070751
9.9982E-05 0.823851 9.9982E-05 0.0409845 0.134964
9.9982E-05 0.798753 9.9982E-05 0.112459 0.0885875
0.154011 0.140694 0.136368 0.0483452 0.520582
0.0485613 0.118427 9.9991E-05 0.0404665 0.792445
0.617737 0.0514998 0.0299195 0.0826519 0.218191
0.0448782 0.157127 0.13805 0.0308777 0.629067
0.570557 0.189954 9.9991E-05 0.0639147 0.175474
0.0657023 0.174022 0.00631934 0.0745418 0.679415
0.14289 0.113703 0.179321 0.0230893 0.540997
0.142394 0.142568 9.9991E-05 0.0471482 0.66779
0.175457 0.0944236 0.0611078 9.9991E-05 0.668911
0.0968533 0.148621 0.163451 0.0339678 0.557107
0.0819036 0.108046 0.137537 0.0387104 0.633803
0.418058 9.9991E-05 0.448118 0.0503014 0.0834221
0.800328 0.0712749 0.105837 0.0224606 9.9991E-05
0.544659 0.106073 0.0928903 0.0450712 0.211307
0.13595 0.181242 9.9991E-05 0.0457581 0.63695
0.215078 0.20018 9.9991E-05 0.0285491 0.556093
0.0240749 0.208707 0.00832253 0.213345 0.54555
9.9991E-05 0.122135 0.0233059 0.259374 0.595086
0.0905452 0.398657 0.145643 0.219326 0.145828
0.0326774 0.235471 0.0793733 0.19272 0.459758
0.392575 0.37471 9.9982E-05 0.232514 9.9982E-05
0.239084 0.290203 9.9991E-05 0.262679 0.207933
9.9991E-05 0.407348 0.0876373 0.163795 0.34112
0.0296295 0.289267 0.103236 0.149558 0.42831
0.00675272 0.163706 0.0215544 0.265531 0.542456
0.104582 0.180392 0.108095 0.216983 0.389947
0.0305636 0.486433 9.9991E-05 0.192443 0.290461
