0.90693 9.9991E-05 0.0796841 0.0132864
0.965053 0.034747 9.9982E-05 9.9982E-05
0.827638 9.9991E-05 0.0553421 0.11692
0.802218 9.9991E-05 0.0918292 0.105852
0.908675 9.9991E-05 0.0211337 0.0700914
0.680746 0.208647 0.0182867 0.0923206
0.862461 0.0723155 0.0651238 9.9991E-05
0.736919 0.0920197 0.126362 0.0446994
0.865337 9.9982E-05 0.134463 9.9982E-05
0.714885 0.132937 0.0363747 0.115804
0.778015 0.10185 0.120035 9.9991E-05
9.999E-05 0.295834 0.548416 0.15565
9.999E-05 0.2825 0.434658 0.282742
0.0350734 0.259293 0.552661 0.152973
0.031479 0.199233 0.453204 0.316084
0.145859 0.325774 0.235148 0.293219
9.9991E-05 0.429464 0.2641 0.306336
0.155948 0.367466 0.313132 0.163454
0.0859435 0.210287 0.682886 0.0208834
9.9991E-05 0.422999 0.301412 0.27549
0.0663672 0.440514 0.218911 0.274209
0.00213722 0.432963 0.265607 0.299293
0.0251324 0.379546 0.364387 0.230934
0.0432665 0.35597 0.247233 0.35353
0.00567582 0.258325 0.550492 0.185507
0.0500541 0.242736 0.409187 0.298022
9.9991E-05 0.330724 0.544439 0.124738
0.807232 9.9991E-05 0.00407128 0.188597
0.770494 0.00452539 0.0830996 0.141881
0.810615 0.0181867 0.0152772 0.155921
0.739729 0.0676793 0.0231064 0.169485
0.00689905 0.545256 0.209187 0.238657
9.9991E-05 0.716607 0.0301573 0.253136
0.0763354 0.179494 0.689716 0.0544549
0.0957625 0.759334 0.0158071 0.129097
9.9991E-05 0.671823 0.044472 0.283605
0.0482413 0.532518 0.110805 0.308436
0.0963381 0.49593 0.115495 0.292237
0.0311661 0.639829 0.30539 0.0236156
0.025479 0.643203 9.9991E-05 0.331218
9.9991E-05 0.867481 0.0468821 0.0855364
0.157468 0.767488 0.0749443 9.9991E-05
9.9991E-05 0.446327 0.51689 0.0366832
0.123832 0.649549 0.226519 9.9991E-05
0.10096 0.427647 0.435379 0.0360136
9.9991E-05 0.429374 0.28698 0.283546
0.099116 0.427107 0.277287 0.19649
0.211933 0.264244 0.422136 0.101687
0.0191863 0.368659 0.360575 0.25158
0.0634941 0.314967 0.621439 9.9991E-05
9.9991E-05 0.446186 0.251758 0.301957
0.0238073 0.568023 0.0767879 0.331381
0.0640599 0.480848 0.297725 0.157367
0.00411855 0.47762 0.259209 0.259052
0.0665928 0.428037 0.45901 0.0463597
9.9991E-05 0.584638 0.166587 0.248675
9.9991E-05 0.667567 0.262163 0.0701695
0.0678587 0.91106 0.0209811 9.9991E-05
9.9982E-05 0.858796 0.141004 9.9982E-05
9.9991E-05 0.877716 0.052992 0.0691921
0.0132187 0.588716 0.200172 0.197893
9.9991E-05 0.631482 0.134145 0.234273
0.0209765 0.510706 0.364846 0.103471
0.0232365 0.444558 0.452518 0.0796876
9.9991E-05 0.657834 0.176055 0.166011
0.0153511 0.650058 0.198908 0.135682
9.9982E-05 0.876342 9.9982E-05 0.123458
0.061423 0.875952 0.0625251 9.9991E-05
0.757796 9.9991E-05 0.129749 0.112355
0.9651 9.9991E-05 0.000237094 0.0345631
0.876349 9.9991E-05 0.00541274 0.118138
0.96507 9.9982E-05 9.9982E-05 0.0347302
0.884541 9.9982E-05 9.9982E-05 0.115259
0.893889 9.99898E-05 9.99898E-05 0.105911
0.933696 9.9982E-05 9.9982E-05 0.0661039
9.9982E-05 0.797477 0.202323 9.9982E-05
0.00656725 0.636286 0.207014 0.150133
0.00791806 0.689915 9.9991E-05 0.302067
0.0737 0.598738 0.0398159 0.287747
9.9991E-05 0.612349 0.102211 0.28534
0.0835043 0.615967 0.300429 9.9991E-05
0.0609641 0.824579 9.9991E-05 0.114357
0.0353732 0.769804 0.00677107 0.188051
9.9991E-05 0.627907 0.239287 0.132706
9.9991E-05 0.768263 0.0234294 0.208208
0.0598367 0.581296 0.19283 0.166038
0.0643057 0.487071 0.368444 0.0801797
0.019836 0.282664 0.420562 0.276938
0.00508446 0.345763 0.448411 0.200742
9.9991E-05 0.298458 0.39076 0.310682
9.9991E-05 0.295786 0.426385 0.277729
0.00274744 0.450727 0.25428 0.292246
9.9991E-05 0.302929 0.4927 0.204271
9.9991E-05 0.380902 0.29637 0.322628
9.9991E-05 0.419742 0.26706 0.313098
0.153744 0.421609 0.251005 0.173642
0.0168285 0.411519 0.233979 0.337673
0.00913907 0.397901 0.256983 0.335977
0.0246419 0.469468 0.404455 0.101435
0.102517 0.473628 0.351169 0.072686
9.9991E-05 0.571016 0.35767 0.0712133
9.9991E-05 0.36978 0.516937 0.113183
9.9991E-05 0.396534 0.446769 0.156597
9.9991E-05 0.3076 0.547817 0.144482
9.9991E-05 0.342708 0.550183 0.107009
9.9991E-05 0.411205 0.251577 0.337117
9.9991E-05 0.47012 0.422424 0.107356
0.0743468 0.534741 0.110348 0.280565
0.26774 0.603548 0.128613 9.9991E-05
0.110938 0.541558 0.144396 0.203108
0.184872 0.414567 0.135593 0.264969
0.170943 0.665096 0.0838813 0.0800797
0.206867 0.661322 0.131712 9.9991E-05
0.0314341 0.527661 0.279298 0.161608
0.214573 0.592246 0.114451 0.0787298
9.9991E-05 0.702737 0.134715 0.162448
0.0368343 0.659152 0.129186 0.174827
0.37714 0.278596 0.0483826 0.295882
0.762788 0.132171 9.9991E-05 0.104941
0.6501 0.261039 9.9991E-05 0.0887615
0.440408 0.0430368 0.126528 0.390027
9.9982E-05 0.703201 9.9982E-05 0.2966
9.9991E-05 0.0153818 0.128054 0.856464
0.104213 0.832707 9.9991E-05 0.0629801
0.124643 0.838601 0.0125752 0.0241805
0.00113558 0.665126 0.074947 0.258792
0.0811245 0.645967 0.134437 0.138471
0.0183782 0.604728 0.0941911 0.282703
0.121454 0.769505 0.108941 9.9991E-05
0.0369863 9.9982E-05 9.9982E-05 0.962814
9.9982E-05 9.9982E-05 0.0538605 0.94594
9.9982E-05 9.9982E-05 0.110652 0.889148
0.0540191 0.0514591 0.00656113 0.887961
9.998E-05 9.998E-05 9.998E-05 0.9997
0.0787387 9.9991E-05 0.0106803 0.910481
9.9982E-05 0.0396765 9.9982E-05 0.960123
0.0432884 9.9982E-05 9.9982E-05 0.956512
0.00846734 9.9982E-05 9.9982E-05 0.991333
0.0189262 9.9982E-05 9.9982E-05 0.980874
0.0643001 0.0719528 9.9991E-05 0.863647
0.10875 0.00409313 0.0458222 0.841334
0.0302008 9.9982E-05 9.9982E-05 0.969599
0.132865 0.0156893 9.9991E-05 0.851345
0.0703009 9.9991E-05 0.00162711 0.927972
0.0242392 9.9982E-05 9.9982E-05 0.975561
0.0813986 9.9982E-05 9.9982E-05 0.918401
0.0319099 9.9982E-05 9.9982E-05 0.96789
0.0773222 0.049387 0.127204 0.746087
0.112404 9.9982E-05 9.9982E-05 0.887396
0.484324 0.515476 9.9982E-05 9.9982E-05
0.223569 0.336035 0.191038 0.249358
0.30789 0.420982 0.0444805 0.226647
0.369602 0.453927 0.0329449 0.143526
0.326323 0.521857 9.9991E-05 0.15172
0.201616 0.518625 9.9991E-05 0.279659
0.20754 0.41192 0.0557266 0.324813
0.246908 0.458306 9.9991E-05 0.294685
0.896494 0.0249386 0.0784675 9.9991E-05
0.948415 9.9982E-05 9.9982E-05 0.0513846
0.970121 9.9982E-05 0.0296791 9.9982E-05
0.942219 9.9982E-05 0.057581 9.9982E-05
0.910638 9.9991E-05 0.0518927 0.0373692
0.925107 9.9982E-05 9.9982E-05 0.0746933
0.880244 9.9982E-05 9.9982E-05 0.119556
0.975441 9.9991E-05 0.0231407 0.00131832
0.972812 0.00138112 9.9991E-05 0.0257068
0.917858 9.9991E-05 0.00591154 0.0761305
0.625908 0.0254993 0.348493 9.9991E-05
0.598928 9.9982E-05 0.400873 9.9982E-05
0.566266 0.0315204 0.402114 9.9991E-05
0.491745 0.0657821 0.442373 9.9991E-05
0.0284614 0.50262 0.238088 0.230831
0.0216491 0.509704 0.220926 0.247721
9.9991E-05 0.472984 0.233036 0.29388
0.0195765 0.510841 0.321112 0.148471
9.9991E-05 0.208064 0.729653 0.0621824
0.0429796 0.536054 0.0813866 0.33958
9.9991E-05 0.58066 0.108122 0.311118
9.9991E-05 0.646291 0.104604 0.249005
9.9991E-05 0.723752 0.0722572 0.203891
9.9991E-05 0.604895 0.232749 0.162256
0.0104833 0.829151 0.160266 9.9991E-05
0.0520233 0.859257 0.0292475 0.0594717
9.9991E-05 0.703346 0.0879809 0.208573
0.0581957 0.689253 0.252452 9.9991E-05
0.152939 9.9982E-05 0.846861 9.9982E-05
0.111156 0.067855 0.820889 9.9991E-05
0.0136101 9.9982E-05 0.98619 9.9982E-05
0.0985923 9.9982E-05 0.901208 9.9982E-05
0.0121738 9.9991E-05 0.973558 0.0141684
0.0750983 9.9991E-05 0.865496 0.0593062
0.904474 9.9982E-05 9.9982E-05 0.0953257
0.824125 9.9991E-05 0.068941 0.106834
0.799538 9.9991E-05 0.00158732 0.198775
0.795253 9.9991E-05 0.0631316 0.141516
0.790606 9.9991E-05 0.0937043 0.115589
0.432546 9.9982E-05 0.567254 9.9982E-05
0.525688 0.0269178 0.447294 9.9991E-05
0.446311 9.9982E-05 0.553489 9.9982E-05
0.772491 9.9991E-05 0.0674949 0.159914
0.396371 0.029568 0.573961 9.9991E-05
0.277306 0.23349 9.9991E-05 0.489104
0.159835 0.209293 0.003706 0.627165
0.268138 0.307596 0.0225195 0.401747
0.537856 0.149828 9.9991E-05 0.312215
9.9991E-05 0.419928 0.401504 0.178468
0.0299057 0.489014 0.336831 0.14425
0.0400843 0.197971 0.633644 0.1283
9.9991E-05 0.613784 0.176801 0.209316
0.0320182 0.66299 0.304891 9.9991E-05
9.9991E-05 0.470541 0.244309 0.28505
0.00471591 0.369449 0.48641 0.139425
0.0309963 0.618067 0.340473 0.0104639
0.0577577 0.594814 0.14894 0.198489
9.9991E-05 0.38105 0.306528 0.312322
0.150076 0.369114 0.0971981 0.383612
9.9991E-05 0.456175 0.37824 0.165485
9.9991E-05 0.399735 0.387633 0.212532
0.00981762 0.47686 0.196586 0.316737
9.9991E-05 0.53178 0.220616 0.247504
9.9991E-05 0.418841 0.222455 0.358604
0.793145 9.9982E-05 9.9982E-05 0.206655
0.858564 0.0696697 9.9991E-05 0.0716663
0.810325 0.0769564 0.0566346 0.0560842
0.772477 0.0314972 0.09492 0.101106
0.869471 0.0103735 0.0402233 0.0799325
9.9991E-05 0.188827 0.699171 0.111902
0.000504722 0.367446 0.226409 0.40564
0.0385658 0.39563 0.363868 0.201937
0.00772041 0.41723 0.359956 0.215094
0.134498 0.189569 0.675833 9.9991E-05
9.9991E-05 0.318094 0.374815 0.306991
0.0500692 0.245417 0.560383 0.144131
0.0550889 0.412141 0.287318 0.245451
0.123549 0.176839 0.628819 0.070793
0.0380757 0.299077 0.563771 0.0990765
0.023362 0.404669 0.38148 0.19049
0.105293 0.62437 0.204716 0.0656205
0.100469 0.643966 0.0584721 0.197093
0.103813 0.722377 0.0999768 0.073833
0.104198 0.671249 0.0267321 0.197821
0.0692752 0.771746 0.158879 9.9991E-05
0.10428 0.858671 0.0165991 0.0204497
9.9991E-05 0.623865 0.108451 0.267584
0.107039 0.770034 0.122828 9.9991E-05
0.0410222 0.690262 0.0811275 0.187588
9.9991E-05 0.234359 0.700714 0.0648269
9.9991E-05 0.467904 0.379596 0.152399
0.0186489 0.207854 0.553241 0.220256
9.9991E-05 0.340034 0.316643 0.343223
9.9991E-05 0.329688 0.569846 0.100365
9.9991E-05 0.277166 0.364831 0.357903
9.9991E-05 0.26469 0.404254 0.330956
9.9991E-05 0.165484 0.612986 0.22143
9.9991E-05 0.310148 0.475412 0.21434
9.9991E-05 0.449852 0.186414 0.363634
0.0955161 0.440236 0.282477 0.181771
9.9991E-05 0.343904 0.370024 0.285972
9.9991E-05 0.279785 0.472109 0.248006
9.9991E-05 0.244343 0.417206 0.338351
0.26217 0.311396 0.0626804 0.363753
0.130991 0.415923 9.9991E-05 0.452986
9.9991E-05 0.432736 0.169938 0.397226
0.215644 0.272279 0.0846984 0.427379
9.9991E-05 0.512013 0.204662 0.283226
0.402275 0.523484 9.9991E-05 0.0741408
0.0814688 0.382108 0.0996452 0.436778
0.0821223 0.277949 0.195504 0.444425
0.207656 0.442833 0.0979953 0.251515
0.190945 0.301626 0.0271239 0.480305
0.677098 0.186472 9.9991E-05 0.136329
0.136917 0.227216 0.103905 0.531961
0.216946 0.408261 0.0450468 0.329746
0.0599562 0.54998 0.112355 0.277709
9.9982E-05 0.81899 0.18081 9.9982E-05
0.106344 0.7526 0.140956 9.9991E-05
0.201194 0.263187 0.0488678 0.486751
0.17605 0.366804 9.9991E-05 0.457046
0.345634 0.340102 9.9991E-05 0.314164
0.214171 0.353011 9.9991E-05 0.432719
0.194479 0.722053 9.9991E-05 0.0833688
0.224837 0.652074 9.9991E-05 0.122989
9.9991E-05 0.580129 0.0762626 0.343509
0.0568048 0.572383 9.9991E-05 0.370712
0.128525 0.696454 9.9991E-05 0.174922
0.0782692 0.472033 0.128847 0.320851
0.00424801 0.537266 0.106225 0.352261
0.0654905 0.720475 0.127833 0.0862017
0.0272511 0.720506 0.111137 0.141105
0.160982 0.543418 0.131669 0.16393
0.0225119 0.688112 0.0792294 0.210147
0.0215225 0.810743 0.091725 0.0760093
0.0272727 0.693486 9.9991E-05 0.279141
0.0331885 0.766645 0.0940437 0.106123
0.0435635 0.677592 0.0650336 0.213811
0.174809 0.291739 0.128132 0.40532
0.139988 0.30237 0.182778 0.374863
0.334605 0.453589 0.139641 0.0721654
0.0396173 0.348854 0.0757984 0.53573
0.563831 0.313963 9.9991E-05 0.122106
0.0976218 0.482066 9.9991E-05 0.420212
0.0243302 0.97547 9.9982E-05 9.9982E-05
0.0882063 0.851828 0.0598656 9.9991E-05
9.9991E-05 0.70375 0.143042 0.153108
9.9991E-05 0.62319 0.100198 0.276512
9.9991E-05 0.771547 0.119224 0.109129
9.9991E-05 0.690844 0.0398541 0.269202
9.9991E-05 0.740367 0.016753 0.24278
0.830335 9.9991E-05 0.0561858 0.113379
0.762566 9.9991E-05 0.154659 0.0826755
0.88288 9.9991E-05 0.0462263 0.0707936
0.962809 9.9982E-05 9.9982E-05 0.0369905
0.0354718 0.620566 0.128689 0.215273
9.9991E-05 0.641643 0.117171 0.241085
0.0346125 0.615764 0.290752 0.0588716
9.9991E-05 0.60511 0.0666119 0.328178
0.0551795 0.844059 0.0492477 0.0515138
0.299834 0.221237 0.106076 0.372852
9.9991E-05 0.723782 0.0661252 0.209993
9.9991E-05 0.65659 0.212206 0.131104
9.9991E-05 0.580458 0.126763 0.292679
9.9991E-05 0.658821 0.193881 0.147198
9.9982E-05 0.727797 9.9982E-05 0.272003
9.998E-05 0.9997 9.998E-05 9.998E-05
0.0359626 0.858576 0.0310324 0.0744293
9.9991E-05 0.780496 0.070661 0.148743
0.0112263 0.988574 9.9982E-05 9.9982E-05
0.0403407 0.642634 0.123299 0.193726
0.0543177 0.910222 0.0353607 9.9991E-05
0.106354 0.893446 9.9982E-05 9.9982E-05
9.9991E-05 0.621906 0.0403882 0.337606
0.0465833 0.640887 0.23614 0.0763903
9.9991E-05 0.55567 0.20139 0.24284
9.9991E-05 0.581326 0.222007 0.196566
9.9991E-05 0.464819 0.285244 0.249837
9.9991E-05 0.627744 0.110614 0.261542
9.9991E-05 0.568083 0.160773 0.271044
9.9991E-05 0.832514 0.0672649 0.100121
0.700907 9.9982E-05 0.298893 9.9982E-05
0.769517 0.0605076 0.140582 0.029393
0.835367 9.9982E-05 0.164433 9.9982E-05
0.841268 9.9982E-05 0.158532 9.9982E-05
0.715865 0.0813368 0.202698 9.9991E-05
0.028558 0.687134 0.284208 9.9991E-05
0.048033 0.677813 0.274054 9.9991E-05
9.9982E-05 0.986552 9.9982E-05 0.0132485
0.0686102 0.732894 0.0844224 0.114073
9.9991E-05 0.584292 0.0394068 0.376201
0.0907477 0.712958 0.0637928 0.132501
9.9991E-05 0.558986 0.185555 0.255358
0.045294 0.667449 0.23611 0.0511464
9.9991E-05 0.677233 0.21577 0.106897
9.9991E-05 0.708551 0.215216 0.0761331
0.0631452 0.482922 0.155581 0.298352
0.0192504 0.697837 0.137124 0.145789
0.0438287 0.631588 0.113548 0.211035
0.129306 0.235133 9.9991E-05 0.635461
0.190186 0.181914 0.00215731 0.625743
0.118892 0.657414 9.9991E-05 0.223594
0.381678 9.9982E-05 9.9982E-05 0.618122
0.219386 0.117962 0.0326385 0.630013
0.166472 0.50344 9.9991E-05 0.329987
0.145883 0.551329 0.0664428 0.236345
0.121557 0.581661 0.10056 0.196222
0.190309 0.147357 0.0507204 0.611614
0.104917 0.172591 0.00933051 0.713161
0.118123 0.18972 0.0468759 0.64528
0.151871 0.155297 0.0142431 0.678589
0.156734 0.577235 9.9991E-05 0.265931
0.243025 0.057239 0.010328 0.689408
0.202561 0.470253 0.275989 0.0511981
9.9991E-05 0.574924 0.0798459 0.34513
0.101853 0.461477 0.105661 0.33101
0.150986 0.529883 0.0745549 0.244576
0.183775 0.23862 0.204711 0.372894
0.21411 0.207801 0.0797919 0.498297
0.272292 0.0859837 9.9991E-05 0.641625
0.121153 0.618013 0.0953773 0.165457
0.229984 0.721751 9.9991E-05 0.0481656
0.0578705 0.461104 0.277792 0.203234
0.166319 0.332063 0.0612659 0.440352
0.508263 0.357668 9.9991E-05 0.133969
0.531617 0.413755 9.9991E-05 0.0545278
0.28149 0.467569 0.00659851 0.244343
0.462388 0.357799 9.9991E-05 0.179713
0.567025 0.266123 9.9991E-05 0.166753
0.272414 0.397136 0.0680788 0.262371
0.281054 0.421569 9.9991E-05 0.297277
0.329371 0.473289 9.9991E-05 0.197239
0.437997 0.400921 9.9991E-05 0.160982
0.226251 0.432779 0.0181484 0.322822
0.326035 0.502142 9.9991E-05 0.171724
0.657058 0.307949 9.9991E-05 0.0348929
0.189096 0.39069 0.0590386 0.361175
0.288198 0.169894 0.140321 0.401587
0.154884 0.190471 0.0464858 0.60816
0.183259 0.409363 0.00209253 0.405286
0.371907 0.233267 0.0293004 0.365525
0.23106 0.334191 0.0504531 0.384296
0.223957 0.289278 0.0537629 0.433003
0.281457 0.25329 0.063826 0.401427
0.187424 0.374963 0.184189 0.253423
0.338482 0.203885 0.0391897 0.418444
0.42694 0.263044 9.9991E-05 0.309916
0.328486 0.26313 9.9991E-05 0.408284
0.809173 9.9982E-05 0.190627 9.9982E-05
0.124119 0.0708782 0.784236 0.0207666
0.0205703 9.9982E-05 0.97923 9.9982E-05
0.0161186 9.9982E-05 0.983681 9.9982E-05
9.998E-05 9.998E-05 0.9997 9.998E-05
0.0414771 9.9991E-05 0.907001 0.0514215
9.9982E-05 0.00609801 0.993702 9.9982E-05
0.0851416 9.9982E-05 0.914658 9.9982E-05
0.179754 9.9982E-05 0.820046 9.9982E-05
0.90952 9.9991E-05 0.0306609 0.0597189
0.818941 9.9991E-05 0.111014 0.0699451
0.918799 9.9982E-05 9.9982E-05 0.0810014
0.773339 9.9991E-05 0.175263 0.0512985
0.920726 9.9982E-05 9.9982E-05 0.0790742
0.910698 9.9991E-05 0.0765075 0.0126945
0.741726 9.9991E-05 0.0700049 0.188169
0.909725 0.0283598 9.9991E-05 0.0618154
0.713485 0.00562004 0.199588 0.0813064
0.900709 9.9982E-05 9.9982E-05 0.0990912
0.947611 9.9982E-05 0.0521886 9.9982E-05
0.91389 9.9991E-05 0.0240187 0.0619911
0.9997 9.998E-05 9.998E-05 9.998E-05
0.881272 9.9991E-05 0.00767565 0.110952
0.873298 9.9991E-05 0.0223785 0.104224
0.836399 9.9982E-05 9.9982E-05 0.163401
0.756081 9.9982E-05 9.9982E-05 0.243719
0.811017 9.9982E-05 9.9982E-05 0.188783
0.808396 9.9982E-05 9.9982E-05 0.191404
0.18173 0.547073 0.122127 0.14907
0.0977187 0.639046 9.9991E-05 0.263136
0.198307 0.801493 9.9982E-05 9.9982E-05
0.109033 0.453536 0.208991 0.22844
0.291515 0.708285 9.9982E-05 9.9982E-05
0.107177 0.551975 0.0366878 0.304161
0.142069 0.590208 0.154041 0.113682
0.0649373 0.560603 0.134564 0.239896
0.0616541 0.644215 0.050853 0.243278
0.138546 0.490405 0.203332 0.167717
0.0850717 0.469427 0.162883 0.282618
9.9991E-05 0.494038 0.452264 0.0535983
0.172973 0.809313 0.0176141 9.9991E-05
0.251048 0.722224 0.0189892 0.00773857
0.127876 0.607798 0.0328028 0.231523
0.162188 0.629403 0.0641646 0.144245
0.194617 0.392228 9.9991E-05 0.413055
0.0893083 0.275922 0.133854 0.500916
0.464867 0.173706 0.126911 0.234516
0.185211 0.338412 0.121437 0.35494
0.566721 0.278738 9.9991E-05 0.154441
0.27748 0.378741 9.9991E-05 0.343679
0.3374 0.180326 0.141784 0.340489
0.319724 0.210899 0.194992 0.274385
0.175186 0.381308 0.0615718 0.381934
0.189993 0.32261 0.0782107 0.409187
0.451137 0.172767 0.0550212 0.321074
