0.923118 9.9991E-05 0.0767823
0.925407 0.0225165 0.0520762
0.829626 0.0152577 0.155116
0.827757 9.99926E-05 0.172143
0.912296 9.9991E-05 0.0876039
0.62735 0.237593 0.135057
0.847251 0.0982541 0.0544951
0.788665 0.174137 0.0371979
0.939908 0.059992 9.9991E-05
0.697122 0.151231 0.151646
0.793693 0.153094 0.0532133
0.115976 0.733529 0.150495
0.0792613 0.631479 0.28926
0.113685 0.750775 0.13554
0.15302 0.591929 0.255052
0.178324 0.520935 0.30074
0.0147503 0.667985 0.317265
0.182108 0.565125 0.252767
0.218194 0.781706 9.9991E-05
0.12057 0.614176 0.265254
0.0812253 0.627355 0.29142
9.9991E-05 0.717634 0.282266
0.121166 0.66199 0.216844
0.0907692 0.615428 0.293803
0.149326 0.718556 0.132118
0.1221 0.628562 0.249339
0.112265 0.779424 0.108311
0.822234 9.9991E-05 0.177666
0.802565 0.0318754 0.16556
0.789798 0.0376346 0.172567
0.717332 0.0436085 0.239059
9.9991E-05 0.74244 0.25746
9.9991E-05 0.663003 0.336897
0.233355 0.766545 9.9991E-05
0.0281242 0.774141 0.197735
9.9991E-05 0.646637 0.353263
0.0441907 0.662497 0.293312
0.0797655 0.586798 0.333437
0.079918 0.87034 0.0497421
9.9991E-05 0.60148 0.39842
9.9991E-05 0.866137 0.133763
0.159685 0.840215 9.9991E-05
0.0880801 0.91182 9.9991E-05
0.148783 0.826827 0.02439
0.201426 0.78627 0.0123041
0.0588859 0.701411 0.239703
0.127394 0.676551 0.196055
0.304911 0.616782 0.0783068
0.106922 0.629588 0.26349
0.211911 0.787989 9.9991E-05
0.0578413 0.691286 0.250872
0.0417208 0.579966 0.378314
0.122332 0.675212 0.202456
0.0397119 0.681405 0.278884
0.135859 0.818348 0.0457929
9.9991E-05 0.788849 0.211051
0.016054 0.89543 0.0885163
0.0552324 0.944668 9.9991E-05
9.999E-05 0.9998 9.999E-05
9.9991E-05 0.862776 0.137124
9.9991E-05 0.774728 0.225172
0.0146391 0.713119 0.272242
0.101348 0.811887 0.0867644
0.0783255 0.839814 0.0818607
0.0621819 0.782311 0.155507
0.0306497 0.763812 0.205538
9.9991E-05 0.860372 0.139528
0.0487358 0.951164 9.9991E-05
0.809358 0.0438872 0.146755
0.914433 9.9991E-05 0.0854672
0.869238 9.9991E-05 0.130662
0.918638 9.9991E-05 0.0812619
0.868614 9.9991E-05 0.131286
0.873529 9.9991E-05 0.126371
0.91208 9.9991E-05 0.08782
0.0281158 0.971784 9.9991E-05
9.9991E-05 0.803046 0.196854
9.9991E-05 0.677492 0.322408
0.0241236 0.724236 0.251641
9.9991E-05 0.663217 0.336683
0.104485 0.895415 9.9991E-05
9.9991E-05 0.794108 0.205792
9.9991E-05 0.709257 0.290643
0.00909774 0.799725 0.191178
9.9991E-05 0.742321 0.257579
0.0491711 0.773318 0.177511
0.125581 0.80714 0.0672785
0.122913 0.612819 0.264269
0.0487503 0.756224 0.195026
9.9991E-05 0.721944 0.277956
0.0778218 0.674596 0.247582
0.0708974 0.693071 0.236031
0.0890228 0.732752 0.178226
9.9991E-05 0.647406 0.352494
0.00440498 0.627947 0.367648
0.185306 0.612049 0.202645
9.9991E-05 0.585973 0.413927
0.0157815 0.619555 0.364663
0.103629 0.774888 0.121483
0.13545 0.797229 0.0673209
0.0479929 0.882695 0.0693124
0.069355 0.818523 0.112122
0.0370841 0.824596 0.13832
0.0774724 0.763571 0.158957
0.102962 0.805374 0.0916645
0.0234448 0.618426 0.358129
0.111647 0.77822 0.110134
0.0662875 0.633507 0.300206
0.295556 0.704344 9.9991E-05
0.120296 0.653116 0.226587
0.153851 0.514174 0.331976
0.161034 0.697648 0.141318
0.19368 0.76014 0.0461797
0.047033 0.756531 0.196436
0.19997 0.694427 0.105603
0.00226395 0.896782 0.100954
0.007929 0.722685 0.269386
0.337224 0.27485 0.387926
0.718659 0.0781202 0.203221
0.638281 0.171164 0.190556
0.448617 0.126399 0.424985
9.9991E-05 0.683658 0.316242
9.9991E-05 0.140361 0.859539
0.0195195 0.780486 0.199994
0.0469995 0.853089 0.0999118
9.9991E-05 0.680245 0.319655
0.0405341 0.72785 0.231616
0.00600954 0.694665 0.299326
0.0722642 0.867265 0.060471
0.0417746 9.9991E-05 0.958125
0.0119923 0.00958751 0.97842
9.9991E-05 0.121804 0.878096
0.0139982 0.0837237 0.902278
9.999E-05 9.999E-05 0.9998
0.040358 9.9991E-05 0.959542
0.00413679 9.9991E-05 0.995763
0.0191528 9.9991E-05 0.980747
0.0189946 9.9991E-05 0.980905
0.0122238 9.9991E-05 0.987676
0.0282808 0.110726 0.860993
0.141012 9.9991E-05 0.858888
0.0157763 9.9991E-05 0.984124
0.081921 0.0831641 0.834915
0.105811 9.9991E-05 0.894089
0.0159271 9.9991E-05 0.983973
0.0926547 9.9991E-05 0.907245
0.0119116 9.9991E-05 0.987988
0.0806409 0.171548 0.747811
0.0641804 0.00376889 0.932051
0.47698 0.47095 0.0520701
0.223302 0.538218 0.23848
0.141429 0.567928 0.290643
0.361615 0.439248 0.199137
0.328159 0.412855 0.258986
0.174093 0.456648 0.369259
0.139909 0.435387 0.424704
0.219338 0.378853 0.40181
0.890307 0.032984 0.076709
0.910475 9.9991E-05 0.0894249
0.969753 9.9991E-05 0.030147
0.967536 9.9991E-05 0.0323644
0.894265 9.9991E-05 0.105635
0.874265 9.9991E-05 0.125635
0.86207 9.9991E-05 0.13783
0.944457 0.02188 0.0336632
0.911312 9.9991E-05 0.088588
0.850762 9.9991E-05 0.149138
0.739305 0.260595 9.9991E-05
0.723932 0.275968 9.9991E-05
0.699 0.3009 9.9991E-05
0.590525 0.409375 9.9991E-05
9.9991E-05 0.774263 0.225637
9.9991E-05 0.716853 0.283047
0.0218974 0.700284 0.277819
0.0695362 0.772711 0.157753
0.1363 0.8636 9.9991E-05
0.030398 0.617722 0.35188
9.9991E-05 0.711148 0.288752
9.9991E-05 0.760951 0.238949
9.9991E-05 0.779345 0.220555
0.035906 0.772969 0.191125
0.0160384 0.983862 9.9991E-05
0.0134056 0.843393 0.143202
9.9991E-05 0.742066 0.257834
0.0972419 0.902658 9.9991E-05
0.347668 0.652232 9.9991E-05
0.280914 0.718986 9.9991E-05
0.313748 0.686152 9.9991E-05
0.322283 0.677617 9.9991E-05
0.271014 0.728886 9.9991E-05
0.31576 0.668743 0.0154968
0.862236 9.9991E-05 0.137664
0.863525 9.9991E-05 0.136375
0.782903 9.9991E-05 0.216997
0.804101 0.00498962 0.190909
0.784157 0.0368298 0.179013
0.582562 0.417338 9.9991E-05
0.589622 0.410278 9.9991E-05
0.590864 0.409036 9.9991E-05
0.796439 0.0124156 0.191145
0.532455 0.467445 9.9991E-05
0.219706 0.201949 0.578345
0.103356 0.282248 0.614396
0.249388 0.277593 0.473019
0.521571 0.0883643 0.390064
0.0357862 0.785878 0.178336
0.0422575 0.802767 0.154975
0.17691 0.739221 0.0838689
0.0178685 0.758549 0.223583
0.0595164 0.940384 9.9991E-05
0.0454535 0.695772 0.258775
0.10474 0.765778 0.129482
0.0571828 0.911854 0.0309634
0.018853 0.752301 0.228846
0.0596446 0.658713 0.281642
0.142938 0.457136 0.399926
0.0109236 0.787128 0.201948
0.0792307 0.72594 0.19483
9.9991E-05 0.662205 0.337695
9.9991E-05 0.758565 0.241335
0.0357298 0.561379 0.402891
0.752147 9.9991E-05 0.247753
0.837711 0.002411 0.159878
0.824575 0.0988898 0.076535
0.789067 0.094116 0.116817
0.854578 9.9991E-05 0.145322
0.157947 0.755567 0.0864867
0.0138022 0.594164 0.392034
0.0899283 0.65199 0.258082
0.0988253 0.715252 0.185923
0.272799 0.727101 9.9991E-05
0.0426424 0.730502 0.226855
0.17645 0.731282 0.0922685
0.109992 0.66613 0.223878
0.270587 0.729313 9.9991E-05
0.190602 0.742341 0.0670571
0.085316 0.739551 0.175133
0.145534 0.706771 0.147695
0.0371639 0.650154 0.312682
0.061903 0.788935 0.149162
0.0740745 0.696447 0.229478
0.052184 0.945073 0.00274334
0.0570921 0.859322 0.0835864
9.9991E-05 0.750023 0.249877
0.0833865 0.916513 9.9991E-05
9.9991E-05 0.737001 0.262899
0.205101 0.794799 9.9991E-05
9.9991E-05 0.863356 0.136544
0.0658659 0.721006 0.213128
0.0132293 0.614808 0.371962
0.0554687 0.850806 0.0937248
0.018052 0.65852 0.323428
0.0346739 0.767482 0.197844
0.0427474 0.784108 0.173144
0.0520149 0.740394 0.207591
9.9991E-05 0.640551 0.359349
0.11706 0.683177 0.199762
9.9991E-05 0.648204 0.351696
0.125699 0.674867 0.199434
0.127285 0.566592 0.306123
0.283008 0.319964 0.397028
0.0836367 0.344694 0.57167
0.0338043 0.57561 0.390586
0.160442 0.379434 0.460125
9.9991E-05 0.738517 0.261384
0.3682 0.474967 0.156833
0.118997 0.438395 0.442607
0.0496898 0.455843 0.494467
0.187134 0.484901 0.327964
0.118079 0.364239 0.517682
0.639762 0.139496 0.220742
0.129195 0.365634 0.505171
0.156389 0.465686 0.377925
0.0147666 0.691583 0.293651
9.999E-05 0.9998 9.999E-05
0.0747369 0.925163 9.9991E-05
0.0843743 0.345831 0.569795
0.123644 0.352766 0.52359
0.226695 0.34802 0.425285
0.182798 0.344622 0.47258
0.130967 0.699411 0.169622
0.211955 0.607884 0.180161
0.00361595 0.607658 0.388726
0.0220695 0.593309 0.384622
0.0832361 0.632573 0.284191
0.0127555 0.600058 0.387186
0.0330812 0.565105 0.401814
0.0585448 0.832681 0.108774
0.005782 0.809358 0.18486
0.108363 0.684904 0.206733
9.9991E-05 0.787909 0.211991
0.0114674 0.906172 0.0823609
9.9991E-05 0.674937 0.324963
9.9991E-05 0.930262 0.0696375
0.0403993 0.743308 0.216293
0.18896 0.361133 0.449908
0.240796 0.396219 0.362985
0.338733 0.546835 0.114432
0.0683828 0.407272 0.524345
0.522399 0.287338 0.190263
0.00323627 0.504762 0.492001
9.9991E-05 0.976886 0.0230145
0.0375858 0.962314 9.9991E-05
9.9991E-05 0.781335 0.218565
9.9991E-05 0.642088 0.357812
9.9991E-05 0.831469 0.168431
9.9991E-05 0.727523 0.272377
9.9991E-05 0.708551 0.291349
0.818207 0.0356567 0.146136
0.796699 0.0701323 0.133169
0.883494 9.9991E-05 0.116406
0.910745 9.9991E-05 0.0891547
9.9991E-05 0.69666 0.30324
9.9991E-05 0.768008 0.231892
0.054652 0.898264 0.0470836
9.9991E-05 0.632121 0.367779
0.0172989 0.864049 0.118652
0.239074 0.30681 0.454116
9.9991E-05 0.762685 0.237215
0.0126391 0.841686 0.145675
9.9991E-05 0.702909 0.296991
0.00358019 0.794555 0.201864
9.9991E-05 0.682251 0.317649
9.9991E-05 0.993902 0.00599813
9.9991E-05 0.843597 0.156303
9.9991E-05 0.831082 0.168818
9.999E-05 0.9998 9.999E-05
9.9991E-05 0.80115 0.19875
0.00120989 0.93552 0.06327
0.0519074 0.947993 9.9991E-05
0.0254948 0.646278 0.328228
0.0464519 0.869294 0.0842539
9.9991E-05 0.711939 0.287961
9.9991E-05 0.809389 0.190511
9.9991E-05 0.745015 0.254885
9.9991E-05 0.712347 0.287553
0.0360569 0.69039 0.273553
9.9991E-05 0.856571 0.143329
0.795897 0.204003 9.9991E-05
0.795476 0.142309 0.0622143
0.915102 0.0847976 9.9991E-05
0.908633 0.0907194 0.000647571
0.769209 0.221184 0.00960734
0.0660019 0.876034 0.0579645
0.086235 0.89835 0.0154154
9.9991E-05 0.921271 0.0786291
0.00700239 0.83443 0.158568
9.9991E-05 0.603525 0.396375
0.0317067 0.765218 0.203075
0.0125474 0.727531 0.259921
9.9991E-05 0.882528 0.117372
0.0603885 0.829254 0.110357
9.9991E-05 0.880139 0.119761
0.0825809 0.673844 0.243575
0.0113177 0.786902 0.201781
0.0518377 0.714388 0.233774
0.0782075 0.214657 0.707136
0.109207 0.218235 0.672558
0.0080496 0.716227 0.275723
0.326766 0.0151046 0.65813
0.180882 0.141841 0.677278
0.133434 0.507931 0.358636
0.0982656 0.577128 0.324607
0.161327 0.603694 0.234978
0.24939 0.0742924 0.676318
0.0934999 0.127773 0.778728
0.139222 0.23704 0.623738
0.109296 0.220652 0.670052
0.121854 0.591699 0.286447
0.206927 0.061237 0.731836
0.239167 0.717988 0.0428451
9.9991E-05 0.574119 0.425781
0.0665248 0.589953 0.343522
0.119952 0.560569 0.319479
0.19615 0.425932 0.377919
0.219751 0.280417 0.499832
0.228931 0.0359976 0.735072
0.0879712 0.719996 0.192033
0.165612 0.654571 0.179816
0.134831 0.622202 0.242967
0.196867 0.351235 0.451898
0.483233 0.327355 0.189412
0.491944 0.328659 0.179397
0.206566 0.552463 0.24097
0.462074 0.320264 0.217662
0.55142 0.17469 0.27389
0.177949 0.487208 0.334842
0.244872 0.41879 0.336338
0.314819 0.400363 0.284818
0.375885 0.37216 0.251954
0.154827 0.483726 0.361447
0.298042 0.463573 0.238385
0.628726 0.233602 0.137673
0.176684 0.351656 0.47166
0.297533 0.282415 0.420051
0.150349 0.249062 0.600589
0.109324 0.337782 0.552894
0.296351 0.258504 0.445145
0.150231 0.350206 0.499564
0.217233 0.225238 0.557529
0.227714 0.327563 0.444723
0.16678 0.560501 0.272719
0.269459 0.240199 0.490342
0.405013 0.222149 0.372837
0.323266 0.25882 0.417914
0.860209 0.0954118 0.0443796
0.259023 0.740877 9.9991E-05
0.25095 0.74895 9.9991E-05
0.304191 0.695709 9.9991E-05
0.219844 0.780056 9.9991E-05
0.288885 0.711015 9.9991E-05
0.16706 0.83284 9.9991E-05
0.280147 0.719753 9.9991E-05
0.446219 0.553681 9.9991E-05
0.914503 9.9991E-05 0.0853969
0.841566 0.0869858 0.0714485
0.883641 9.9991E-05 0.116259
0.87617 0.0417235 0.082106
0.878715 9.9991E-05 0.121185
0.940505 9.9991E-05 0.0593949
0.766812 0.0289281 0.20426
0.877815 9.9991E-05 0.122085
0.754682 0.100349 0.144969
0.877658 9.9991E-05 0.122242
0.990991 0.00151979 0.0074889
0.888833 9.9991E-05 0.111067
0.965264 9.9991E-05 0.0346358
0.881922 9.9991E-05 0.117978
0.856217 9.9991E-05 0.143683
0.818608 9.9991E-05 0.181292
0.72527 9.9991E-05 0.27463
0.765099 9.9991E-05 0.234801
0.778199 9.9991E-05 0.221701
0.151609 0.621946 0.226445
0.0309435 0.659428 0.309628
0.15817 0.762472 0.0793582
0.131074 0.581197 0.287729
0.256864 0.660848 0.0822878
0.0278535 0.563623 0.408523
0.0828533 0.775724 0.141423
0.072625 0.648752 0.278623
0.0541806 0.662649 0.283171
0.11924 0.66464 0.21612
0.103561 0.59861 0.29783
0.103297 0.876917 0.019786
0.1747 0.8252 9.9991E-05
0.168954 0.765067 0.0659792
0.129626 0.604912 0.265461
0.116695 0.571993 0.311312
0.202783 0.376618 0.420599
0.162818 0.434917 0.402264
0.500917 0.246644 0.25244
0.208543 0.412284 0.379173
0.557297 0.24742 0.195283
0.277311 0.331472 0.391217
0.322919 0.292373 0.384708
0.343057 0.380466 0.276476
0.165902 0.40313 0.430968
0.222085 0.36767 0.410245
0.480492 0.193805 0.325703
