9.9991E-05 0.0479161 0.0450938 0.90689
9.999E-05 0.00108343 0.0173628 0.981454
0.116769 0.0378993 9.9991E-05 0.845231
0.0400733 0.106712 0.0390418 0.814173
0.0378146 0.0699001 9.9991E-05 0.892185
0.124938 0.081819 0.123571 0.669672
9.9991E-05 0.0229401 0.0875783 0.889382
9.999E-05 0.0834092 0.129881 0.786609
9.9982E-05 9.9982E-05 0.122605 0.877195
0.135488 0.0676031 0.0587386 0.738171
0.0777985 9.9991E-05 0.121697 0.800405
0.377281 0.0389014 0.559095 0.0247229
0.542758 0.106836 0.281687 0.0687184
0.159008 0.164944 0.610888 0.0651598
0.348818 0.149886 0.415845 0.0854509
0.40623 0.204891 0.275937 0.112941
0.687065 0.134366 0.103217 0.0753521
0.506814 0.101618 0.339401 0.0521675
0.370753 0.140588 0.373199 0.115461
9.9991E-05 0.113 0.75879 0.12811
0.461722 0.106337 0.371526 0.0604149
0.53642 0.131797 0.312818 0.0189642
0.625818 0.092095 0.240735 0.041352
0.311658 0.160039 0.487086 0.0412175
0.648281 0.081671 0.0997122 0.170336
0.555927 0.159291 0.180516 0.104266
0.231 0.126741 0.516499 0.12576
0.210596 0.224063 0.488689 0.0766526
0.286339 0.0219992 0.612665 0.0789965
0.0272809 0.10168 9.9991E-05 0.870939
0.0631317 0.0619556 9.9991E-05 0.874813
0.145637 0.0473693 9.9991E-05 0.806894
0.120644 0.103916 9.9991E-05 0.77534
0.726474 9.9991E-05 0.212315 0.061111
0.615264 0.041814 0.198193 0.144729
0.780258 9.9991E-05 0.155644 0.0639983
0.220734 0.0372225 0.56358 0.178464
0.555125 9.9982E-05 0.444675 9.9982E-05
0.596395 0.0355497 0.258843 0.109213
0.801937 0.0355001 0.0969302 0.0656322
0.734704 9.9991E-05 0.112297 0.152898
0.690162 9.9991E-05 0.141666 0.168072
0.327404 9.9982E-05 0.672396 9.9982E-05
0.572229 0.194742 0.212703 0.0203255
0.694591 0.054123 0.128531 0.122755
0.706373 0.0210286 0.10046 0.172138
0.557108 9.9982E-05 0.442692 9.9982E-05
0.773659 0.0204381 0.169585 0.0363178
0.749081 0.00381724 0.0896805 0.157421
0.102808 9.9991E-05 0.793492 0.1036
0.265734 0.0230302 0.658776 0.0524598
0.101473 0.0960597 0.752038 0.0504291
0.614673 0.0639356 0.20175 0.119641
0.639543 0.115718 0.148267 0.0964724
0.68517 0.113386 0.115486 0.0859572
0.264999 9.9991E-05 0.591167 0.143734
0.682359 9.9991E-05 0.235753 0.0817874
0.68335 0.108095 0.0605707 0.147984
0.473971 0.0242116 0.303154 0.198664
0.103376 0.108131 0.569473 0.219019
0.676505 0.0683606 0.200006 0.055128
0.476333 0.0521806 0.342645 0.128842
0.155895 9.9991E-05 0.768971 0.0750338
0.611864 0.0677143 0.312067 0.00835461
0.549295 0.177509 0.25499 0.0182053
0.642521 0.102097 0.218524 0.0368581
0.334292 0.0835631 0.494448 0.0876977
0.653561 9.9991E-05 0.255957 0.0903813
0.697792 0.0972836 0.118963 0.0859621
0.338185 9.9991E-05 0.554021 0.107694
0.736482 9.9982E-05 0.263318 9.9982E-05
0.452517 9.9991E-05 0.541553 0.00582997
0.61271 0.106079 0.204429 0.076782
0.280284 9.9982E-05 0.719516 9.9982E-05
0.240225 9.9982E-05 0.759575 9.9982E-05
0.540122 9.9982E-05 0.459678 9.9982E-05
0.644529 9.9982E-05 0.355271 9.9982E-05
0.629196 0.108416 0.122382 0.140006
0.638037 9.9991E-05 0.346504 0.0153594
0.436339 0.011585 0.493111 0.0589643
0.424001 9.9991E-05 0.500014 0.0758845
0.678231 0.0727117 0.114239 0.134818
0.540843 0.0237546 0.411087 0.0243147
0.617781 9.9991E-05 0.317853 0.0642658
0.695085 9.9982E-05 0.304715 9.9982E-05
0.187302 0.0605642 0.752034 9.9991E-05
0.754851 0.0198483 0.144499 0.0808019
0.0743999 0.060877 0.00217553 0.862548
0.0683622 9.9982E-05 9.9982E-05 0.931438
0.0660813 0.0326836 9.9991E-05 0.901135
0.045732 0.0297891 9.9991E-05 0.924379
0.0829704 0.024149 9.9991E-05 0.892781
0.0692643 0.0460845 9.9991E-05 0.884551
0.0485625 0.0198017 9.9991E-05 0.931536
0.535181 0.0881013 0.247292 0.129426
0.68943 0.00967463 0.229667 0.0712277
0.345741 9.9982E-05 0.654059 9.9982E-05
0.667736 0.0841268 0.123235 0.124903
0.699525 9.9991E-05 0.278101 0.022274
0.768024 0.0248582 0.195322 0.0117951
0.750144 0.00745307 0.204339 0.0380638
0.617151 0.120209 0.235641 0.0269995
0.181731 9.9991E-05 0.76077 0.0573988
0.639212 0.0691098 0.182513 0.109165
0.775357 0.0480898 0.0886206 0.0879331
0.704302 0.091312 0.104515 0.0998713
0.517893 0.0229711 0.459036 9.9991E-05
0.738237 9.9991E-05 0.22495 0.0367127
0.606914 0.0290115 0.357924 0.0061512
0.597268 0.0477545 0.354877 9.9991E-05
0.659917 9.9991E-05 0.262415 0.0775677
0.643033 0.0523976 0.16982 0.134749
0.201706 0.098956 0.599167 0.100171
0.470667 0.0952787 0.295045 0.139009
0.688341 0.0282588 0.139152 0.144249
0.61437 0.0705642 0.176018 0.139048
0.564989 0.0461418 0.283826 0.105043
0.661409 0.0680444 0.263864 0.00668317
0.559381 0.0147724 0.293085 0.132761
0.583225 0.0368553 0.216629 0.16329
0.720929 0.015179 0.133587 0.130305
0.717244 0.019877 0.205683 0.0571957
0.625529 9.9991E-05 0.34072 0.0336509
0.665307 0.134234 0.156681 0.0437781
0.644104 0.129837 0.132048 0.0940115
0.650283 0.146306 0.203311 9.9991E-05
0.653137 0.0793504 0.208294 0.0592184
0.700141 0.0406243 0.221062 0.0381722
0.383565 0.0623934 0.358899 0.195143
0.729007 0.0830385 0.125497 0.0624582
0.764315 0.0652926 0.125449 0.0449426
0.358987 0.0791375 0.545437 0.0164388
0.125313 0.188939 0.648345 0.0374028
0.592733 0.0288024 0.232286 0.146178
0.10952 0.125128 0.765252 9.9991E-05
0.397557 0.000507624 0.507559 0.0943763
0.626776 9.9991E-05 0.35665 0.0164736
0.41876 9.9991E-05 0.488494 0.0926463
0.391346 0.061547 0.511164 0.0359438
0.676245 0.108049 0.131328 0.0843775
0.689996 9.9991E-05 0.158193 0.151711
0.574668 0.0901637 0.218041 0.117127
0.182832 0.132704 0.684364 9.9991E-05
0.667507 9.9991E-05 0.106713 0.22568
0.547448 0.138843 0.247276 0.0664336
0.0826568 0.0313841 0.693035 0.192924
0.654904 0.099906 0.0903315 0.154859
0.483873 0.0573978 0.377796 0.0809339
0.568727 0.116242 0.188716 0.126315
0.256988 0.108915 0.484089 0.150009
0.343031 9.9991E-05 0.503251 0.153618
0.423478 0.0619247 0.42597 0.0886275
0.655116 0.0251514 0.214645 0.105088
0.600254 9.9991E-05 0.235797 0.163849
0.0881342 0.205168 0.621033 0.0856645
0.566093 0.120569 0.245749 0.0675893
0.594807 9.9982E-05 0.404993 9.9982E-05
0.611861 0.0111126 0.376926 9.9991E-05
0.609445 0.111392 0.127063 0.1521
0.180376 0.27523 0.202366 0.342028
9.9991E-05 0.166684 0.166488 0.666728
9.9991E-05 0.219633 0.280228 0.500039
0.105414 0.361181 0.0774298 0.455975
0.774932 0.0191252 0.205843 9.9991E-05
0.617499 0.0669044 0.222665 0.0929319
0.218453 0.781347 9.9982E-05 9.9982E-05
0.354004 0.455135 0.121175 0.0696854
0.407552 0.38652 0.0635672 0.14236
0.470826 0.0444452 0.453435 0.0312937
0.59392 0.0863916 0.228206 0.0914823
0.3566 0.0805868 0.55131 0.0115031
0.702931 0.0321178 0.207815 0.0571359
0.588258 0.00410078 0.316359 0.0912822
0.631884 0.0958643 0.190389 0.0818637
0.341528 0.0319923 0.626379 9.9991E-05
0.812994 0.0809785 0.0442416 0.0617861
0.724911 0.0720455 0.090008 0.113035
0.00471287 0.982051 9.9991E-05 0.0131365
0.0531877 0.912741 9.9991E-05 0.0339714
0.284445 0.581502 0.0442785 0.0897737
0.307087 0.652531 9.9991E-05 0.0402811
0.199937 0.764342 0.00156489 0.0341558
9.998E-05 0.9997 9.998E-05 9.998E-05
9.9982E-05 0.986115 0.0136853 9.9982E-05
0.126416 0.873384 9.9982E-05 9.9982E-05
9.998E-05 0.9997 9.998E-05 9.998E-05
9.998E-05 0.9997 9.998E-05 9.998E-05
9.998E-05 0.9997 9.998E-05 9.998E-05
0.163444 0.792874 0.0340851 0.00959611
0.112667 0.830508 0.00597587 0.0508495
0.00401559 0.995784 9.9982E-05 9.9982E-05
0.415472 0.475063 0.106064 0.00340124
0.329815 0.628733 9.9991E-05 0.0413518
0.204967 0.740011 9.9991E-05 0.054922
0.0676721 0.924331 9.9991E-05 0.00789674
9.998E-05 0.9997 9.998E-05 9.998E-05
0.103944 0.861165 9.9991E-05 0.0347912
9.998E-05 0.9997 9.998E-05 9.998E-05
0.241483 0.632834 0.0263373 0.0993454
0.00702046 0.923688 0.0462186 0.0230726
9.9991E-05 0.146116 0.468073 0.385711
0.443087 0.121259 0.208469 0.227186
0.562296 0.0645157 0.110666 0.262522
0.229824 0.154139 0.330319 0.285718
0.55525 0.130209 0.148257 0.166285
0.217145 0.159643 0.314824 0.308388
0.505366 0.111973 0.161865 0.220797
0.416257 0.199239 0.187982 0.196522
0.591037 0.147011 0.0696257 0.192327
0.426141 0.205099 0.116539 0.252222
0.563349 0.0652515 0.111022 0.260377
0.0254259 9.9991E-05 0.0482334 0.926241
9.9982E-05 0.0532955 9.9982E-05 0.946505
9.998E-05 9.998E-05 9.998E-05 0.9997
0.0128893 9.9982E-05 9.9982E-05 0.986911
0.00223612 0.0424849 0.00254503 0.952734
9.9982E-05 0.0984221 9.9982E-05 0.901378
9.9982E-05 0.0930351 9.9982E-05 0.906765
0.0012038 0.0464031 0.045314 0.907079
0.056261 0.0223976 9.9991E-05 0.921241
0.00176034 0.119368 9.9991E-05 0.878772
9.9982E-05 9.9982E-05 0.323349 0.676451
9.9982E-05 9.9982E-05 0.352618 0.647182
9.9982E-05 9.9982E-05 0.400396 0.599404
9.9982E-05 9.9982E-05 0.4323 0.5675
0.622091 0.0262411 0.242339 0.109329
0.683494 0.0218163 0.257657 0.0370329
0.671617 0.030457 0.217157 0.080769
0.543885 9.9991E-05 0.380932 0.0750822
0.230887 0.0366281 0.679478 0.0530062
0.654822 0.0823652 0.147214 0.115599
0.718443 0.0235698 0.257887 9.9991E-05
0.630547 0.058905 0.310448 9.9991E-05
0.622182 0.0268672 0.35085 9.9991E-05
0.735764 0.0542119 0.200831 0.00919294
0.598218 9.9991E-05 0.39128 0.010402
0.0924496 9.9982E-05 0.90735 9.9982E-05
0.643022 0.0220248 0.254795 0.0801584
0.43738 9.9991E-05 0.54443 0.0180898
0.692531 0.0436241 0.263745 9.9991E-05
0.346219 9.9991E-05 0.599376 0.0543054
0.0114411 9.9991E-05 0.722972 0.265486
0.111666 9.9991E-05 0.657588 0.230646
0.0595592 9.9991E-05 0.770487 0.169853
9.9982E-05 9.9982E-05 0.781125 0.218675
0.0825153 9.9991E-05 0.785971 0.131414
0.110423 0.00529269 0.649603 0.234681
0.0563942 0.0650659 9.9991E-05 0.87844
0.047238 0.0778052 9.9991E-05 0.874857
0.112562 0.107801 9.9991E-05 0.779538
0.0506795 0.110733 0.0199101 0.818678
0.0604999 0.133206 9.9991E-05 0.806195
9.9982E-05 9.9982E-05 0.499709 0.500091
9.9982E-05 9.9982E-05 0.458681 0.541119
0.0296102 9.9991E-05 0.46588 0.50441
0.0803721 0.0654378 9.9991E-05 0.85409
9.9982E-05 9.9982E-05 0.520477 0.479323
0.247112 0.428073 0.121155 0.20366
0.617865 0.169221 9.9991E-05 0.212815
0.549189 0.293757 9.9991E-05 0.156954
0.318772 0.248892 0.15549 0.276845
0.589737 0.17752 0.0421287 0.190614
9.9991E-05 0.342532 0.126414 0.530954
0.508926 0.0126833 0.427414 0.0509773
0.494455 9.9991E-05 0.458843 0.0466022
0.347438 9.9991E-05 0.479501 0.172961
0.602003 0.0273849 0.347959 0.0226534
9.998E-05 9.998E-05 0.9997 9.998E-05
0.471602 0.117157 0.304714 0.106528
0.565963 0.00899361 0.317458 0.107586
0.439771 9.9991E-05 0.417858 0.14227
0.646106 0.0466837 0.166659 0.140551
0.254326 9.9991E-05 0.691064 0.0545097
0.552704 0.0272677 0.387675 0.0323533
0.6009 0.117601 0.249423 0.0320772
0.406941 0.251568 0.163012 0.178479
0.43858 0.0583108 0.503009 9.9991E-05
0.54373 0.0397045 0.328169 0.0883967
0.621913 0.0802341 0.297753 9.9991E-05
0.561752 0.0814696 0.316277 0.0405014
0.719986 0.0970956 0.182818 9.9991E-05
0.553468 0.177233 0.126121 0.143178
0.556906 0.112828 0.267319 0.0629469
0.110292 0.0955065 9.9991E-05 0.794101
0.0603948 0.0461286 9.9991E-05 0.893377
0.0954251 0.0199881 0.0798622 0.804725
0.0660515 0.0320577 0.027716 0.874175
0.0657797 0.0423498 9.9991E-05 0.891771
0.126997 0.126206 0.715867 0.0309305
0.549988 0.101629 0.241642 0.106742
0.432415 0.233678 0.0859856 0.247921
0.646802 0.11103 0.15961 0.0825576
0.610931 0.0325705 0.248602 0.107896
0.287874 0.120126 0.499325 0.0926749
0.084721 9.9991E-05 0.68773 0.227449
0.645404 9.9991E-05 0.211254 0.143242
0.18 0.115048 0.582538 0.122415
0.539094 0.0903155 0.318723 0.0518672
0.123816 0.100781 0.605573 0.169829
0.639355 0.0752642 0.133573 0.151808
0.253058 0.0543641 0.585841 0.106737
0.402463 0.080783 0.436393 0.0803611
0.586441 0.0342352 0.269791 0.109533
0.375425 0.0612223 0.534553 0.0288003
0.636867 0.0384147 0.238037 0.086682
0.686265 0.0831978 0.0525691 0.177969
0.490166 9.9991E-05 0.45587 0.0538634
0.503824 0.102708 0.24301 0.150458
0.721478 9.9991E-05 0.133358 0.145064
0.273226 9.9982E-05 0.726574 9.9982E-05
0.4357 9.9991E-05 0.53734 0.0268596
0.697504 9.9991E-05 0.241972 0.0604233
0.299764 9.9991E-05 0.665535 0.0346013
0.657344 9.9991E-05 0.304643 0.0379125
0.15635 0.0415808 0.687249 0.11482
0.313888 0.0651248 0.620887 9.9991E-05
0.423382 0.0675313 0.412669 0.0964176
0.668046 0.145106 0.12929 0.0575585
0.362768 0.0289415 0.586531 0.0217592
0.535494 0.135132 0.303177 0.0261965
0.593791 0.167111 0.193868 0.04523
0.64837 0.096172 0.218887 0.0365717
0.568171 0.103938 0.275987 0.0519039
0.523443 0.0703992 0.336995 0.0691627
0.309015 0.0965571 0.594328 9.9991E-05
0.361946 0.171378 0.465494 0.00118124
0.685617 0.10655 0.207733 9.9991E-05
0.781044 0.00229548 0.114987 0.101674
0.501382 0.0833694 0.356086 0.0591629
0.543359 0.135496 0.309794 0.0113509
0.482396 0.0542423 0.374044 0.0893181
0.72063 0.0442981 0.154752 0.08032
0.600179 0.115982 0.236316 0.0475227
0.454099 0.147043 0.298708 0.100151
0.496056 0.153683 9.9991E-05 0.350161
0.604153 0.246901 0.0178724 0.131074
0.54421 0.192767 0.106386 0.156637
0.680632 0.115585 0.0927521 0.111031
0.495511 0.247067 0.035825 0.221597
0.556439 0.0789852 0.364476 9.9991E-05
0.512275 0.225158 0.0077606 0.254806
0.0233361 0.199099 0.489246 0.288319
0.550808 0.211886 0.103628 0.133679
0.671318 0.164011 0.0114093 0.153262
0.549562 0.249903 0.118049 0.0824864
0.353242 0.186944 0.23587 0.223944
0.606883 0.172603 9.9991E-05 0.220413
0.57289 0.215377 0.0335899 0.178143
9.9991E-05 0.223982 0.223287 0.552632
0.584637 0.139533 0.0070193 0.268811
0.577547 0.248281 9.9991E-05 0.174072
0.734755 0.114942 0.0150408 0.135262
0.56111 0.239313 9.9991E-05 0.199477
0.58067 0.163658 0.0917911 0.163881
0.488644 0.127834 0.326711 0.0568116
0.680888 0.0477319 0.201182 0.0701974
0.137235 0.0483569 0.814308 9.9991E-05
0.175857 0.0219187 0.802124 9.9991E-05
0.572128 0.141384 0.253072 0.0334156
0.46254 0.301637 0.0332982 0.202525
0.399825 0.420061 0.0553576 0.124757
0.1411 0.406043 0.248752 0.204105
0.347805 0.369426 0.131961 0.150808
0.0834396 0.222551 0.628284 0.0657245
0.189013 0.182667 0.520383 0.107938
0.67339 0.13196 0.19455 9.9991E-05
0.595235 0.150559 0.20813 0.0460762
0.27253 0.191118 0.450438 0.0859142
0.549673 0.136274 0.201144 0.11291
0.636067 0.169366 0.178751 0.015816
0.448732 0.271188 0.232917 0.047163
0.508262 9.9991E-05 0.460712 0.0309266
0.445531 0.0760152 0.472326 0.00612805
0.648961 0.10726 0.18799 0.0557886
0.520407 0.0826977 0.34624 0.0506561
0.531975 0.119883 0.236003 0.11214
0.611738 0.0234916 0.36467 9.9991E-05
0.335079 0.0515282 0.613293 9.9991E-05
0.788637 9.9991E-05 0.163669 0.0475931
0.63359 0.0460196 0.210988 0.109402
0.340427 0.0059403 0.653533 9.9991E-05
0.617742 0.049368 0.294173 0.0387172
0.611202 0.0845645 0.231207 0.0730265
0.61848 0.0493943 0.238408 0.0937182
0.494022 0.241301 0.112359 0.152318
0.487945 0.17819 0.18294 0.150924
0.378109 0.317311 0.137106 0.167474
0.362947 0.281554 0.135295 0.220203
0.577619 0.239772 0.021773 0.160836
0.486338 0.230102 0.137174 0.146386
9.9991E-05 0.247329 0.56189 0.190681
0.605651 0.264782 0.0739714 0.0555962
9.9991E-05 0.197377 0.364772 0.437752
0.511441 0.259814 0.176011 0.0527339
0.317799 9.9982E-05 0.682001 9.9982E-05
0.0799293 0.0124453 0.890427 0.0171981
0.612766 0.0189238 0.36821 9.9991E-05
0.70517 0.0960943 0.179401 0.0193352
0.61015 9.9991E-05 0.376857 0.0128929
0.594612 0.0746868 0.330601 9.9991E-05
0.670182 0.0555441 0.274174 9.9991E-05
0.057425 0.0825278 0.039175 0.820872
9.9991E-05 0.129609 0.0832719 0.78702
9.9982E-05 0.0864017 9.9982E-05 0.913398
0.0215321 9.9982E-05 9.9982E-05 0.978268
0.612512 0.0631989 0.29436 0.0299298
0.669344 0.00468564 0.199984 0.125987
0.701436 9.9982E-05 0.298364 9.9982E-05
0.754218 0.0286484 0.113439 0.103694
0.622516 0.0743391 0.191957 0.111189
0.471939 0.00490627 0.523055 9.9991E-05
0.786033 0.00177526 0.181287 0.0309048
0.601881 9.9991E-05 0.386801 0.0112178
0.542298 0.135478 9.9991E-05 0.322123
0.508526 0.0967514 0.394623 9.9991E-05
0.561906 9.9982E-05 0.437894 9.9982E-05
0.810498 9.9982E-05 0.189302 9.9982E-05
0.590359 9.9991E-05 0.379543 0.0299979
0.771611 0.0148752 0.213414 9.9991E-05
0.604522 0.0829096 0.219818 0.0927502
0.362991 9.9982E-05 0.636809 9.9982E-05
0.486706 0.0161628 0.497031 9.9991E-05
0.58464 9.9982E-05 0.41516 9.9982E-05
0.209207 9.9982E-05 0.790593 9.9982E-05
0.625581 0.00858721 0.325702 0.0401296
0.356286 9.9982E-05 0.643514 9.9982E-05
0.146413 9.9982E-05 0.853387 9.9982E-05
0.799128 9.9991E-05 0.144231 0.0565417
0.409753 9.9991E-05 0.550406 0.0397405
0.590969 0.127276 0.281655 9.9991E-05
0.777964 0.0825144 0.0389906 0.10053
0.642832 0.0345809 0.258641 0.0639463
0.259505 0.14379 0.596606 9.9991E-05
0.6708 0.0398517 0.280786 0.00856187
0.718796 0.0228228 0.231091 0.0272902
0.550018 9.9982E-05 0.449782 9.9982E-05
0.76241 9.9991E-05 0.173225 0.0642645
0.0478829 9.9991E-05 0.258835 0.693182
0.0921271 0.000136864 0.0942554 0.813481
9.9982E-05 9.9982E-05 0.130715 0.869085
9.9982E-05 9.9982E-05 0.128734 0.871066
0.0455641 9.9991E-05 0.142856 0.811479
0.410388 9.9991E-05 0.566053 0.0234589
0.377595 9.9991E-05 0.562384 0.0599202
0.421439 9.9982E-05 0.578361 9.9982E-05
0.677061 0.123761 0.109102 0.0900754
0.662556 0.070108 0.145229 0.122107
0.52091 0.0564842 0.400978 0.0216283
0.779914 0.0511924 0.168793 9.9991E-05
0.595233 0.022931 0.313219 0.0686174
0.708428 9.9991E-05 0.199457 0.092015
0.710657 0.0896018 0.139572 0.0601683
0.477092 0.00299558 0.519812 9.9991E-05
0.609237 9.9982E-05 0.390563 9.9982E-05
0.587386 9.9982E-05 0.412414 9.9982E-05
0.758927 0.00903312 0.124231 0.107809
0.649213 9.9991E-05 0.327125 0.0235625
0.748084 9.9991E-05 0.195131 0.056685
0.441488 0.457341 9.9991E-05 0.101071
0.405848 0.492035 0.0117932 0.0903239
0.419092 0.455615 9.9991E-05 0.125192
0.339511 0.470369 9.9991E-05 0.19002
0.45086 0.387531 0.0772109 0.0843981
0.701921 0.0366628 0.164748 0.0966683
0.0608211 0.704083 0.0145026 0.220593
0.335691 0.495933 9.9991E-05 0.168276
0.518149 0.188948 0.138062 0.154841
0.676151 9.9991E-05 0.144465 0.179284
0.412543 0.0683173 0.34089 0.17825
0.739877 0.0854431 0.0328657 0.141814
0.7194 0.066176 0.139015 0.0754091
0.335417 0.420907 9.9991E-05 0.243577
0.393518 0.408303 0.0990246 0.0991541
0.463452 0.491605 9.9991E-05 0.0448433
0.417048 0.338488 0.116129 0.128335
0.311627 0.517108 9.9991E-05 0.171165
0.467791 0.362197 0.056287 0.113726
0.259652 0.607625 0.0250204 0.107703
0.353862 0.422901 0.0498149 0.173422
0.714947 0.0373178 0.155147 0.0925883
0.421452 0.336085 9.9991E-05 0.242363
0.138663 0.683568 9.9991E-05 0.177668
0.543764 0.287039 9.9991E-05 0.169097
0.284201 9.9991E-05 0.482488 0.23321
0.612465 0.142655 0.174421 0.0704593
0.413497 0.295857 0.0722462 0.2184
0.696164 9.9991E-05 0.132762 0.170973
0.607881 0.0811849 0.113409 0.197525
0.444716 0.216929 0.0516535 0.286701
0.470716 0.259347 0.0496205 0.220317
0.545203 0.18941 0.140521 0.124865
0.376195 0.451548 9.9991E-05 0.172157
0.440751 0.492701 9.9991E-05 0.0664482
0.159868 0.591172 0.0156287 0.233331
0.774694 0.0702958 0.0409747 0.114035
0.593279 9.9991E-05 0.241945 0.164675
0.293825 0.0423509 0.480418 0.183406
0.674611 0.099769 0.033745 0.191875
0.449505 0.0803255 0.349935 0.120235
0.573729 0.13511 0.0589113 0.23225
0.672808 0.0453214 0.0683571 0.213513
9.9991E-05 0.26937 0.360114 0.370416
9.9991E-05 0.239416 0.385403 0.375081
0.292491 0.237716 0.329852 0.139941
0.0379188 0.267031 0.315703 0.379347
9.9991E-05 0.310949 0.192677 0.496274
0.414027 0.121225 0.258254 0.206494
0.433194 0.254666 0.103631 0.208509
0.264944 0.202246 0.239632 0.293178
0.134488 0.174596 0.347612 0.343303
0.482033 0.190082 0.193727 0.134158
0.22507 0.181599 0.356076 0.237256
9.9991E-05 0.15885 0.29542 0.54563
0.522055 0.216533 0.0885146 0.172897
0.306696 0.290056 0.20248 0.200768
0.512848 0.177301 9.9991E-05 0.309751
0.555906 0.27893 9.9991E-05 0.165064
0.499558 0.156901 0.173485 0.170056
0.668336 0.177158 9.9991E-05 0.154406
0.504489 0.27963 0.0754928 0.140388
0.404532 0.222621 9.9991E-05 0.372747
0.459042 0.3135 0.0516817 0.175777
0.501748 0.246838 9.9991E-05 0.251314
0.343535 0.299997 0.131746 0.224723
0.338337 0.164195 0.328789 0.168678
0.608745 0.103021 0.0780639 0.21017
0.653043 0.116875 0.0204705 0.209612
0.665066 0.130483 0.0224912 0.181959
0.385578 0.302564 0.042418 0.26944
0.553176 0.216216 9.9991E-05 0.230508
0.212748 0.265689 0.112561 0.409002
0.509581 0.260118 0.0344418 0.195859
0.305335 0.326118 0.0639402 0.304606
0.00219818 9.9991E-05 0.146338 0.851364
0.16518 9.9991E-05 0.615534 0.219186
9.9982E-05 9.9982E-05 0.803645 0.196155
9.9982E-05 9.9982E-05 0.787529 0.212271
0.0814848 0.0045377 0.839753 0.0742241
0.100113 0.0181219 0.726101 0.155664
0.175476 9.9991E-05 0.715334 0.10909
9.9982E-05 9.9982E-05 0.820601 0.179199
0.010463 9.9991E-05 0.612254 0.377183
0.0253427 0.0220671 0.0124728 0.940117
0.0530257 0.0215177 0.0459854 0.879471
9.9991E-05 0.0835738 0.00215875 0.914167
0.0467558 9.9991E-05 0.0804908 0.872653
9.9991E-05 0.0696481 0.00831116 0.921941
9.9991E-05 0.022921 0.0587341 0.918245
9.9982E-05 0.202881 9.9982E-05 0.796919
0.0216243 0.0608153 9.9991E-05 0.91746
0.0967037 0.0132569 0.138214 0.751826
0.00247369 0.0621751 9.9991E-05 0.935251
9.9982E-05 9.9982E-05 0.0361244 0.963676
0.0234105 0.0611013 0.0348057 0.880683
0.0363833 0.00482873 9.9991E-05 0.958688
0.0723486 0.0208561 9.9991E-05 0.906695
0.0536761 0.0639626 9.9991E-05 0.882261
0.073121 0.054888 9.9991E-05 0.871891
0.0372711 0.163144 9.9991E-05 0.799485
0.0820662 0.110196 9.9991E-05 0.807638
0.122372 0.0737841 9.9991E-05 0.803744
0.483652 0.0555865 0.288684 0.172078
0.76955 9.9991E-05 0.0844541 0.145896
0.686075 9.9991E-05 0.160245 0.153579
0.280877 0.00339135 0.591062 0.12467
0.682948 0.0258719 0.13919 0.15199
0.230543 0.0711098 0.488285 0.210062
0.649819 0.072616 0.154075 0.12349
0.496908 9.9991E-05 0.343245 0.159746
0.647546 9.9991E-05 0.22697 0.125384
0.703035 0.0408897 0.23261 0.0234659
0.500028 0.00602313 0.321284 0.172665
0.815526 0.0035584 0.0506839 0.130232
0.694021 9.9991E-05 0.148119 0.15776
0.109619 0.0901669 0.763129 0.0370855
0.0922917 9.9991E-05 0.774461 0.133147
0.206826 0.0767408 0.561409 0.155024
0.812054 9.9982E-05 9.9982E-05 0.187746
0.556441 0.0866198 0.190778 0.166161
0.740722 9.9991E-05 0.105584 0.153594
0.725346 0.124504 0.15005 9.9991E-05
0.543287 0.230744 0.0399917 0.185978
0.626009 0.188196 9.9991E-05 0.185695
0.176332 0.156656 0.206236 0.460777
0.752482 0.0399969 0.0475747 0.159947
0.427105 0.136203 0.128312 0.308381
9.9991E-05 0.249284 0.3146 0.436016
0.424311 0.253058 0.015022 0.307609
0.262144 0.23498 0.131783 0.371093
0.483933 0.0587883 0.0890353 0.368244
0.422406 0.246354 0.148022 0.183218
0.547846 0.191389 0.0442081 0.216558
0.719112 0.105943 9.9991E-05 0.174845
0.35646 0.255507 0.179437 0.208596
0.431436 0.0840389 0.00179683 0.482728
