0.0280854 0.0864544 9.9973E-05 9.9973E-05 0.0267844 9.9973E-05 0.858376
0.0162044 0.00833166 0.0465467 9.9982E-05 9.9982E-05 0.0157757 0.912942
9.9973E-05 0.0120317 9.9973E-05 9.9973E-05 0.024342 0.136647 0.82668
9.9982E-05 0.0885813 0.0233735 9.9982E-05 0.0732017 0.0238796 0.790764
9.9973E-05 9.9973E-05 0.0374059 9.9973E-05 0.0285276 0.0682202 0.865546
0.183207 0.0953681 9.9991E-05 0.0540609 0.109038 0.0286534 0.529573
0.104212 0.0702581 9.9991E-05 0.0060927 0.00129214 0.00748358 0.810562
0.0559197 0.168121 0.0179517 9.9982E-05 0.0483595 9.9982E-05 0.709448
0.0550954 0.0966512 9.99729E-05 0.0422344 9.99729E-05 9.99729E-05 0.805719
0.0980332 0.00943018 0.0323335 9.9991E-05 0.0213636 0.0993801 0.739359
0.137604 0.116743 9.9973E-05 9.9973E-05 9.9973E-05 0.0611366 0.684216
9.9973E-05 0.429792 9.9973E-05 0.296383 0.0912555 0.18227 9.9973E-05
0.0792468 0.320953 9.9991E-05 0.0347605 0.062015 0.491442 0.0114827
0.0080441 0.391643 0.183181 0.128597 0.082763 0.188498 0.0172734
0.0517879 0.36497 0.0796373 0.00632503 0.16592 0.315189 0.0161705
0.0707733 0.255111 0.0119203 0.163384 0.221408 0.238897 0.0385066
0.0697293 0.127373 0.0972282 0.057739 0.101885 0.543341 0.00270551
0.0451746 0.209679 0.0159912 0.192677 0.160751 0.375627 9.9991E-05
9.9982E-05 0.323302 9.9982E-05 0.215764 0.158625 0.220301 0.0818069
0.0976117 0.591218 0.0735962 0.128934 0.0914297 9.9991E-05 0.0171111
0.0427096 0.163068 0.0282057 0.248338 0.0696905 0.344129 0.10386
0.167793 0.206293 0.07742 0.0703741 0.0777429 0.400278 9.9991E-05
0.0750405 0.150831 0.029116 0.154888 0.0583707 0.493853 0.0379005
0.0982376 0.341677 9.9982E-05 0.186216 0.101409 0.272262 9.9982E-05
0.129248 0.152183 9.9982E-05 9.9982E-05 0.072266 0.61991 0.0261925
0.0091792 0.27814 9.9991E-05 0.132784 0.0850944 0.485299 0.00940241
0.0117306 0.421866 9.9991E-05 0.280324 0.112462 0.153687 0.0198304
0.0287748 0.490096 9.9991E-05 0.152105 0.226384 0.0862795 0.01626
0.0994453 0.403 0.166553 0.102198 0.0146272 0.212713 0.00146329
9.9964E-05 9.9964E-05 9.9964E-05 9.9964E-05 0.0455547 0.0827494 0.871296
9.9964E-05 9.9964E-05 9.9964E-05 9.9964E-05 0.0266023 0.127879 0.845119
9.9982E-05 9.9982E-05 0.00929281 0.0302736 0.0302836 0.142916 0.787034
9.9973E-05 9.9973E-05 9.9973E-05 0.0755778 0.00400124 0.165585 0.754536
0.0518705 0.0571907 0.047631 0.337355 0.0730019 0.410595 0.0223559
9.9982E-05 0.063076 9.9982E-05 0.274811 0.181488 0.425889 0.0545356
9.9982E-05 0.000549102 9.9982E-05 0.403812 0.0281464 0.550747 0.016545
0.00787631 0.535199 0.018495 0.183946 9.9991E-05 0.169494 0.0848897
0.0350733 9.9982E-05 0.0883308 0.594089 0.0762771 0.20603 9.9982E-05
9.999E-05 0.107086 0.04488 0.272462 0.0484286 0.451165 0.075878
0.0309465 9.9973E-05 9.9973E-05 0.232737 9.9973E-05 0.710804 0.0252117
0.176033 0.0733792 9.9982E-05 0.135574 9.9982E-05 0.543321 0.0714918
0.0125724 0.0464708 9.9982E-05 0.223986 9.9982E-05 0.572671 0.1441
0.0439303 0.12805 9.9982E-05 0.699063 9.9982E-05 0.101385 0.0273708
0.171335 0.0659409 9.9991E-05 0.139001 0.0650221 0.535501 0.0230993
0.0279598 9.9982E-05 9.9982E-05 0.344357 0.0802961 0.478541 0.0686462
0.136118 0.00624883 0.00488063 0.154433 0.114868 0.438693 0.144759
9.9955E-05 9.9955E-05 9.9955E-05 0.685806 9.9955E-05 0.313694 9.9955E-05
9.9973E-05 9.9973E-05 9.9973E-05 0.289584 0.017773 0.65723 0.0351127
0.054897 0.0840476 0.0269448 0.0911568 0.056877 0.6312 0.0548771
0.172897 9.9964E-05 9.9964E-05 0.783766 9.9964E-05 9.9964E-05 0.0429377
0.0965731 0.404821 0.00250274 0.313754 9.9982E-05 0.18215 9.9982E-05
0.27026 0.230724 0.147287 0.279701 0.0255326 0.0463963 9.9991E-05
0.0213579 0.146981 0.0853301 0.0581009 0.0944706 0.525445 0.0683151
0.09609 0.0523826 0.0536322 9.9991E-05 0.0655562 0.61393 0.118309
0.0868276 0.0905242 0.031319 0.0790407 0.0379732 0.587543 0.086772
0.116269 0.345664 0.0493501 0.241719 9.9991E-05 0.172451 0.0744461
9.9991E-05 0.210237 0.0948685 0.0961005 0.00532068 0.584273 0.00909995
0.13805 0.130949 9.9991E-05 0.0534912 0.107961 0.527264 0.0421857
9.9991E-05 0.21034 0.0889796 0.223173 0.016927 0.317972 0.142508
0.181677 0.315765 0.0459281 0.204132 0.0816938 0.050425 0.120379
0.0747162 0.0727947 0.042908 0.184533 0.0469179 0.548653 0.0294773
0.132174 0.24507 0.0476329 0.1474 0.105908 0.299189 0.0226262
0.116404 0.505216 0.0175316 0.309846 9.9991E-05 0.0246192 0.0262836
0.0762898 0.206496 0.100108 0.134489 0.0296474 0.45287 9.9991E-05
0.0622083 9.9991E-05 0.0288483 0.136514 0.0598514 0.657204 0.0552743
0.0833665 0.106372 0.0158874 0.129373 0.0525337 0.477374 0.135094
0.120366 0.232045 0.131215 0.199685 0.0376283 0.258548 0.0205134
0.0623188 0.149295 0.0762472 0.213467 0.0714017 0.422652 0.00461781
9.9991E-05 0.20337 0.102125 0.0552348 0.007411 0.526148 0.105611
0.119848 0.408008 0.0940969 0.173306 9.9991E-05 0.187044 0.0175978
9.9964E-05 0.0509944 9.9964E-05 0.395487 9.9964E-05 0.553119 9.9964E-05
9.9973E-05 0.0493693 9.9973E-05 0.700993 9.9973E-05 0.179297 0.0700407
0.0405946 0.0929584 0.0792391 0.19094 0.0341084 0.512273 0.0498866
0.158236 9.9955E-05 9.9955E-05 0.841264 9.9955E-05 9.9955E-05 9.9955E-05
0.0666407 9.9964E-05 0.063875 0.869084 9.9964E-05 9.9964E-05 9.9964E-05
9.9964E-05 9.9964E-05 9.9964E-05 0.708226 0.0284503 0.262924 9.9964E-05
9.9973E-05 0.0904824 9.9973E-05 0.466388 9.9973E-05 0.387323 0.0555066
0.0483722 0.0950489 0.146744 9.9991E-05 0.126675 0.427371 0.155688
0.00817493 0.0787663 0.00275146 0.43261 0.0586501 0.411513 0.00753423
9.9982E-05 0.0997906 9.9982E-05 0.640032 0.0307924 0.174292 0.0548923
9.9973E-05 0.27709 9.9973E-05 0.47982 9.9973E-05 0.195259 0.0475307
9.9991E-05 0.018499 0.0620818 0.292699 0.1794 0.397743 0.0494778
9.9982E-05 0.0327005 9.9982E-05 0.585153 0.0600378 0.263084 0.0588251
0.0262456 0.0090509 9.9982E-05 0.535138 9.9982E-05 0.390867 0.0384987
0.013485 9.9982E-05 0.0439077 0.53561 9.9982E-05 0.3659 0.0408974
0.151786 9.9973E-05 0.108792 0.728403 0.0107196 9.9973E-05 9.9973E-05
0.0608255 0.0501446 0.0339098 0.223826 0.0333567 0.597838 9.9991E-05
9.9973E-05 0.0577085 9.9973E-05 9.9973E-05 0.0792646 0.0955637 0.767163
9.9955E-05 9.9955E-05 9.9955E-05 9.9955E-05 9.9955E-05 0.100093 0.899408
9.9973E-05 9.9973E-05 9.9973E-05 0.0095847 0.0192556 0.109462 0.861398
0.0950314 9.9973E-05 9.9973E-05 9.9973E-05 0.0248127 0.0240532 0.855803
0.0202633 0.00657668 0.00861994 9.9991E-05 0.0129282 0.0924355 0.859076
9.9973E-05 9.9973E-05 9.9973E-05 0.0423863 0.0186237 0.0662633 0.872427
9.9964E-05 9.9964E-05 0.0126472 9.9964E-05 9.9964E-05 0.0938843 0.893069
9.9982E-05 0.0678238 9.9982E-05 0.288451 0.087778 0.428955 0.126792
0.066859 9.9991E-05 0.0522775 0.188413 0.0420411 0.563328 0.0869814
9.9982E-05 0.0443864 0.0275909 0.876905 9.9982E-05 0.0113439 0.0395734
0.123579 0.00317003 0.0987649 0.144115 0.0434385 0.522002 0.0649303
9.9982E-05 0.128223 9.9982E-05 0.461099 0.0263527 0.380152 0.00397311
0.0115899 9.9982E-05 0.0807824 0.241394 9.9982E-05 0.553567 0.112466
9.9982E-05 9.9982E-05 0.168143 0.22636 0.00501128 0.552283 0.048003
9.9973E-05 9.9973E-05 0.01147 0.508679 0.154058 0.325493 9.9973E-05
9.9964E-05 0.154331 9.9964E-05 0.801403 9.9964E-05 9.9964E-05 0.0438667
9.9982E-05 0.0078607 9.9982E-05 0.281097 0.169832 0.454208 0.086803
0.0134517 9.9982E-05 0.0181394 0.262821 9.9982E-05 0.602497 0.102891
0.0189496 0.134774 0.0650158 0.0679726 0.0661906 0.563395 0.0837031
0.209846 9.9973E-05 9.9973E-05 0.457235 0.0182132 0.314406 9.9973E-05
9.9973E-05 9.9973E-05 0.0914985 0.396094 9.9973E-05 0.479918 0.0321894
0.00700187 0.061054 0.0103381 0.516301 0.0447867 0.342148 0.0183702
9.9964E-05 9.9964E-05 9.9964E-05 0.584634 0.078082 0.336884 9.9964E-05
9.9973E-05 0.0405262 9.9973E-05 0.453655 9.9973E-05 0.388889 0.11663
9.9973E-05 9.9973E-05 0.0242987 0.282438 9.9973E-05 0.530135 0.162829
0.156798 0.34427 0.214175 0.0251738 0.0467548 0.212729 9.9991E-05
0.06126 0.251803 9.9991E-05 0.135466 0.0214056 0.422889 0.107076
0.0538665 0.07541 0.139597 0.00728425 9.9991E-05 0.615004 0.108738
0.114442 0.048237 0.0204094 0.105987 0.0168032 0.604796 0.0893255
9.9982E-05 0.346744 0.093627 0.0662019 0.0284114 0.464815 9.9982E-05
0.0131605 0.266444 0.002815 0.0949239 0.0653805 0.557176 9.9991E-05
9.9982E-05 0.40285 0.0568416 0.0600419 9.9982E-05 0.436112 0.0439543
0.0423629 0.186835 0.02228 0.0807392 0.0100366 0.54285 0.114897
0.109185 0.202241 0.00536428 0.0360546 0.0310754 0.598092 0.0179877
0.0857015 0.185335 0.0174124 0.0525652 0.00988138 0.613692 0.0354118
0.0124955 0.344205 0.0013024 0.0124894 9.9991E-05 0.617655 0.0117522
0.0507966 0.156658 0.139906 9.9982E-05 0.102779 0.549661 9.9982E-05
9.9982E-05 0.166733 0.136603 0.0103625 9.9982E-05 0.552021 0.134081
9.9982E-05 0.169389 0.110642 0.114652 0.0843834 0.520734 9.9982E-05
0.0866365 0.157878 0.0372033 9.9991E-05 0.0525636 0.58392 0.0816985
0.0250805 0.23433 0.0885076 0.0825573 0.0786353 0.490789 9.9991E-05
0.0920088 0.346492 0.120366 9.9982E-05 9.9982E-05 0.378675 0.0622581
9.9973E-05 0.164176 0.094666 9.9973E-05 0.0514764 0.689382 9.9973E-05
0.0521082 0.183323 0.0988066 9.9982E-05 0.0193713 0.646191 9.9982E-05
0.0444875 0.339844 9.9991E-05 0.292785 0.0477177 0.236408 0.0386582
0.236924 0.308886 0.194429 0.0847752 0.0348518 0.140033 9.9991E-05
0.0174895 0.235741 0.0834717 0.0968825 0.037369 0.479957 0.0490885
0.136261 0.268995 0.289492 0.185947 0.0177305 0.101474 9.9991E-05
9.9982E-05 0.36237 0.150487 0.226856 9.9982E-05 0.197918 0.0621689
9.9982E-05 0.310695 0.0814626 0.179957 9.9982E-05 0.373586 0.0540991
9.9973E-05 0.432559 9.9973E-05 0.205607 9.9973E-05 0.326594 0.0349406
0.00295099 0.45891 0.0347825 0.182703 0.0486546 0.271899 9.9991E-05
0.0704695 0.0460214 0.0713501 0.126206 0.0435461 0.588251 0.0541563
0.056128 0.213295 9.9991E-05 0.00329288 0.120238 0.541172 0.0657736
9.9991E-05 0.242696 0.0665112 0.0642777 0.0972719 0.504032 0.0251114
0.203092 0.315236 0.138723 0.105289 0.0233915 0.214168 9.9991E-05
0.0436966 0.111134 0.0850277 9.9991E-05 0.0209566 0.573025 0.16606
0.295789 0.0141534 0.116521 0.114195 0.0606796 0.398291 0.000370984
0.438394 0.0731201 0.162953 0.201605 9.9982E-05 9.9982E-05 0.123728
0.095622 9.9991E-05 0.0624666 0.0935433 0.0662891 0.583578 0.0984011
0.223331 0.0484952 0.100338 0.238894 0.0131718 0.300861 0.0749098
0.203097 0.0151515 0.139784 0.000750415 9.9991E-05 0.564593 0.0765243
0.435987 0.0823963 0.0196226 0.120668 9.9991E-05 0.297167 0.0440591
0.360671 0.189331 0.119517 0.0735869 9.9991E-05 0.229973 0.0268198
0.12335 0.0868034 0.262682 0.0697475 9.9991E-05 0.409548 0.04777
0.100877 0.126673 0.120517 0.0650758 0.00432343 0.492247 0.0902865
0.160556 0.1356 0.0411745 0.180884 0.0922756 0.323967 0.0655424
0.360654 0.0903724 0.089782 0.282957 0.152192 9.9991E-05 0.0239426
0.18116 0.0504685 0.150978 9.9991E-05 0.0270798 0.503749 0.0864648
0.295953 0.125387 0.052646 0.211622 9.9982E-05 0.314192 9.9982E-05
0.106491 0.11559 0.0419784 0.228696 0.027978 0.479166 9.9991E-05
0.0389497 9.9982E-05 9.9982E-05 0.235312 0.0645657 0.513082 0.147891
0.325447 0.0184211 9.9982E-05 9.9982E-05 0.226621 0.168822 0.260489
0.428586 9.9964E-05 9.9964E-05 9.9964E-05 0.114776 9.9964E-05 0.456238
0.504626 9.9964E-05 9.9964E-05 9.9964E-05 0.13633 9.9964E-05 0.358644
0.263035 9.9973E-05 9.9973E-05 9.9973E-05 0.335041 0.0641235 0.337501
0.272825 9.9973E-05 0.0588384 0.00308733 9.9973E-05 0.66495 9.9973E-05
0.0749112 9.9991E-05 0.14239 0.0925084 0.0347094 0.508091 0.147289
9.9964E-05 0.0326526 9.9964E-05 9.9964E-05 0.715381 0.251566 9.9964E-05
0.0111391 0.15089 0.0432572 0.0558438 0.429984 0.290881 0.0180046
0.0248568 0.0223868 9.9991E-05 0.129821 0.393814 0.344828 0.0841935
0.376716 0.0311484 0.192311 0.0544649 9.9982E-05 0.345159 9.9982E-05
0.187891 9.9991E-05 0.0615248 0.12008 0.0638451 0.47184 0.094719
0.483401 0.0323903 0.186827 0.0613907 9.9982E-05 0.235792 9.9982E-05
0.230048 9.9982E-05 0.109007 0.0335317 9.9982E-05 0.609866 0.0173476
0.242351 0.0405119 0.181276 0.121605 0.0095085 0.3632 0.0415469
0.253614 0.0206376 0.0487716 0.0496909 0.0432115 0.579626 0.00444819
0.390313 0.0809878 0.180339 0.155309 9.9982E-05 0.19285 9.9982E-05
0.150885 0.0547162 9.9982E-05 0.118635 0.0329148 0.642649 9.9982E-05
0.145992 0.0599311 0.0964629 0.0516018 0.056981 0.511618 0.0774139
9.9964E-05 9.9964E-05 0.0285639 0.00349373 0.967543 9.9964E-05 9.9964E-05
9.9973E-05 0.0355477 0.0180022 9.9973E-05 0.899444 0.046706 9.9973E-05
9.9973E-05 0.0871874 0.0250788 9.9973E-05 0.620183 0.267251 9.9973E-05
9.9973E-05 0.0317708 0.00887884 9.9973E-05 0.719906 0.239144 9.9973E-05
9.9964E-05 9.9964E-05 9.9964E-05 0.0719567 0.787541 0.140103 9.9964E-05
9.995E-05 9.995E-05 9.995E-05 9.995E-05 0.9994 9.995E-05 9.995E-05
9.9955E-05 0.0478274 9.9955E-05 9.9955E-05 0.951673 9.9955E-05 9.9955E-05
9.9955E-05 9.9955E-05 9.9955E-05 9.9955E-05 0.828892 0.170608 9.9955E-05
9.9964E-05 0.0246327 9.9964E-05 9.9964E-05 0.959419 0.015548 9.9964E-05
9.995E-05 9.995E-05 9.995E-05 9.995E-05 0.9994 9.995E-05 9.995E-05
9.995E-05 9.995E-05 9.995E-05 9.995E-05 0.9994 9.995E-05 9.995E-05
9.9973E-05 0.0236973 9.9973E-05 9.9973E-05 0.799709 0.134411 0.0418823
0.00662925 0.0364139 9.9982E-05 9.9982E-05 0.813387 0.0905939 0.0527763
9.9955E-05 9.9955E-05 9.9955E-05 9.9955E-05 0.977521 0.021979 9.9955E-05
9.9991E-05 0.0146339 0.027645 0.0989362 0.391641 0.357232 0.109811
9.9991E-05 0.0813005 0.0105866 0.0239803 0.691993 0.17672 0.0153191
0.012902 0.0153603 9.9982E-05 9.9982E-05 0.730276 0.220255 0.0210067
9.9964E-05 0.0347622 9.9964E-05 9.9964E-05 0.882489 0.0823492 9.9964E-05
9.9955E-05 9.9955E-05 9.9955E-05 9.9955E-05 0.988153 0.0113477 9.9955E-05
9.9964E-05 9.9964E-05 9.9964E-05 9.9964E-05 0.803891 0.129991 0.0657181
9.995E-05 9.995E-05 9.995E-05 9.995E-05 0.9994 9.995E-05 9.995E-05
9.9973E-05 0.07893 9.9973E-05 9.9973E-05 0.537351 0.304033 0.0793859
9.9964E-05 9.9964E-05 9.9964E-05 0.0838837 0.897409 0.0183074 9.9964E-05
0.684849 9.9973E-05 9.9973E-05 0.031864 0.0235883 9.9973E-05 0.259399
0.197822 0.167061 0.00291667 0.0174764 0.0739193 0.427438 0.113367
0.268698 0.0429697 9.9991E-05 0.0440838 0.0668945 0.373231 0.204023
0.452615 0.0126988 0.039918 0.00401839 0.0576214 0.238733 0.194395
0.242311 0.0206879 0.0815538 0.0566616 0.157549 0.371774 0.0694629
0.471803 9.9991E-05 0.00173872 0.075823 0.0750728 0.201814 0.173648
0.156511 0.0421622 0.0459694 0.0918142 0.159623 0.360763 0.143157
0.338829 9.9982E-05 9.9982E-05 0.0652114 0.0988162 0.370359 0.126585
0.174111 0.0602445 0.0199957 0.0249318 0.0464413 0.503093 0.171183
0.374336 9.9982E-05 0.0620481 9.9982E-05 0.154931 0.309713 0.0987719
0.135585 0.144916 0.0160987 0.0976759 0.191705 0.326023 0.0879962
0.0815437 0.0429031 0.00243189 9.9982E-05 9.9982E-05 0.0400363 0.832885
9.9964E-05 9.9964E-05 0.0581169 9.9964E-05 0.0406071 9.9964E-05 0.900876
0.0299752 9.9955E-05 9.9955E-05 9.9955E-05 9.9955E-05 9.9955E-05 0.969525
9.9973E-05 0.0330594 0.00130488 9.9973E-05 9.9973E-05 0.0149759 0.95036
0.0350464 0.0348866 9.9973E-05 9.9973E-05 0.0191285 9.9973E-05 0.910639
0.0201226 9.9982E-05 0.00293851 0.0191832 0.0951937 9.9982E-05 0.862362
9.9973E-05 0.0126416 9.9973E-05 9.9973E-05 0.0781775 0.0160902 0.892791
0.0579398 0.00905263 0.0677435 9.9982E-05 0.00338334 9.9982E-05 0.861681
9.9973E-05 9.9973E-05 0.0213045 0.00372459 9.9973E-05 0.0603291 0.914342
0.0910878 9.9973E-05 9.9973E-05 9.9973E-05 0.0810759 0.00674359 0.820793
9.9973E-05 0.204293 0.0604167 0.10495 9.9973E-05 9.9973E-05 0.630041
9.9982E-05 0.308003 0.0662247 0.0603573 0.00453966 9.9982E-05 0.560675
0.0596963 0.305345 0.0958873 0.0599155 9.9982E-05 9.9982E-05 0.478956
0.0285021 0.308771 0.0175002 0.155807 9.9982E-05 9.9982E-05 0.489219
9.9973E-05 0.157702 9.9973E-05 0.359362 0.0157215 0.466915 9.9973E-05
9.9982E-05 0.0758256 0.079969 0.30113 9.9982E-05 0.467511 0.0753642
0.066136 0.168205 9.9991E-05 0.176097 0.0452551 0.516753 0.0274537
9.9982E-05 0.281736 0.0550982 0.251119 9.9982E-05 0.340734 0.0711122
0.0193424 0.580954 0.0677855 0.167219 9.9982E-05 0.164499 9.9982E-05
0.0589754 9.9982E-05 9.9982E-05 0.244619 0.0372134 0.624588 0.0344046
0.0448717 0.0983394 9.9982E-05 0.285232 0.0249582 0.546398 9.9982E-05
0.0784068 0.101754 9.9982E-05 0.328462 0.0259625 0.465215 9.9982E-05
9.9973E-05 9.9973E-05 0.0762444 0.572927 0.123698 0.226831 9.9973E-05
0.0638424 0.108104 0.0179618 0.110202 0.062197 0.591503 0.0461895
0.00812871 0.138386 0.0123233 0.472242 9.9982E-05 0.36872 9.9982E-05
9.9964E-05 0.0710246 0.146205 0.78237 9.9964E-05 9.9964E-05 9.9964E-05
0.0931813 0.111758 0.0989505 0.10938 9.9991E-05 0.489848 0.0967821
0.171137 0.00937422 0.0470914 0.577533 0.0154019 0.179363 9.9991E-05
9.9982E-05 0.0130195 0.0452084 0.429427 0.0898759 0.42227 9.9982E-05
9.9973E-05 0.146801 9.9973E-05 0.732056 9.9973E-05 0.0830881 0.0377551
0.0792641 0.809254 9.9973E-05 9.9973E-05 9.9973E-05 0.00148272 0.1097
0.171709 0.698482 9.9973E-05 9.9973E-05 9.9973E-05 0.0650489 0.0644599
0.0389313 0.862387 0.0740827 9.9973E-05 9.9973E-05 9.9973E-05 0.0242986
9.9964E-05 0.810132 0.0941144 9.9964E-05 9.9964E-05 9.9964E-05 0.095354
0.133331 0.785039 0.0229663 9.9973E-05 9.9973E-05 0.0583638 9.9973E-05
0.0600918 0.785216 9.9982E-05 9.9982E-05 0.0498986 0.0557724 0.0488211
9.9964E-05 9.9964E-05 9.9964E-05 0.0160896 9.9964E-05 0.103526 0.879984
9.9973E-05 0.0837295 9.9973E-05 9.9973E-05 0.0461891 0.0604341 0.809347
9.9964E-05 9.9964E-05 9.9964E-05 9.9964E-05 0.0366565 0.173598 0.789346
9.9973E-05 0.0678109 9.9973E-05 9.9973E-05 0.11361 0.0692725 0.749006
0.0161518 0.0404749 9.9982E-05 9.9982E-05 0.0403002 0.110364 0.792509
0.109877 0.539366 9.9973E-05 0.000875498 9.9973E-05 9.9973E-05 0.349581
0.0854567 0.377804 0.0656785 0.0446194 9.9982E-05 9.9982E-05 0.426241
9.9973E-05 0.393878 0.118837 0.0606991 9.9973E-05 9.9973E-05 0.426285
9.9964E-05 0.00476471 9.9964E-05 9.9964E-05 9.9964E-05 0.155079 0.839757
0.0861081 0.433901 0.0166489 0.0958751 9.9982E-05 9.9982E-05 0.367267
0.143912 9.9982E-05 0.0275865 9.9982E-05 0.367509 0.267118 0.193675
9.9973E-05 0.0819193 9.9973E-05 9.9973E-05 0.193413 0.611212 0.113156
9.9964E-05 9.9964E-05 9.9964E-05 9.9964E-05 0.28196 0.496317 0.221323
0.121013 9.9991E-05 0.0434722 0.0411143 0.190199 0.356684 0.247417
0.059798 0.141824 9.9991E-05 0.0171558 0.0839074 0.519948 0.177267
0.324695 9.9964E-05 9.9964E-05 9.9964E-05 0.289506 9.9964E-05 0.3854
0.0126118 0.314213 0.11255 0.140722 0.0455597 0.374243 9.9991E-05
0.0790771 0.255984 0.222216 0.067203 0.0161019 0.334997 0.0244211
9.9991E-05 0.532064 0.0330644 0.112544 0.0518154 0.221979 0.0484339
0.0155454 0.184124 0.24629 0.0958535 9.9982E-05 0.457987 9.9982E-05
0.23859 0.18944 0.396315 0.175355 9.9973E-05 9.9973E-05 9.9973E-05
0.0986068 0.136436 0.0390236 0.127321 0.0937734 0.423367 0.0814726
0.0250984 0.216209 0.219806 0.0114467 0.0402064 0.429209 0.0580245
9.9973E-05 0.403934 9.9973E-05 0.234559 9.9973E-05 0.300602 0.0606048
0.016711 0.0658463 0.123841 0.0910957 0.0259314 0.489534 0.187041
0.229046 0.270862 0.150465 0.249818 9.9982E-05 0.0996094 9.9982E-05
0.0996348 0.207984 0.207098 0.0247069 0.0502886 0.410187 9.9991E-05
9.9973E-05 0.288972 9.9973E-05 0.138208 0.0625758 0.509945 9.9973E-05
0.0503689 0.0461818 0.0269646 0.153695 0.154592 0.405104 0.163094
0.0679421 0.19969 0.271677 0.086084 9.9982E-05 0.374407 9.9982E-05
0.0163474 0.278075 0.169906 0.104338 0.0360493 0.395184 9.9991E-05
0.075737 0.117828 0.266734 0.0179699 0.122645 0.398986 9.9991E-05
0.0866692 0.110885 0.157363 0.12656 9.9982E-05 0.518323 9.9982E-05
0.0363331 0.123825 0.08827 0.0269702 0.0489182 0.661165 0.0145185
0.0370633 0.121046 0.0654741 0.142208 0.0670091 0.439357 0.127842
0.137846 0.120622 0.0328854 0.0893895 0.0698279 0.483534 0.0658958
9.9964E-05 9.9964E-05 9.9964E-05 9.9964E-05 0.0584544 0.167351 0.773795
9.9973E-05 9.9973E-05 0.0471664 0.0109876 9.9973E-05 0.0891998 0.852346
0.086969 0.0547541 9.9982E-05 0.0312354 9.9982E-05 0.078157 0.748685
9.9973E-05 0.0188657 9.9973E-05 0.101248 0.0836939 9.9973E-05 0.795893
9.9955E-05 9.9955E-05 9.9955E-05 9.9955E-05 9.9955E-05 0.14658 0.85292
0.0824787 0.611933 9.9982E-05 0.135993 0.00854886 0.160847 9.9982E-05
0.00166312 0.0759117 0.167592 0.0901428 0.0397172 0.508567 0.116406
0.179258 9.9991E-05 0.0547477 0.0668563 0.173921 0.351545 0.173572
9.9991E-05 0.169104 0.027959 0.0975652 0.0844499 0.573974 0.0468476
9.9991E-05 0.253658 0.129912 0.0647423 0.0675162 0.447047 0.0370246
0.201276 0.344388 0.13274 9.9982E-05 0.0219979 0.299398 9.9982E-05
0.108462 0.572868 9.9973E-05 0.189287 9.9973E-05 9.9973E-05 0.129083
0.00603653 0.296575 0.046029 0.0874209 9.9991E-05 0.52883 0.0350088
0.00672122 0.487248 0.171713 0.0479778 0.076916 0.140458 0.0689658
0.111967 0.0959369 0.200627 0.105748 0.0386911 0.37715 0.0698797
9.9991E-05 0.521193 0.102914 0.0486934 0.0283613 0.148011 0.150727
0.048398 0.165411 9.9991E-05 0.038005 0.11069 0.525922 0.111474
0.00700374 0.539402 0.0348766 0.116107 9.9991E-05 0.213017 0.0894932
0.0237036 0.310931 0.150398 0.168751 0.141776 0.19364 0.0108003
0.147062 0.0933581 0.203331 0.0402475 0.0419731 0.46154 0.0124887
0.473355 0.120999 0.126422 9.9973E-05 9.9973E-05 0.278925 9.9973E-05
0.299998 0.0720806 0.053231 9.9973E-05 9.9973E-05 0.57439 9.9973E-05
0.174977 0.0520372 0.0534426 0.102732 0.00478294 0.527407 0.0846212
0.439524 0.0919937 0.0949184 0.0144244 9.9982E-05 0.35894 9.9982E-05
0.156136 9.9991E-05 0.11406 0.144774 0.0102076 0.471655 0.103068
0.133234 0.0655341 0.130746 0.0540743 9.9991E-05 0.543658 0.0726531
0.433112 0.113168 0.236367 0.126749 9.9982E-05 0.0904041 9.9982E-05
0.496915 9.9973E-05 0.15957 0.0864353 9.9973E-05 0.25678 9.9973E-05
0.285082 0.0635254 0.0742482 0.0419059 9.9982E-05 0.535039 9.9982E-05
0.385801 0.0804476 0.104725 0.259962 9.9982E-05 0.168864 9.9982E-05
0.300707 0.0759057 9.9973E-05 0.0791251 9.9973E-05 0.543962 9.9973E-05
0.0476819 0.631387 9.9982E-05 0.170137 0.0479856 0.102609 9.9982E-05
9.9982E-05 0.304929 0.400152 0.0633118 0.00814929 0.223258 9.9982E-05
9.9991E-05 0.425281 0.0741613 0.0992812 0.111049 0.282265 0.00786286
0.0434524 0.224393 9.9973E-05 9.9973E-05 0.0588299 0.673024 9.9973E-05
0.0278034 0.437679 0.0299796 0.242038 9.9982E-05 0.2623 9.9982E-05
0.111748 0.0870508 0.11164 0.0866496 0.0579956 0.46577 0.079146
0.0102108 0.237012 9.9991E-05 0.0752665 0.0707979 0.528791 0.0778219
9.9982E-05 0.224795 0.0739729 0.152961 0.0592909 0.48878 9.9982E-05
9.9991E-05 0.281694 0.162078 0.0284132 0.177797 0.345775 0.00414204
9.9982E-05 0.322784 9.9982E-05 0.209031 0.0245021 0.436635 0.00684826
9.9973E-05 0.547952 9.9973E-05 0.173164 0.116192 0.162392 9.9973E-05
0.0141722 0.46883 0.0554613 0.0930348 0.115338 0.253064 9.9991E-05
0.0129575 0.232355 0.081871 0.0304773 0.0257416 0.613827 0.00277047
0.0637922 0.131218 0.0381454 0.11415 0.0118437 0.640751 9.9991E-05
0.0492289 0.219222 0.162296 0.023694 9.9991E-05 0.484533 0.060927
0.0516444 0.208148 0.0883024 0.0584099 0.0735185 0.519876 9.9991E-05
0.127218 0.362616 9.9982E-05 0.0825304 9.9982E-05 0.405095 0.0223401
0.00785924 0.20105 0.0248277 0.0815926 0.0129081 0.635006 0.0367562
0.0169418 0.242449 0.0508089 0.114908 0.0880911 0.464977 0.0218251
9.9982E-05 0.160304 0.143944 9.9982E-05 0.0167647 0.545203 0.133584
0.0385664 9.9982E-05 9.9982E-05 0.148513 0.0916369 0.374461 0.346623
0.0532011 0.00669396 9.9991E-05 0.116276 0.271605 0.406762 0.145362
0.0771184 0.114624 9.9991E-05 0.00864354 0.0725516 0.542724 0.184239
0.0111731 0.0653677 0.11761 0.043181 0.0740531 0.611803 0.0768128
0.0173 9.9991E-05 0.0637043 0.0314647 0.190712 0.488617 0.208102
0.0421734 0.243582 0.206109 0.0443799 0.0597894 0.403866 9.9991E-05
0.0523668 0.0340294 0.0936149 0.126192 0.113477 0.407023 0.173296
0.462948 9.9973E-05 9.9973E-05 0.197668 0.132428 9.9973E-05 0.206656
0.0768402 0.118807 9.9991E-05 0.1019 0.234455 0.438834 0.0290638
9.9991E-05 0.124848 0.0606721 0.0275924 0.166533 0.515103 0.105152
0.0933394 0.116422 0.0400057 0.0501739 0.27422 0.39701 0.0288296
0.11983 0.0404472 0.115886 0.107992 0.165029 0.233728 0.217089
0.160432 9.9973E-05 9.9973E-05 9.9973E-05 0.180276 0.532462 0.126531
0.100519 0.029973 0.0515113 9.9991E-05 0.0821794 0.565345 0.170372
0.287148 9.9982E-05 0.0547072 0.00736596 0.181701 9.9982E-05 0.468878
9.9991E-05 0.0877982 0.098885 0.0168644 0.181518 0.489595 0.125239
0.103727 0.00063506 0.039236 0.0378854 0.149095 0.506752 0.16267
0.151464 0.0178854 0.0715453 0.0475822 0.00514665 0.613638 0.0927388
0.109378 0.00870657 0.0202103 9.9991E-05 0.126484 0.587704 0.147418
0.0623908 0.0685474 0.0781955 0.0337236 0.159183 0.441044 0.156916
9.9991E-05 0.0100778 0.469299 0.0856288 0.0538929 0.336254 0.0447474
9.9991E-05 0.0385683 0.309915 0.0553011 0.0813718 0.407224 0.10752
0.0226567 0.0864354 0.815375 0.0752333 9.9973E-05 9.9973E-05 9.9973E-05
9.9964E-05 0.0526679 0.85743 0.0895027 9.9964E-05 9.9964E-05 9.9964E-05
0.0335793 0.0728958 0.331105 0.0455719 0.203159 0.313589 9.9991E-05
0.189642 0.0561819 0.0602134 9.9991E-05 0.29631 0.330755 0.0667981
0.0796431 9.9982E-05 0.229601 9.9982E-05 0.337621 0.265752 0.0871831
0.202259 9.9982E-05 0.232514 9.9982E-05 0.260248 0.150779 0.154
0.0277125 9.9982E-05 0.178371 9.9982E-05 0.322683 0.273077 0.197956
0.161376 9.9973E-05 0.676246 9.9973E-05 0.122414 9.9973E-05 0.0396642
0.161141 9.9982E-05 0.590568 9.9982E-05 0.131425 0.0952298 0.0214353
9.9982E-05 9.9982E-05 0.334277 0.0678112 0.119801 0.473092 0.004819
9.9973E-05 9.9973E-05 0.494219 9.9973E-05 0.157848 0.304589 0.0430442
9.9973E-05 9.9973E-05 0.65964 9.9973E-05 0.0877674 0.144902 0.107391
9.9982E-05 0.0467637 0.342577 9.9982E-05 0.0419009 0.51902 0.0495383
0.0668811 9.9982E-05 0.357414 9.9982E-05 0.0802357 0.492641 0.00262749
0.0262646 0.0739392 0.173863 0.0497799 0.0810995 0.42818 0.166874
9.9973E-05 0.0247158 0.638505 0.0442319 9.9973E-05 0.292248 9.9973E-05
0.0251833 0.0797319 0.460785 0.0738581 0.0470915 0.31325 9.9991E-05
0.0563389 9.9991E-05 0.295685 0.0455289 0.0391781 0.526265 0.0369035
0.0231732 0.0779328 0.353421 0.00335391 0.0132481 0.385477 0.143394
0.133502 0.111134 0.206004 9.9991E-05 0.130657 0.369692 0.0489112
0.115552 9.9973E-05 0.4164 0.0161628 9.9973E-05 0.451585 9.9973E-05
0.0221132 0.0823719 0.676169 9.9973E-05 9.9973E-05 0.219046 9.9973E-05
0.0355356 9.9973E-05 0.294969 0.0732656 9.9973E-05 0.59593 9.9973E-05
0.0816801 0.0824395 0.143415 0.0753481 0.0988047 0.483356 0.0349561
9.9973E-05 0.0915515 0.732832 0.0109465 9.9973E-05 0.16437 9.9973E-05
9.9964E-05 9.9964E-05 0.529452 9.9964E-05 9.9964E-05 0.398256 0.071892
0.0741645 0.0027515 0.280844 0.0318109 0.0999222 0.466471 0.0440353
0.0958463 0.00116533 0.288707 0.0695266 9.9991E-05 0.520619 0.0240356
0.0467992 9.9982E-05 0.121356 9.9982E-05 0.141991 0.478202 0.211452
0.0474004 0.0563616 0.197286 9.9991E-05 0.133945 0.418113 0.146795
0.0798015 0.0237228 0.0195233 0.121013 0.273835 0.315926 0.166178
0.107718 0.0944378 0.123642 9.9991E-05 0.195859 0.365553 0.11269
0.0779862 0.0827532 0.146699 9.9991E-05 0.108817 0.45093 0.132714
0.0761903 9.9982E-05 0.221315 9.9982E-05 0.143925 0.376047 0.182322
0.101776 0.00070046 0.608852 9.9982E-05 0.107787 9.9982E-05 0.180684
9.9982E-05 0.0246873 0.111855 9.9982E-05 0.165789 0.579375 0.118094
0.0564123 9.9973E-05 0.453772 9.9973E-05 0.0798776 9.9973E-05 0.409638
9.9973E-05 9.9973E-05 0.315197 9.9973E-05 0.240501 0.411729 0.032273
9.9964E-05 9.9964E-05 0.799717 0.177908 9.9964E-05 0.0219749 9.9964E-05
9.9955E-05 9.9955E-05 0.854597 0.144903 9.9955E-05 9.9955E-05 9.9955E-05
9.9964E-05 0.00460725 0.551883 9.9964E-05 9.9964E-05 0.44311 9.9964E-05
0.00869157 9.9973E-05 0.415689 9.9973E-05 9.9973E-05 0.549032 0.0262881
9.9964E-05 0.00816133 0.591908 9.9964E-05 9.9964E-05 0.39953 9.9964E-05
9.9973E-05 9.9973E-05 0.455201 0.137599 0.0219776 0.384922 9.9973E-05
9.9964E-05 9.9964E-05 0.569279 9.9964E-05 0.00209799 0.428223 9.9964E-05
9.9973E-05 9.9973E-05 0.0973378 9.9973E-05 0.0645332 0.0481015 0.789728
9.9982E-05 0.1329 0.0267264 9.9982E-05 0.116848 0.00467412 0.718651
9.9964E-05 0.0431672 9.9964E-05 9.9964E-05 0.0994967 9.9964E-05 0.856936
9.9964E-05 9.9964E-05 0.0360689 9.9964E-05 9.9964E-05 0.040786 0.922745
0.0216098 0.0292707 0.118973 0.294076 0.0167901 0.457062 0.0622183
9.9991E-05 0.0193899 0.00264765 0.356985 0.0587084 0.509235 0.0529338
9.9964E-05 0.0128798 9.9964E-05 0.459567 9.9964E-05 0.527153 9.9964E-05
9.9982E-05 0.0497421 9.9982E-05 0.277828 0.0227254 0.545968 0.103536
0.174522 0.0323366 0.0160306 0.244274 0.0518035 0.478471 0.00256189
0.00578833 0.0996772 9.9991E-05 0.651981 0.00513751 0.21538 0.0219356
9.9964E-05 9.9964E-05 9.9964E-05 0.432695 0.0935785 0.473326 9.9964E-05
0.0197929 9.9973E-05 0.143112 0.49727 9.9973E-05 0.339525 9.9973E-05
9.9982E-05 9.9982E-05 0.0351671 0.077653 0.18219 0.449343 0.255447
0.00552912 0.0335435 0.134619 0.366307 0.0606253 0.399276 9.9991E-05
9.9964E-05 0.108187 9.9964E-05 0.577335 9.9964E-05 0.314078 9.9964E-05
9.9982E-05 0.0417811 0.0937798 0.387769 0.0143198 0.46215 9.9982E-05
9.9982E-05 0.0582222 0.0563484 0.424228 9.9982E-05 0.412077 0.048924
9.9973E-05 9.9973E-05 0.0908917 0.378266 0.0100252 0.520517 9.9973E-05
9.9982E-05 0.0446836 0.0145873 0.359436 9.9982E-05 0.503934 0.0771588
9.9964E-05 9.9964E-05 0.00964718 0.938191 9.9964E-05 0.0517616 9.9964E-05
0.0885771 9.9982E-05 9.9982E-05 0.635848 0.0239375 0.218101 0.0333361
9.9982E-05 0.0577024 9.9982E-05 0.612707 0.0212093 0.279062 0.0291187
0.178579 9.9955E-05 9.9955E-05 0.820921 9.9955E-05 9.9955E-05 9.9955E-05
9.9991E-05 0.0983159 0.0281108 0.370776 0.0241039 0.431494 0.0470998
0.276461 9.9973E-05 0.0864664 0.534032 9.9973E-05 0.10274 9.9973E-05
0.168286 9.9964E-05 0.103192 0.728123 9.9964E-05 9.9964E-05 9.9964E-05
0.0402827 9.9982E-05 9.9982E-05 0.380634 0.0691131 0.493673 0.0160973
9.9973E-05 0.090097 9.9973E-05 0.694411 9.9973E-05 0.162859 0.0523334
0.0250313 0.129323 9.9982E-05 0.425526 0.0624468 0.357472 9.9982E-05
0.0189897 9.9991E-05 0.0764572 0.182346 0.0953629 0.481165 0.14558
0.0256179 0.156053 9.9973E-05 0.322927 9.9973E-05 0.495102 9.9973E-05
0.057098 0.317616 0.222437 0.00686015 0.0364333 0.359456 9.9991E-05
9.9982E-05 0.0862303 0.0308081 0.396643 0.0437481 0.442371 9.9982E-05
0.0427641 0.0893855 9.9991E-05 0.371248 0.0335015 0.400347 0.0626537
0.0229953 9.9973E-05 0.033867 0.636181 9.9973E-05 0.306657 9.9973E-05
9.9982E-05 0.0457321 0.154742 0.228378 9.9982E-05 0.543672 0.0272763
0.111751 0.268092 0.0110645 9.9973E-05 9.9973E-05 9.9973E-05 0.608793
0.0494718 0.0315834 0.0110358 0.125996 0.0142981 0.0128271 0.754788
0.0921753 0.0953129 9.9964E-05 9.9964E-05 9.9964E-05 9.9964E-05 0.812112
9.9964E-05 0.137997 0.0368822 9.9964E-05 9.9964E-05 9.9964E-05 0.82472
0.0321434 0.187008 9.9973E-05 9.9973E-05 9.9973E-05 0.0502343 0.730314
9.9982E-05 0.143702 9.9982E-05 0.710915 0.00573669 0.11827 0.0211759
0.0357475 0.0666927 9.9982E-05 0.732975 9.9982E-05 0.113667 0.050718
9.9973E-05 9.9973E-05 0.059359 0.779476 0.0128536 0.148011 9.9973E-05
9.9982E-05 9.9982E-05 0.104906 0.184223 0.0859152 0.492702 0.132055
0.000353062 9.9991E-05 0.0831678 0.202258 0.0924719 0.512586 0.109063
0.00956047 9.9982E-05 9.9982E-05 0.634611 0.0319645 0.316091 0.00757325
9.9982E-05 9.9982E-05 0.0893002 0.255199 0.118672 0.532634 0.00399586
0.000335099 9.9991E-05 0.108749 0.429879 0.033784 0.353314 0.073839
9.9982E-05 0.039611 0.0103791 0.293115 9.9982E-05 0.572607 0.084088
0.0183291 0.0444311 9.9991E-05 0.24752 0.070988 0.539799 0.0788337
0.0459744 0.111501 9.9982E-05 0.620372 0.00673421 0.215219 9.9982E-05
9.9964E-05 0.125058 9.9964E-05 0.598248 9.9964E-05 0.276294 9.9964E-05
9.9964E-05 0.162141 9.9964E-05 0.491297 9.9964E-05 0.346162 9.9964E-05
0.187111 0.0781786 0.0192928 0.0381458 0.033913 0.605157 0.0382021
9.9964E-05 0.00777085 9.9964E-05 0.58002 9.9964E-05 0.411809 9.9964E-05
9.9964E-05 9.9964E-05 9.9964E-05 0.441859 9.9964E-05 0.474987 0.0827541
0.163865 0.0428124 0.0159653 9.9982E-05 0.424139 0.353018 9.9982E-05
0.0420286 0.106987 0.0163503 9.9991E-05 0.452228 0.310259 0.0720476
0.0448674 9.9973E-05 9.9973E-05 9.9973E-05 0.384131 0.44135 0.129352
0.0598505 9.9982E-05 0.052858 9.9982E-05 0.442175 0.341087 0.10383
0.0845998 0.0468554 0.0677049 9.9991E-05 0.350679 0.324902 0.125159
0.191239 9.9982E-05 0.00171408 0.307713 9.9982E-05 0.461936 0.0371973
0.0331608 0.0397268 9.9982E-05 9.9982E-05 0.66649 0.0172805 0.243142
9.9973E-05 9.9973E-05 9.9973E-05 0.00867966 0.529156 0.326477 0.135387
0.255452 0.00946457 9.9982E-05 9.9982E-05 0.102056 0.483607 0.149221
0.268342 0.107981 9.9973E-05 9.9973E-05 9.9973E-05 0.536844 0.0865326
0.300792 0.13792 9.9991E-05 0.0512857 0.00622212 0.454428 0.0492513
0.297506 0.0402298 9.9982E-05 0.0125555 9.9982E-05 0.58422 0.0652882
0.152183 0.0439623 9.9982E-05 0.0934202 9.9982E-05 0.655579 0.0546553
9.9973E-05 9.9973E-05 0.0261351 9.9973E-05 0.440272 0.327569 0.205724
9.9973E-05 0.128032 9.9973E-05 9.9973E-05 0.369559 0.430674 0.0714354
9.9964E-05 9.9964E-05 9.9964E-05 9.9964E-05 0.532649 0.434589 0.0323622
0.00371291 0.0391147 0.0788871 9.9991E-05 0.323233 0.396292 0.158661
0.0145945 0.0108785 9.9982E-05 9.9982E-05 0.473255 0.345472 0.1556
0.0670248 9.9991E-05 0.0392754 0.0715039 0.373839 0.366659 0.0815974
0.109071 0.0167026 0.0103945 9.9991E-05 0.519979 0.240811 0.102942
9.9991E-05 0.0773065 0.030228 0.0493863 0.392709 0.348401 0.101869
0.364076 0.0451185 9.9982E-05 9.9982E-05 0.0557019 0.521944 0.0129597
0.129782 0.0560129 9.9982E-05 9.9982E-05 0.256103 0.36147 0.196431
0.0691876 9.9973E-05 9.9973E-05 9.9973E-05 0.602385 0.165306 0.162822
0.061826 0.0162437 0.0373769 0.0544067 0.372343 0.373425 0.0843781
0.377751 0.240127 9.9991E-05 0.0801987 0.00739627 0.203831 0.0905964
0.303853 0.0810169 9.9982E-05 0.00576643 0.0976568 0.511507 9.9982E-05
0.0478252 0.0584332 0.033917 9.9991E-05 0.286741 0.381265 0.191719
0.298274 0.0232045 0.0253205 9.9982E-05 9.9982E-05 0.596953 0.0560481
0.31968 9.9973E-05 9.9973E-05 0.0509157 9.9973E-05 0.524758 0.104346
0.100761 9.9982E-05 9.9982E-05 0.120324 0.206104 0.343779 0.228831
0.0543545 0.02433 0.118582 0.0288872 0.347913 0.2369 0.189033
0.0889227 0.0300319 9.9991E-05 0.0828219 0.149541 0.515104 0.133479
0.0191649 9.9991E-05 0.0323892 0.0896193 0.372796 0.373091 0.11284
0.0356464 9.9982E-05 0.0893865 9.9982E-05 0.458907 0.346168 0.0696925
0.0772005 9.9982E-05 0.0202042 9.9982E-05 0.591954 0.120465 0.189976
0.153741 0.0160973 0.0759004 9.9991E-05 0.0477771 0.5399 0.166484
0.264798 0.128244 9.9982E-05 0.0666979 9.9982E-05 0.450206 0.0898541
0.69854 9.9973E-05 9.9973E-05 0.0531055 9.9973E-05 0.232398 0.0156566
0.138284 9.9982E-05 9.9982E-05 0.086618 0.0648371 0.569044 0.141017
0.154962 0.223172 0.147018 9.9991E-05 0.0422214 0.339321 0.0932051
0.164861 9.9982E-05 9.9982E-05 0.0931144 0.126942 0.41951 0.195373
0.105079 0.171645 0.112494 9.9991E-05 0.0775171 0.39329 0.139875
0.620001 9.9964E-05 9.9964E-05 9.9964E-05 0.204373 9.9964E-05 0.175227
0.711933 9.9964E-05 9.9964E-05 9.9964E-05 0.128042 9.9964E-05 0.159625
0.423468 0.0675138 0.0252502 0.0128871 0.0554984 0.301799 0.113584
0.461581 9.9982E-05 9.9982E-05 0.0372287 0.165191 0.0575764 0.278223
0.452977 9.9964E-05 9.9964E-05 9.9964E-05 0.207929 9.9964E-05 0.338694
0.241551 0.0199151 0.0637767 0.0922839 0.168148 0.297906 0.11642
0.207368 0.000512217 0.0399598 9.9991E-05 0.149148 0.403509 0.199403
0.40279 0.0314053 9.9982E-05 9.9982E-05 0.130656 0.24473 0.190219
0.575102 9.9982E-05 9.9982E-05 0.0165467 0.103138 0.100082 0.204932
0.0998412 0.083848 0.0508407 0.00613378 0.144124 0.417487 0.197726
0.489518 9.9982E-05 9.9982E-05 0.15578 0.190163 0.0786876 0.0856514
0.62289 9.9964E-05 9.9964E-05 9.9964E-05 0.0480687 9.9964E-05 0.328641
0.0488988 0.0374984 0.176907 9.9991E-05 0.176889 0.435447 0.124259
0.181743 9.9991E-05 0.0275584 0.133874 0.312342 0.225602 0.118781
0.031035 0.0353084 9.9991E-05 0.0878716 0.211624 0.356096 0.277965
0.0522519 9.9973E-05 9.9973E-05 9.9973E-05 0.228562 0.542871 0.176015
0.0334003 0.185235 0.0306209 0.0174343 0.155112 0.455356 0.12284
0.0161095 9.9982E-05 9.9982E-05 0.0975621 0.167314 0.521693 0.197121
0.147389 0.0323209 0.0520148 9.9991E-05 0.258454 0.434844 0.0748774
0.13742 9.9973E-05 9.9973E-05 9.9973E-05 0.132044 0.406877 0.323358
0.0222106 0.0480874 9.9991E-05 0.0708783 0.156483 0.511402 0.190838
0.0228813 0.0159805 9.9991E-05 0.0551227 0.228719 0.467386 0.209811
0.153928 9.9991E-05 0.05127 0.0111668 0.183625 0.367456 0.232454
0.0578468 0.115397 0.0461085 0.288839 0.140728 0.236103 0.114977
0.0776176 0.138169 0.00683748 0.0828926 0.156187 0.430362 0.107935
0.0433074 0.0261025 0.0367204 0.117012 0.121546 0.493725 0.161587
9.9991E-05 0.0386157 0.0577194 0.13955 0.150441 0.497234 0.116339
0.113072 9.9973E-05 9.9973E-05 9.9973E-05 0.253055 0.355323 0.278251
0.0297567 0.0491786 9.9982E-05 9.9982E-05 0.166064 0.535011 0.21979
0.256328 9.9973E-05 9.9973E-05 9.9973E-05 0.209094 0.171329 0.362949
0.0268039 9.9982E-05 0.117797 9.9982E-05 0.198962 0.468745 0.187492
0.220705 9.9982E-05 0.00717698 9.9982E-05 0.288021 0.239726 0.244171
0.0582549 0.130709 9.9973E-05 0.0438898 9.9973E-05 9.9973E-05 0.766846
0.0141594 0.700453 0.0879015 0.00754107 0.0293141 0.11272 0.0479106
9.9964E-05 0.946409 0.0167861 9.9964E-05 9.9964E-05 9.9964E-05 0.0364048
9.9955E-05 0.979564 9.9955E-05 9.9955E-05 9.9955E-05 9.9955E-05 0.0199358
9.9964E-05 0.950257 0.0462084 9.9964E-05 0.00313476 9.9964E-05 9.9964E-05
9.9964E-05 0.925738 9.9964E-05 9.9964E-05 0.0165529 0.0573097 9.9964E-05
0.0140639 0.89364 9.9964E-05 9.9964E-05 9.9964E-05 0.0918966 9.9964E-05
9.9955E-05 0.942605 9.9955E-05 9.9955E-05 9.9955E-05 9.9955E-05 0.0568948
9.9955E-05 0.788574 9.9955E-05 9.9955E-05 9.9955E-05 9.9955E-05 0.210926
0.0383329 0.0184045 9.9982E-05 9.9982E-05 0.00591996 0.0449538 0.892189
9.9964E-05 0.135023 9.9964E-05 9.9964E-05 9.9964E-05 0.0391385 0.825438
0.0368456 0.0112676 9.9982E-05 9.9982E-05 0.0673542 0.0288171 0.855515
0.0842147 0.102278 9.9973E-05 9.9973E-05 9.9973E-05 0.0454254 0.767782
9.9973E-05 0.0467461 9.9973E-05 9.9973E-05 0.0735428 0.0244342 0.854977
9.9973E-05 0.111739 0.028731 9.9973E-05 0.00213752 9.9973E-05 0.857093
0.00855985 0.072212 9.9982E-05 9.9982E-05 0.176458 0.00944895 0.733121
9.9964E-05 0.0450109 9.9964E-05 9.9964E-05 0.085036 9.9964E-05 0.869553
0.0301463 0.121831 9.9991E-05 0.00639808 0.139164 0.00276077 0.6996
9.9964E-05 9.9964E-05 9.9964E-05 0.0332391 0.0699134 9.9964E-05 0.896448
9.9973E-05 0.00689395 0.0366019 0.0161253 9.9973E-05 9.9973E-05 0.940079
9.9982E-05 0.0401764 0.0601993 9.9982E-05 0.0422485 0.0353191 0.821857
0.0355973 0.00911739 9.9982E-05 9.9982E-05 0.0457854 0.0049705 0.904329
0.0578691 9.9973E-05 9.9973E-05 9.9973E-05 0.0504464 0.0372675 0.854117
9.9982E-05 0.0134773 9.9982E-05 0.00176369 0.0199367 0.0876426 0.87698
9.9955E-05 9.9955E-05 9.9955E-05 9.9955E-05 9.9955E-05 0.147392 0.852108
9.9964E-05 9.9964E-05 9.9964E-05 9.9964E-05 0.0929823 0.113844 0.792774
9.9964E-05 9.9964E-05 9.9964E-05 9.9964E-05 0.083312 0.122544 0.793744
9.9973E-05 9.9973E-05 9.9973E-05 0.0122987 0.038529 0.138114 0.810758
0.308014 0.120224 9.9982E-05 0.073034 9.9982E-05 0.412761 0.0857668
0.212353 9.9964E-05 9.9964E-05 0.175907 9.9964E-05 0.61134 9.9964E-05
0.0366707 0.0945973 0.0406808 0.107156 0.103162 0.510139 0.107594
0.678977 9.9973E-05 0.0308434 0.137043 9.9973E-05 0.152837 9.9973E-05
0.238033 0.115507 9.9973E-05 9.9973E-05 9.9973E-05 0.543139 0.103022
0.782279 9.9973E-05 9.9973E-05 0.00265892 9.9973E-05 0.174961 0.039801
0.255197 9.9964E-05 9.9964E-05 9.9964E-05 9.9964E-05 0.716761 0.0276416
0.339938 0.153687 9.9973E-05 0.0909648 9.9973E-05 0.41511 9.9973E-05
0.319957 0.0841139 9.9982E-05 0.0609296 9.9982E-05 0.534219 0.000581265
9.9982E-05 0.052972 0.0364057 0.292403 9.9982E-05 0.579625 0.0383941
0.375068 0.0973241 9.9982E-05 0.0718062 9.9982E-05 0.428794 0.0268082
0.254723 0.0342936 0.012363 9.9982E-05 9.9982E-05 0.675647 0.0227727
0.239932 0.119376 9.9982E-05 0.0565545 9.9982E-05 0.543348 0.0405899
0.0771635 0.467186 0.21173 0.180121 0.0100978 0.0536016 9.9991E-05
0.728801 0.0904812 0.132514 0.0479037 9.9973E-05 9.9973E-05 9.9973E-05
0.722165 0.11825 9.9964E-05 9.9964E-05 9.9964E-05 0.159185 9.9964E-05
0.217488 0.0541861 9.9973E-05 9.9973E-05 9.9973E-05 0.665844 0.0621814
0.360034 0.0214442 9.9982E-05 0.0104072 9.9982E-05 0.562597 0.0453183
0.310564 9.9982E-05 0.0093453 0.0425939 9.9982E-05 0.550748 0.0865486
