0.901341 9.9991E-05 0.0153448 0.00214388 0.035135 0.0459351
0.922864 9.9982E-05 0.0514904 0.0236552 9.9982E-05 0.00179058
0.807216 0.0719459 9.9982E-05 9.9982E-05 0.104109 0.0165289
0.759194 9.9973E-05 9.9973E-05 9.9973E-05 0.13929 0.101216
0.883787 0.0680494 9.9973E-05 9.9973E-05 0.0478637 9.9973E-05
0.596058 0.0722133 0.0541002 0.161433 0.0548872 0.0613083
0.830876 9.9991E-05 0.0513079 0.0964939 0.00256511 0.018657
0.726948 9.9982E-05 9.9982E-05 0.0934854 0.0271679 0.152199
0.847741 9.9982E-05 0.0460257 0.0421438 9.9982E-05 0.0638899
0.684533 0.0980645 0.00339838 0.127696 0.0713285 0.01498
0.718297 9.9991E-05 0.0261521 0.116884 0.00336717 0.135199
9.999E-05 0.218595 0.126897 0.0772885 0.103692 0.473427
0.000340569 0.567351 0.0235545 0.0607297 0.037654 0.31037
0.0118023 0.198145 0.131699 0.103761 0.124167 0.430426
0.0682867 0.325033 0.0796948 0.0468371 0.18264 0.297508
0.101325 0.330273 0.0918704 0.0707849 0.186333 0.219413
9.9991E-05 0.437203 0.0388538 0.146301 0.227461 0.150081
0.014639 0.356086 0.146093 0.114664 0.154404 0.214115
0.105322 0.306143 0.17516 0.0440833 0.0966793 0.272612
0.0340901 0.0130182 0.123554 0.14527 0.0672118 0.616856
0.0425557 0.393274 0.211043 0.00296902 0.114955 0.235202
9.9982E-05 0.488997 9.9982E-05 0.219028 0.119389 0.172386
9.9982E-05 0.580817 0.118243 0.0735531 9.9982E-05 0.227187
0.00902768 0.285914 0.196453 0.038847 0.135478 0.334281
0.0433023 0.549199 0.102354 0.0461929 0.174345 0.0846064
0.00815492 0.581097 0.0207331 0.0741063 0.0902644 0.225644
0.0064307 0.232212 0.138641 0.0576606 0.105413 0.459642
0.0532295 0.178824 0.110634 0.0472634 0.181626 0.428423
9.9982E-05 0.227275 0.206368 0.187096 9.9982E-05 0.379061
0.844632 0.0574766 9.9973E-05 9.9973E-05 0.097591 9.9973E-05
0.830439 0.136861 9.9973E-05 9.9973E-05 0.0324003 9.9973E-05
0.795745 0.146765 9.9973E-05 9.9973E-05 0.0571893 9.9973E-05
0.732913 0.0156986 0.0880836 9.9982E-05 0.163105 9.9982E-05
0.118349 0.59122 0.171765 0.0370898 9.9991E-05 0.0814758
0.0323431 0.382603 0.372336 0.0421846 0.145083 0.0254505
0.0288163 0.55317 0.399295 9.9982E-05 0.0185192 9.9982E-05
0.0690934 0.184437 0.123477 9.9991E-05 0.0316116 0.59128
9.9982E-05 0.286339 0.597006 0.036211 0.0802441 9.9982E-05
0.0761459 0.479184 0.218828 0.0245171 0.0396073 0.161718
0.0354666 0.676023 0.219815 9.9991E-05 0.0292291 0.0393661
0.0918215 0.629521 0.0105686 0.192837 9.9991E-05 0.0751522
0.0882845 0.606146 0.135742 0.0233584 0.0741917 0.0722778
0.0258396 0.0574458 0.778373 9.9991E-05 0.0343584 0.103883
0.000906052 0.614445 0.0427124 0.193787 0.069343 0.078807
0.112419 0.605594 0.156355 9.9991E-05 0.0544866 0.0710452
0.159197 0.616561 0.08686 0.0717424 9.9991E-05 0.0655399
9.9973E-05 0.286549 0.708385 0.00476646 9.9973E-05 9.9973E-05
0.106721 0.67008 0.222899 9.9973E-05 9.9973E-05 9.9973E-05
0.186184 0.592188 0.165049 0.0252882 0.0268714 0.0044195
0.076406 9.9973E-05 0.634569 0.288725 9.9973E-05 9.9973E-05
9.9982E-05 0.217244 0.214863 0.204097 9.9982E-05 0.363596
0.0202216 0.119356 0.152878 0.527448 9.9991E-05 0.179995
0.0813596 0.539313 0.124594 0.00193274 0.074426 0.178375
0.102571 0.667673 9.9991E-05 0.099073 0.0550204 0.0755623
0.0334342 0.620401 0.0219622 0.0881401 0.0998051 0.136257
0.0997272 0.229819 0.202876 0.145403 9.9991E-05 0.322074
0.00167008 0.619657 0.0152372 0.0802217 0.00448308 0.27873
0.055504 0.525024 0.0595757 0.159111 0.119315 0.0814711
0.124334 0.40588 0.176919 0.113967 9.9991E-05 0.178801
0.210838 0.10461 0.114608 0.208702 0.0409183 0.320323
0.00793286 0.57523 0.126241 0.101226 9.9991E-05 0.18927
0.0607865 0.4726 0.0602579 0.0972759 0.0240138 0.285066
0.0218449 0.0896802 0.149806 0.199638 9.9991E-05 0.538931
9.9991E-05 0.528336 0.0846748 0.15091 0.00940895 0.226569
0.0277431 0.650322 9.9991E-05 0.200008 0.0961443 0.0256826
0.0180923 0.548856 9.9991E-05 0.183356 0.0885275 0.161068
0.0253469 0.256795 0.204936 0.170456 0.0645885 0.277878
9.9991E-05 0.539431 0.0897532 0.198559 0.00719716 0.16496
0.0441595 0.660192 9.9991E-05 0.0703961 0.0400462 0.185107
0.000920154 0.218542 0.126886 0.176736 9.9991E-05 0.476815
9.9973E-05 0.545466 0.452331 9.9973E-05 9.9973E-05 0.00190299
0.0316683 0.142709 0.723296 9.9991E-05 0.0116007 0.0906264
0.0896747 0.483125 0.175715 0.0466806 0.0375723 0.167232
9.9964E-05 9.9964E-05 0.834012 0.165588 9.9964E-05 9.9964E-05
9.9973E-05 9.9973E-05 0.770277 0.199763 9.9973E-05 0.0296601
9.9973E-05 0.246767 0.71324 0.0396926 9.9973E-05 9.9973E-05
0.0789954 0.451794 0.468911 9.9973E-05 9.9973E-05 9.9973E-05
0.167205 0.633838 0.114964 9.9991E-05 0.0256503 0.0582423
0.0204889 0.434136 0.386141 9.9991E-05 0.0508862 0.108249
0.0172754 0.0803968 0.715068 9.9991E-05 0.0254878 0.161672
9.9973E-05 0.191243 0.548384 9.9973E-05 9.9973E-05 0.260073
0.089117 0.489721 0.266678 0.0739477 0.0155593 0.0649768
0.0446254 0.265685 0.580406 9.9991E-05 0.0335786 0.0756045
0.0565298 0.370571 0.529403 9.9991E-05 0.0280984 0.0152978
0.00761667 0.40679 0.548202 0.0371917 9.9982E-05 9.9982E-05
0.0194 9.9973E-05 0.594376 0.385924 9.9973E-05 9.9973E-05
9.9982E-05 0.543102 0.272147 9.9982E-05 0.0556056 0.128945
0.832843 0.115101 0.000452647 9.9991E-05 0.0225333 0.0289703
0.923572 0.0760281 9.9964E-05 9.9964E-05 9.9964E-05 9.9964E-05
0.866504 0.0921609 9.9973E-05 9.9973E-05 0.0410355 9.9973E-05
0.905619 0.0482862 9.9982E-05 0.0175102 0.028385 9.9982E-05
0.832521 0.0561097 0.0584905 9.9982E-05 0.0526785 9.9982E-05
0.883858 0.0718378 0.029994 9.9982E-05 0.0141104 9.9982E-05
0.943428 0.0118241 0.0265328 9.9982E-05 0.018015 9.9982E-05
0.0540778 0.426882 0.230541 0.00478596 0.168301 0.115412
0.166774 0.373244 0.246928 9.9991E-05 0.138555 0.0743988
0.046119 9.9982E-05 0.865599 0.0306427 9.9982E-05 0.057439
0.141733 0.543508 0.207936 0.0268991 0.0178044 0.0621203
0.0723032 0.412052 0.416018 9.9982E-05 9.9982E-05 0.099427
0.02746 0.595189 0.339437 9.9982E-05 0.0377139 9.9982E-05
0.0312937 0.454576 0.299864 0.0541283 0.052206 0.107932
9.9982E-05 0.421422 0.423635 0.0533852 0.101358 9.9982E-05
0.0453529 9.9982E-05 0.761779 0.00847523 9.9982E-05 0.184192
0.19319 0.509027 0.188702 0.0482692 0.0219468 0.0388647
0.108551 0.599287 0.164808 0.0757938 9.9991E-05 0.0514602
0.0949059 0.516406 0.188889 0.0227095 0.131102 0.0459876
0.00437188 0.245365 0.60418 0.0958187 0.0501645 9.9991E-05
9.9982E-05 0.476784 0.444221 0.0681391 0.0106563 9.9982E-05
0.0786813 0.374936 0.464454 9.9982E-05 9.9982E-05 0.0817287
9.9973E-05 0.126045 0.702608 9.9973E-05 0.171047 9.9973E-05
0.103368 0.392123 0.50421 9.9973E-05 9.9973E-05 9.9973E-05
0.116746 0.474554 0.213199 9.9991E-05 0.0874643 0.107936
0.0535271 0.307218 0.0518972 0.325712 9.9991E-05 0.261546
0.0752621 0.358391 0.0632423 0.0567914 0.131741 0.314572
0.180622 0.623925 0.0570281 0.00617011 9.9991E-05 0.132155
0.136179 0.545652 0.102306 0.142378 0.0338107 0.039674
0.0148468 0.56017 9.9982E-05 0.0519186 9.9982E-05 0.372865
0.0731503 0.629929 0.0554568 0.0699289 0.00626356 0.165271
9.9991E-05 0.465507 0.0693353 0.0212565 0.0535435 0.390258
0.103219 0.547994 0.146924 0.131884 0.00568869 0.0642912
0.074027 0.672013 0.0266809 0.0341708 0.0141047 0.179004
0.0117038 0.68695 0.0310317 0.102061 9.9991E-05 0.168153
9.9973E-05 0.601647 9.9973E-05 0.102676 9.9973E-05 0.295377
0.0322047 0.756367 0.0833812 0.0957176 9.9991E-05 0.0322294
0.0814635 0.507069 0.0304822 0.212355 0.16853 9.9991E-05
9.9982E-05 0.531806 0.185525 9.9982E-05 0.057639 0.22483
0.0605279 0.594303 9.9991E-05 0.145913 0.0753061 0.12385
9.9991E-05 0.565912 0.0201066 0.103846 0.110551 0.199485
0.10106 0.449341 9.9982E-05 0.208029 9.9982E-05 0.24137
0.00447013 0.663248 0.0459781 9.9991E-05 0.0473069 0.238897
9.9982E-05 0.65973 9.9982E-05 0.120146 0.0580762 0.161848
0.0128509 0.174916 0.270381 9.9991E-05 0.139593 0.402159
9.9991E-05 0.227901 0.0244494 0.451946 0.0368083 0.258795
9.9991E-05 0.520171 0.0755815 0.0902516 0.0347663 0.27913
9.9991E-05 0.132431 0.152999 0.444095 0.0299356 0.24044
0.0473287 0.334057 0.14611 0.0704511 9.9991E-05 0.401954
0.00232119 0.427226 0.144822 0.102477 0.0205566 0.302597
0.0437807 0.36418 0.136797 0.0467534 9.9991E-05 0.408389
9.9973E-05 0.327465 0.133926 9.9973E-05 9.9973E-05 0.538309
0.045487 0.604922 0.147885 0.0225934 0.0787981 0.100315
0.022231 0.500909 0.0811402 0.0674549 0.165295 0.162969
0.0131796 0.551961 0.158311 0.0441109 0.0928609 0.139577
9.9991E-05 0.189088 0.11438 0.358927 0.0299427 0.307563
0.255525 0.575038 0.101589 0.00912423 9.9991E-05 0.0586232
0.077521 0.544395 0.065911 0.2824 0.0296729 9.9991E-05
0.129485 0.0139118 0.0971473 0.612193 9.9991E-05 0.147162
0.0705039 0.707461 0.0839761 0.137859 9.9982E-05 9.9982E-05
0.107167 0.404228 0.140508 0.287813 0.0451751 0.0151085
0.0422593 0.515573 0.03243 0.231963 0.100879 0.0768946
0.116016 0.305642 0.136635 0.350396 9.9991E-05 0.0912119
0.0750105 0.225989 0.0867439 0.487215 9.9991E-05 0.124942
0.0576041 0.450808 0.115395 0.328001 9.9991E-05 0.0480913
0.125569 0.374382 0.1512 0.202822 0.0714071 0.0746206
0.120214 0.44195 0.133813 0.207951 0.0531143 0.042957
0.0557306 0.0240533 0.229649 0.476484 0.139976 0.0741071
0.140529 0.463608 0.0429639 0.110807 0.138045 0.104047
9.9982E-05 0.383313 0.158344 0.294328 9.9982E-05 0.163815
9.9982E-05 0.564987 0.145082 0.236305 9.9982E-05 0.0534252
0.0627007 0.68822 0.0814172 0.0904661 0.0770957 9.9991E-05
0.347529 0.209747 9.9982E-05 0.205584 0.23694 9.9982E-05
0.566922 9.9973E-05 9.9973E-05 0.31008 0.122698 9.9973E-05
0.46719 9.9973E-05 9.9973E-05 0.422973 0.109537 9.9973E-05
0.393203 0.0643711 9.9991E-05 0.194377 0.3358 0.0121483
9.9982E-05 0.58061 0.113853 0.261242 0.0440956 9.9982E-05
0.107852 0.578593 0.0651744 0.120433 0.0628485 0.0650992
9.9973E-05 0.297 0.0249334 9.9973E-05 0.677767 9.9973E-05
0.0351705 0.333487 0.116314 0.0112209 0.43834 0.0654669
0.0138769 0.310042 0.0734902 0.0666737 0.492159 0.0437583
9.9991E-05 0.298505 0.0951744 0.530128 0.026645 0.0494471
0.030593 0.513898 0.125429 0.213355 0.0527899 0.0639353
9.9982E-05 0.241058 0.074538 0.646807 9.9982E-05 0.0373963
0.00835933 0.683637 0.0229526 0.253299 0.0316521 9.9991E-05
0.0242348 0.57121 0.0326142 0.318978 9.9991E-05 0.052863
0.0209858 0.577229 0.0442907 0.303532 0.0224038 0.0315591
9.9982E-05 0.277402 0.0899914 0.616667 9.9982E-05 0.0157396
0.114241 0.600205 0.158131 0.0623016 0.031936 0.0331859
0.0410908 0.631548 0.104176 0.222986 9.9982E-05 9.9982E-05
9.9973E-05 9.9973E-05 0.0270268 0.0277306 0.944943 9.9973E-05
9.9982E-05 0.045208 9.9982E-05 0.0228759 0.919591 0.0121251
0.0351386 0.309589 0.0661387 9.9991E-05 0.568895 0.0201388
9.9964E-05 0.300619 9.9964E-05 9.9964E-05 0.698981 9.9964E-05
9.9973E-05 0.114177 0.0963477 9.9973E-05 0.789176 9.9973E-05
9.996E-05 9.996E-05 9.996E-05 9.996E-05 0.9995 9.996E-05
9.9973E-05 9.9973E-05 0.000514946 9.9973E-05 0.947399 0.051786
9.9964E-05 0.095515 9.9964E-05 9.9964E-05 0.904085 9.9964E-05
9.9973E-05 0.0308822 9.9973E-05 9.9973E-05 0.956272 0.0125456
9.996E-05 9.996E-05 9.996E-05 9.996E-05 0.9995 9.996E-05
9.996E-05 9.996E-05 9.996E-05 9.996E-05 0.9995 9.996E-05
9.9982E-05 0.181975 9.9982E-05 0.00863909 0.785973 0.0232129
0.0356236 0.106281 9.9982E-05 0.0597918 0.798103 9.9982E-05
9.9964E-05 9.9964E-05 0.0188704 9.9964E-05 0.98073 9.9964E-05
0.057982 0.371778 0.130693 0.0117624 0.359203 0.0685815
0.0155031 0.2233 0.0945275 9.9991E-05 0.645844 0.0207251
0.0118512 0.24514 9.9973E-05 9.9973E-05 0.742709 9.9973E-05
9.9973E-05 0.0670665 9.9973E-05 9.9973E-05 0.888968 0.0436656
9.9964E-05 0.0299824 9.9964E-05 9.9964E-05 0.969618 9.9964E-05
0.0511968 0.0484555 0.0185288 9.9991E-05 0.865241 0.0164774
0.0293549 9.9964E-05 9.9964E-05 9.9964E-05 0.970245 9.9964E-05
0.0826755 0.216903 0.0132396 9.9991E-05 0.61698 0.0701022
9.9982E-05 9.9982E-05 0.00906946 0.0254452 0.910252 0.0550329
0.373857 9.9973E-05 9.9973E-05 0.580154 0.0456894 9.9973E-05
0.185823 0.391758 9.9991E-05 0.265102 0.096405 0.0608116
0.189041 0.415711 9.9991E-05 0.275241 0.0997762 0.0201314
0.22118 0.152454 9.9991E-05 0.4686 0.153748 0.00391865
0.106876 0.350616 0.0795055 0.193043 0.158911 0.11105
0.203337 0.217455 0.0204646 0.436096 0.122547 9.9991E-05
0.152741 0.297676 0.134944 0.158856 0.121864 0.133919
0.159462 0.219536 0.0329737 0.374862 0.213066 9.9991E-05
0.170162 0.452449 0.0292727 0.160063 0.106618 0.0814353
0.1576 0.379424 9.9982E-05 0.226703 0.236074 9.9982E-05
0.169468 0.548717 9.9991E-05 0.210962 0.0465626 0.0241911
0.834352 0.0487981 9.9982E-05 0.028951 9.9982E-05 0.087699
0.933722 9.9973E-05 9.9973E-05 9.9973E-05 0.0626968 0.00328136
0.963707 9.9964E-05 9.9964E-05 9.9964E-05 9.9964E-05 0.035893
0.948261 9.9973E-05 0.0290785 9.9973E-05 9.9973E-05 0.0223606
0.901305 0.0208988 9.9982E-05 9.9982E-05 0.0125475 0.0650493
0.90412 9.9973E-05 0.00719684 9.9973E-05 0.0883836 9.9973E-05
0.899583 0.0505645 9.9973E-05 9.9973E-05 0.0495531 9.9973E-05
0.882386 0.0465368 0.0200918 0.0507857 9.9982E-05 9.9982E-05
0.926154 0.019802 0.0357816 9.9982E-05 0.0180623 9.9982E-05
0.845523 0.022084 9.9982E-05 0.0485163 0.0836762 9.9982E-05
0.608712 9.9973E-05 0.126715 9.9973E-05 9.9973E-05 0.264273
0.558515 0.0194989 0.055694 9.9991E-05 0.00532362 0.360868
0.534945 9.9973E-05 9.9973E-05 0.174623 9.9973E-05 0.290132
0.500177 9.9982E-05 0.0984546 0.0501371 9.9982E-05 0.351031
0.0573537 0.571791 0.235744 9.9991E-05 0.00708893 0.127922
9.9982E-05 0.398377 0.374523 9.9982E-05 0.108578 0.118322
0.00149637 0.537744 0.164348 0.0363169 0.0989284 0.161167
0.0493315 0.360478 0.316416 0.106624 9.9991E-05 0.167051
9.9991E-05 0.176722 0.106252 0.0859201 0.00601795 0.624988
0.0172932 0.572298 0.229656 0.0845078 0.0885585 0.00768724
9.9982E-05 0.623654 0.258965 0.0282583 9.9982E-05 0.088923
9.9982E-05 0.47229 0.328255 0.148296 9.9982E-05 0.0509593
9.9991E-05 0.31048 0.539932 0.0569344 0.0546783 0.0378746
0.0387345 0.617559 0.139499 0.0470753 0.066607 0.0905259
9.9982E-05 0.437827 0.40009 0.0110236 9.9982E-05 0.150859
9.9973E-05 9.9973E-05 0.66602 0.254733 9.9973E-05 0.0789471
0.0792472 0.50982 0.22009 0.0680174 0.0317612 0.0910647
0.0124915 0.206023 0.536138 0.245148 9.9982E-05 9.9982E-05
0.00158676 0.52146 0.411739 0.020018 9.9991E-05 0.045096
0.014806 0.065694 0.704192 9.9982E-05 9.9982E-05 0.215108
0.126292 9.9973E-05 9.9973E-05 0.140847 9.9973E-05 0.732561
0.0940137 0.0320569 9.9982E-05 0.125959 9.9982E-05 0.747771
0.0451061 9.9982E-05 9.9982E-05 0.143646 0.000304501 0.810744
0.109074 9.9973E-05 9.9973E-05 0.0509181 9.9973E-05 0.839708
0.0409398 9.9991E-05 0.00109553 0.0678059 0.048138 0.841921
0.0454118 0.0314031 9.9982E-05 9.9982E-05 0.107367 0.815618
0.870314 0.061226 0.011009 9.9982E-05 0.0572507 9.9982E-05
0.790607 0.0598275 9.9991E-05 0.0199024 0.0519894 0.0775733
0.77013 0.10702 9.9973E-05 9.9973E-05 0.12255 9.9973E-05
0.751109 0.0256559 9.9982E-05 9.9982E-05 0.121205 0.101831
0.762449 0.0328561 9.9982E-05 9.9982E-05 0.132286 0.0722098
0.434479 9.9973E-05 0.0835363 9.9973E-05 9.9973E-05 0.481684
0.465548 9.9982E-05 0.0633135 0.0794902 9.9982E-05 0.391448
0.434891 9.9991E-05 0.066483 0.0070675 0.0168212 0.474637
0.801186 0.120038 9.9982E-05 9.9982E-05 0.031508 0.0470681
0.405778 9.9982E-05 0.0314944 0.110678 9.9982E-05 0.45185
0.269127 0.221344 9.9982E-05 0.129428 0.379901 9.9982E-05
0.152747 0.665625 9.9991E-05 0.0100024 0.125955 0.0455706
0.190002 0.498086 9.9982E-05 0.037796 0.273916 9.9982E-05
0.258099 0.302804 0.103739 0.0822098 0.243256 0.00989239
0.174122 0.465113 0.00716599 0.0989178 0.224842 0.0298389
0.482897 9.9973E-05 9.9973E-05 0.210742 0.306061 9.9973E-05
9.9991E-05 0.461629 0.10151 0.0979108 0.0212218 0.317628
9.9982E-05 0.381189 0.0919937 0.265068 9.9982E-05 0.26155
0.111647 0.322813 0.0666386 0.0259202 9.9991E-05 0.472881
9.9991E-05 0.53896 0.1304 0.21156 0.00963207 0.109348
9.9973E-05 9.9973E-05 0.189311 0.646929 9.9973E-05 0.163459
0.137126 0.620327 0.108495 0.052528 9.9991E-05 0.0814248
0.0190088 0.454919 0.192647 0.168576 0.0629025 0.101946
0.0471761 0.359857 0.154894 9.9982E-05 9.9982E-05 0.437873
0.122366 0.555131 0.0744523 0.0425186 0.0907656 0.114767
9.9982E-05 0.170914 0.127145 0.461449 9.9982E-05 0.240291
9.9991E-05 0.486466 0.0712375 0.233533 0.0504375 0.158226
0.0116725 0.560915 0.0471989 0.0761886 0.0127229 0.291302
0.147051 0.36949 0.167126 0.149785 0.161731 0.00481592
9.9982E-05 0.410835 0.0314158 0.294146 9.9982E-05 0.263404
0.0388427 0.552364 0.0743526 0.0719488 9.9991E-05 0.262392
9.9991E-05 0.489615 0.110581 0.194135 0.0645803 0.140988
0.0205959 0.562439 0.142789 0.125141 0.00778169 0.141254
0.024648 0.627076 0.0199357 0.0820075 0.0740992 0.172233
0.105702 0.466255 0.139787 0.00910248 0.0924675 0.186686
0.0927681 0.378928 0.176299 0.0623909 0.118659 0.170956
0.791591 0.14027 9.9973E-05 9.9973E-05 0.067839 9.9973E-05
0.818724 0.0942244 0.00220886 0.0526793 0.0320633 9.9991E-05
0.795237 0.061289 0.00704932 0.102102 0.0112504 0.0230729
0.788286 9.9982E-05 0.101137 0.0200761 0.0903006 9.9982E-05
0.840989 0.108329 9.9973E-05 9.9973E-05 0.0503824 9.9973E-05
9.9991E-05 0.174374 0.04187 0.100917 0.102634 0.580105
0.00866865 0.521893 0.103509 0.127321 0.106844 0.131764
0.190672 0.521434 9.9991E-05 0.0995005 0.125865 0.0624285
0.0027617 0.676678 0.132704 0.00314779 0.0547929 0.129916
0.040867 0.570215 0.0992815 0.0856661 9.9991E-05 0.203871
9.9991E-05 0.311544 0.0181106 0.339056 0.0527304 0.278459
0.11646 9.9982E-05 0.107663 0.139745 9.9982E-05 0.635932
0.0375759 0.539238 0.128174 9.9991E-05 0.00351408 0.291398
0.0543283 0.109292 0.148312 0.108791 0.0549491 0.524328
0.0516886 0.406252 0.123059 0.229301 0.0134702 0.176229
0.155543 0.114825 0.124758 0.0628671 0.0409216 0.501085
0.118369 0.578874 0.000754585 9.9991E-05 0.062594 0.239308
0.0765658 0.239965 0.081517 0.10779 9.9991E-05 0.494062
0.00296059 0.291146 0.13498 0.170687 0.0921852 0.30804
0.0343603 0.515291 0.0541436 0.205319 0.0365745 0.154312
0.0529761 0.347149 9.9982E-05 0.484981 9.9982E-05 0.114694
0.0873593 0.554806 0.0538976 0.188047 0.0244172 0.0914733
0.129596 0.537483 0.138656 0.157276 0.0233968 0.0135932
9.9973E-05 0.410041 9.9973E-05 0.515644 9.9973E-05 0.0740151
0.0663147 0.510963 0.0068028 0.206884 0.120902 0.0881334
0.0618104 0.569446 0.145904 0.204115 9.9991E-05 0.0186241
9.9982E-05 0.125969 0.0855942 0.700528 9.9982E-05 0.0877084
9.9973E-05 0.314407 0.0301134 0.65518 9.9973E-05 9.9973E-05
0.00391274 0.538279 9.9982E-05 0.368903 9.9982E-05 0.0887053
9.9982E-05 0.134989 0.205919 0.530805 9.9982E-05 0.128087
9.9982E-05 0.467841 0.147072 0.271736 9.9982E-05 0.113151
9.9991E-05 0.108891 0.184123 0.0532573 0.0277168 0.625913
9.9982E-05 0.332889 0.0703145 0.302073 9.9982E-05 0.294523
0.0389949 0.380744 0.209964 0.0391777 0.0287884 0.30233
0.0217282 0.591819 0.0649716 0.066338 0.0707001 0.184443
9.9991E-05 0.245113 0.305102 0.00227101 0.0169241 0.43049
0.00131911 0.536 0.0146969 0.176782 0.100758 0.170445
0.0484106 0.597959 0.0626625 0.0941105 0.106899 0.089958
9.9991E-05 0.516291 0.00773946 0.0999827 0.132472 0.243415
9.9991E-05 0.533676 0.0371418 0.0466543 0.092118 0.29031
9.9982E-05 0.428427 0.154821 9.9982E-05 0.0894673 0.327085
9.9982E-05 0.150039 0.219881 9.9982E-05 0.0842581 0.545622
9.9991E-05 0.318992 0.128911 0.0383474 0.104308 0.409342
9.9991E-05 0.602222 0.0599952 0.0436138 0.102701 0.191368
0.0520517 0.510021 0.224524 0.0449169 0.0929665 0.0755203
0.0521736 0.478109 0.0571352 0.192901 9.9991E-05 0.219581
9.9982E-05 0.515155 9.9982E-05 0.148148 0.10496 0.231537
0.0916493 0.427886 0.0236564 0.0299508 0.0183515 0.408506
0.0923163 0.635764 0.0509293 9.9991E-05 0.00387502 0.217016
0.00907901 0.581224 9.9991E-05 0.0861154 0.0830286 0.240453
0.109955 0.556408 0.0487524 0.0790392 9.9991E-05 0.205745
0.35982 0.448713 9.99877E-05 0.0772425 0.114025 9.99877E-05
0.123751 0.468366 0.101957 0.0780444 0.227782 9.9991E-05
0.120048 0.3473 0.104339 0.172977 0.218482 0.0368535
0.0464319 0.60235 9.9991E-05 0.107953 0.15403 0.0891349
0.255854 0.492453 0.0526628 0.0199366 0.178994 9.9991E-05
9.9982E-05 0.506485 0.0433837 0.260693 9.9982E-05 0.189239
0.185266 0.483049 0.039271 0.0828957 0.205471 0.00404683
0.233575 0.0424337 0.0482175 0.519598 0.156077 9.9991E-05
0.0899659 0.493023 9.9991E-05 0.100448 0.184405 0.132058
0.0391515 0.483733 0.0848955 0.121365 0.226281 0.0445737
0.0416292 0.449323 0.13069 0.0108643 0.260351 0.107143
0.189123 0.31774 0.062036 0.283158 0.108998 0.0389447
0.157547 0.4794 9.9991E-05 0.100583 0.253023 0.00934765
0.168674 0.526013 9.9982E-05 0.123329 0.181785 9.9982E-05
0.502057 9.9973E-05 9.9973E-05 0.315795 0.181848 9.9973E-05
0.152679 0.507867 9.9991E-05 0.0252675 0.212007 0.10208
0.176806 0.473748 0.101317 0.0877373 0.160292 9.9991E-05
0.092882 0.627046 0.0354905 0.102373 0.142109 9.9991E-05
0.200941 0.594462 9.9991E-05 0.0501465 0.146746 0.00760429
0.162386 0.458517 9.9991E-05 0.108869 0.193327 0.076801
0.0194361 0.503473 0.0263297 0.390612 0.0289131 0.031236
0.0785182 0.519601 0.0980435 0.190157 0.0503772 0.0633038
9.9982E-05 0.0495836 0.242718 0.653489 9.9982E-05 0.0540089
9.9982E-05 0.0838722 0.142031 0.65991 9.9982E-05 0.113987
0.0601905 0.558894 0.00715869 0.311394 0.0489897 0.0133736
0.080519 0.394584 9.9982E-05 0.216709 0.307987 9.9982E-05
0.0454296 0.326758 9.9982E-05 0.281159 0.346454 9.9982E-05
0.204448 0.233454 0.0122786 0.292275 0.257445 9.9991E-05
0.187208 0.360297 0.0233234 0.170888 0.258184 9.9991E-05
0.0708763 0.122149 0.0427724 0.66498 0.0991222 9.9991E-05
0.112036 0.298992 9.9982E-05 0.559793 0.0289794 9.9982E-05
9.9982E-05 0.50786 0.145442 0.211664 0.134835 9.9982E-05
0.0202021 0.512689 0.107321 0.265851 0.0938373 9.9991E-05
0.0682467 0.284934 0.0132573 0.56137 0.072092 9.9991E-05
0.0566777 0.540331 0.0705015 0.140943 0.113655 0.0778921
9.9991E-05 0.536877 0.0246359 0.24322 0.180989 0.0141783
0.048194 0.505461 0.0362554 0.139984 0.197836 0.0722697
9.9982E-05 0.330028 0.0741941 0.440253 9.9982E-05 0.155326
9.9991E-05 0.37387 0.0653767 0.341688 0.110564 0.108401
9.9982E-05 0.624571 0.0427566 0.313364 0.0191092 9.9982E-05
9.9991E-05 0.45302 0.0594159 0.293701 0.0315446 0.162219
0.0820424 0.435128 0.00512159 0.356972 0.0706888 0.0500468
9.9973E-05 0.581174 0.0305653 0.387961 9.9973E-05 9.9973E-05
9.9982E-05 0.297577 0.028473 0.580469 9.9982E-05 0.0932807
0.0225549 0.613132 0.127321 0.154383 0.0825086 9.9991E-05
0.106596 0.510017 9.9991E-05 0.227316 0.132725 0.0232461
9.9982E-05 0.252031 0.188768 0.535353 9.9982E-05 0.0236482
0.00335329 0.532752 0.0460409 0.410609 0.00714498 9.9991E-05
0.0920646 0.671178 0.0661041 0.150485 9.9991E-05 0.020068
9.9982E-05 0.555074 0.145472 0.242853 9.9982E-05 0.0564008
0.12429 0.419337 9.9991E-05 0.184496 0.248895 0.0228812
0.063851 0.413745 0.159604 0.141623 0.156988 0.0641883
0.190685 0.345609 0.00311917 0.146709 0.277176 0.0367023
0.179874 0.313462 9.9991E-05 0.16757 0.214347 0.124647
0.149093 0.325187 0.202009 0.0786955 0.244915 9.9991E-05
0.222522 0.401321 0.0163159 0.197465 0.151685 0.0106895
0.162313 9.9982E-05 0.0101607 0.675781 0.151545 9.9982E-05
0.069682 0.565277 9.9982E-05 0.123945 0.240896 9.9982E-05
0.307764 9.9973E-05 9.9973E-05 0.52242 0.169516 9.9973E-05
0.0373597 0.545868 9.9982E-05 0.240006 0.176566 9.9982E-05
9.9973E-05 0.197477 0.182983 0.619241 9.9973E-05 9.9973E-05
9.9973E-05 9.9973E-05 0.229827 0.749477 9.9973E-05 0.0203957
9.9973E-05 0.564568 0.0900975 0.345034 9.9973E-05 9.9973E-05
9.9982E-05 0.644532 0.136954 0.170544 0.0477698 9.9982E-05
9.9982E-05 0.464067 0.097742 0.435316 9.9982E-05 0.00267517
0.00208094 0.486907 0.284768 0.226045 9.9982E-05 9.9982E-05
9.9973E-05 0.576776 0.0741689 0.348755 9.9973E-05 9.9973E-05
0.838215 0.105018 0.00827416 0.0362824 9.9991E-05 0.0121103
0.70392 9.9982E-05 9.9982E-05 0.0690263 0.140208 0.086646
0.897037 9.9973E-05 9.9973E-05 9.9973E-05 0.0661623 0.0365004
0.938935 0.0606653 9.9964E-05 9.9964E-05 9.9964E-05 9.9964E-05
0.0445653 0.482568 0.383921 0.0199132 0.0404158 0.0286173
0.069093 0.535475 0.354449 9.9982E-05 0.0407837 9.9982E-05
0.000713699 0.433393 0.451905 9.9991E-05 0.023429 0.0904597
0.0128047 0.636431 0.272814 9.9991E-05 0.0484329 0.0294171
0.0959861 0.437719 0.207913 0.0991041 0.0950943 0.0641841
0.020481 0.183232 0.586144 0.085202 0.00388831 0.121053
9.9973E-05 0.525081 0.434956 9.9973E-05 0.0396633 9.9973E-05
9.9973E-05 0.316365 0.430825 0.25251 9.9973E-05 9.9973E-05
0.261765 0.425816 0.0121468 0.033015 0.181368 0.085889
9.9991E-05 0.416894 0.427017 0.0457271 0.0639368 0.0463254
0.0158031 0.324977 0.569909 9.9982E-05 9.9982E-05 0.0891116
9.9982E-05 0.486817 0.428067 9.9982E-05 0.0205001 0.0644161
0.0511093 0.398907 0.488043 9.9991E-05 0.00239728 0.0594432
9.9982E-05 0.624534 0.341406 0.0216498 0.01221 9.9982E-05
0.0717157 0.571266 0.326042 9.9991E-05 0.0200141 0.0108623
9.9973E-05 0.0159321 0.890558 0.0932101 9.9973E-05 9.9973E-05
0.0498923 0.254359 0.565034 0.0998865 0.00636239 0.0244665
9.9991E-05 0.209751 0.654077 0.107049 0.00539592 0.0236279
9.9964E-05 9.9964E-05 0.735221 0.264379 9.9964E-05 9.9964E-05
0.0488633 0.403258 0.421953 9.9991E-05 0.0171468 0.108679
9.9982E-05 0.0862403 0.620047 0.279764 0.0137483 9.9982E-05
9.9964E-05 9.9964E-05 0.698604 0.300996 9.9964E-05 9.9964E-05
0.0732224 0.493789 0.363744 9.9982E-05 0.0690448 9.9982E-05
0.0915098 0.133817 0.656472 9.9991E-05 0.0128758 0.105226
0.00945724 0.279322 0.488053 9.9991E-05 0.112114 0.110953
0.0910882 0.389988 0.343847 9.9982E-05 0.174877 9.9982E-05
9.9982E-05 0.472288 0.459253 9.9982E-05 0.0209181 0.0473409
9.9991E-05 0.395994 0.0491506 0.276401 0.0420006 0.236354
0.0236586 0.498721 0.393123 0.0174192 0.051611 0.0154672
0.0574946 0.4724 0.37322 9.9982E-05 9.9982E-05 0.0966848
9.9964E-05 0.275484 0.724116 9.9964E-05 9.9964E-05 9.9964E-05
0.0948993 0.50219 0.294464 0.0277629 0.0441644 0.0365191
0.645887 9.9982E-05 0.0461685 0.0347629 9.9982E-05 0.272981
0.741561 0.0832147 0.11272 9.9982E-05 9.9982E-05 0.0623044
0.822608 9.9973E-05 9.9973E-05 0.0499367 9.9973E-05 0.127155
0.802323 9.9973E-05 9.9973E-05 0.0565878 9.9973E-05 0.140789
0.751374 0.0162513 9.9982E-05 0.0104259 9.9982E-05 0.221748
0.0231326 0.0589843 0.748644 9.9991E-05 0.0263812 0.142758
0.0392408 0.140295 0.644253 0.108478 9.9991E-05 0.0676334
9.9982E-05 0.0515567 0.752599 0.158394 0.0372505 9.9982E-05
0.186237 0.526364 0.0929223 0.11971 0.065656 0.00911109
0.15706 0.476172 0.304649 0.0337991 0.0190336 0.00928661
0.0139719 0.261284 0.485247 0.183952 0.0554453 9.9991E-05
9.9973E-05 0.652672 0.303021 9.9973E-05 0.0440064 9.9973E-05
9.9991E-05 0.267387 0.449063 0.0742867 0.161889 0.0472737
0.0363031 0.573484 0.289011 0.0764757 9.9991E-05 0.024626
0.039799 0.518971 0.30716 9.9991E-05 0.0879112 0.0460591
9.9982E-05 0.230494 0.616209 9.9982E-05 0.0334061 0.119692
9.9973E-05 0.343607 0.581138 9.9973E-05 9.9973E-05 0.0749553
9.9982E-05 0.219864 0.654226 9.9982E-05 0.0330941 0.0926158
0.131946 0.580476 9.9982E-05 0.279364 9.9982E-05 0.00801396
0.0554241 0.344227 0.600049 9.9973E-05 9.9973E-05 9.9973E-05
0.0119524 0.386423 0.539834 9.9982E-05 0.0615907 9.9982E-05
0.0632259 0.360656 0.0222515 0.000778218 0.456193 0.0968949
0.0440689 0.352297 9.9991E-05 0.0665267 0.51111 0.0258977
0.112982 0.391617 9.9982E-05 0.0257455 0.469455 9.9982E-05
0.121458 0.346675 9.9982E-05 0.104057 0.42761 9.9982E-05
0.20485 0.52403 0.00643131 9.9991E-05 0.258519 0.00606927
0.0436084 0.514393 0.249731 0.172118 0.0200494 9.9991E-05
0.252693 0.0102406 0.0168273 0.0439088 0.67623 9.9991E-05
0.169633 0.303393 9.9982E-05 0.0158274 0.510947 9.9982E-05
0.270402 0.398731 0.100211 0.104883 0.101727 0.024046
0.148373 0.66093 9.9973E-05 0.190398 9.9973E-05 9.9973E-05
0.195651 0.433194 0.126814 0.157985 9.9991E-05 0.0862565
0.135877 0.674609 0.0324406 0.0559105 0.00572423 0.0954381
0.120241 0.651872 0.0769013 0.0888843 9.9991E-05 0.0620015
0.258605 0.335209 9.9982E-05 0.00867631 0.39731 9.9982E-05
0.145464 0.409719 0.0340849 9.9991E-05 0.345718 0.0649147
0.0701508 0.416545 9.9982E-05 0.029764 0.483341 9.9982E-05
0.0840935 0.403084 9.9991E-05 0.0872701 0.323983 0.101469
0.0749264 0.26581 0.0184904 0.0735091 0.529568 0.0376963
0.171549 0.344807 0.150543 9.9991E-05 0.32522 0.00778016
0.06774 0.2121 9.9991E-05 0.0923887 0.617847 0.00982473
0.04519 0.375641 0.00961069 0.0320391 0.426013 0.111506
0.0803506 0.51803 0.0660596 0.296963 0.0384965 9.9991E-05
0.151759 0.249012 0.0445233 0.112072 0.358272 0.0843611
0.189738 0.191722 9.9973E-05 9.9973E-05 0.61824 9.9973E-05
0.095716 0.343963 0.0869357 0.0390403 0.365123 0.0692216
0.136532 0.212332 0.129693 0.25299 0.00599249 0.26246
9.9991E-05 0.500253 0.0228886 0.210131 0.158237 0.108391
0.17231 0.403175 9.9982E-05 0.123385 0.30093 9.9982E-05
0.0859336 0.547884 0.00182523 0.177929 0.129909 0.0565187
0.227327 0.524029 0.132667 0.104825 9.9991E-05 0.0110511
0.181187 0.414965 0.0905378 0.0973211 0.215889 9.9991E-05
0.20712 0.384277 9.9982E-05 0.121257 0.287146 9.9982E-05
0.0837379 0.446225 0.171086 0.0522784 0.160084 0.086589
0.123113 0.361242 0.1053 0.00500694 0.405237 9.9991E-05
0.0972307 0.42635 9.9982E-05 0.0265155 0.449704 9.9982E-05
0.173509 0.156236 9.9991E-05 0.00732828 0.620686 0.0421409
0.107828 0.625622 0.1694 0.0887748 9.9991E-05 0.0082753
0.139808 0.525708 0.131489 0.136252 9.9991E-05 0.0666433
0.111903 0.172269 9.9991E-05 0.631255 0.0833325 0.00113967
0.216969 0.657598 0.0819621 0.0432715 9.9982E-05 9.9982E-05
0.0454697 0.433202 0.0976763 0.162807 0.047987 0.212858
0.19711 0.534695 0.0320582 0.127383 0.108654 9.9991E-05
0.0927617 0.342846 0.157823 0.114999 0.162956 0.128615
0.307902 9.9973E-05 9.9973E-05 0.490053 0.201744 9.9973E-05
0.293996 9.9973E-05 9.9973E-05 0.595554 0.11015 9.9973E-05
0.142753 0.31984 0.0427846 0.346403 0.141311 0.00690838
0.364267 0.0554346 9.9982E-05 0.415752 0.164346 9.9982E-05
0.422196 9.9973E-05 9.9973E-05 0.337869 0.239635 9.9973E-05
0.110488 0.414793 0.0518951 0.303092 0.119632 9.9991E-05
0.182737 0.457422 9.9991E-05 0.219907 0.118792 0.021042
0.267924 0.264316 9.9991E-05 0.314556 0.117495 0.0356089
0.284524 0.159742 0.0036415 0.45091 0.101082 9.9991E-05
0.0909785 0.448908 9.9991E-05 0.12754 0.161143 0.17133
0.240663 0.113407 0.0938309 0.421585 0.130414 9.9991E-05
0.478998 9.9973E-05 9.9973E-05 0.491555 0.0291472 9.9973E-05
0.177134 0.596583 0.0177916 0.0731309 0.129277 0.00608456
0.187872 0.27432 9.9991E-05 0.234582 0.239221 0.0639052
0.290964 0.506983 0.0321353 9.9991E-05 0.129954 0.0398645
0.129763 0.533876 9.9982E-05 9.9982E-05 0.307324 0.0288362
0.120532 0.419849 0.0104778 0.124889 0.164204 0.160048
0.197296 0.689 9.9982E-05 0.0284719 0.0850322 9.9982E-05
0.136268 0.397682 9.9991E-05 0.118187 0.292724 0.0550377
0.355685 0.38034 0.000343002 0.0570082 0.186193 0.0204303
0.237696 0.511195 0.0601508 9.9991E-05 0.184454 0.00640415
0.264 0.425888 0.079697 9.9991E-05 0.203476 0.0268393
0.22884 0.333408 0.0459751 0.153652 0.238025 9.9991E-05
0.139401 0.240465 0.301033 0.0673612 0.16521 0.0865306
0.242128 0.567801 0.0761598 0.00920897 0.00305648 0.101646
0.190105 0.457746 0.136886 0.0297027 0.185461 9.9991E-05
0.0852325 0.598774 0.0808978 0.119794 0.115202 9.9991E-05
0.269408 0.334283 9.9991E-05 0.082886 0.300752 0.012571
0.182843 0.434774 0.162617 0.0451857 0.13851 0.0360699
0.377369 0.188814 9.9982E-05 0.205008 0.228609 9.9982E-05
0.183344 0.562975 0.0169425 0.07639 0.160249 9.9991E-05
0.248203 0.194532 0.0594952 0.190044 0.307625 9.9991E-05
0.792775 9.9982E-05 0.0789861 0.0241343 9.9982E-05 0.103905
0.0752864 0.101009 0.0724878 0.0318726 9.9991E-05 0.719244
0.0411529 9.9964E-05 9.9964E-05 9.9964E-05 9.9964E-05 0.958447
9.996E-05 9.996E-05 9.996E-05 9.996E-05 9.996E-05 0.9995
9.9964E-05 0.0303486 9.9964E-05 9.9964E-05 9.9964E-05 0.969252
9.9973E-05 0.0147895 9.9973E-05 9.9973E-05 0.0515243 0.933386
9.9964E-05 0.0851125 9.9964E-05 9.9964E-05 9.9964E-05 0.914488
0.0559688 9.9964E-05 9.9964E-05 9.9964E-05 9.9964E-05 0.943631
0.187666 0.00406391 9.9982E-05 9.9982E-05 0.00241705 0.805653
0.898917 0.0285276 0.0051268 0.00451729 0.0456756 0.017236
0.815536 0.0519215 9.9982E-05 9.9982E-05 0.014698 0.117645
0.90049 9.9982E-05 0.0335191 0.0115669 0.0542244 9.9982E-05
0.80971 0.0552743 9.9982E-05 0.0611477 9.9982E-05 0.0736685
0.858595 9.9973E-05 9.9973E-05 9.9973E-05 0.0690475 0.0720573
0.899865 9.9982E-05 0.0151674 9.9982E-05 0.003203 0.0815642
0.721241 9.9982E-05 0.0566087 9.9982E-05 0.131087 0.0908639
0.847607 0.0201295 0.0566423 9.99831E-05 0.0754217 9.99831E-05
0.721337 0.0935638 9.9982E-05 9.9982E-05 0.055839 0.129061
0.910385 9.9973E-05 0.0142901 9.9973E-05 0.0750247 9.9973E-05
0.967022 0.0191338 9.9973E-05 9.9973E-05 9.9973E-05 0.0135439
0.836774 9.9991E-05 0.055916 0.00734156 0.0584781 0.0413905
0.931522 0.0254502 9.9982E-05 0.00777278 9.9982E-05 0.0350548
0.898603 0.0913213 9.9982E-05 0.00195866 0.00791747 9.9982E-05
0.868317 0.0490686 9.9982E-05 9.9982E-05 0.0632187 0.0191958
0.855426 0.144174 9.9964E-05 9.9964E-05 9.9964E-05 9.9964E-05
0.759678 0.0613841 9.9973E-05 9.9973E-05 0.178638 9.9973E-05
0.760426 0.0783763 9.9982E-05 9.9982E-05 0.149494 0.0115032
0.776915 0.149215 9.9973E-05 9.9973E-05 0.0735701 9.9973E-05
0.142146 0.444238 0.0538583 0.23961 0.0315732 0.0885747
0.0796525 0.717847 0.0927215 0.0662936 9.9991E-05 0.0433854
0.128613 0.586574 0.0205709 0.167214 0.0242214 0.0728066
0.08663 0.172417 0.0554601 0.631055 9.9991E-05 0.0543381
0.105028 0.619872 0.0191173 0.110575 9.9991E-05 0.145308
0.1699 0.126932 9.9982E-05 0.687499 0.0154694 9.9982E-05
0.0912538 0.653358 0.0406889 0.164026 0.0505735 9.9991E-05
0.103479 0.413156 0.125926 0.223309 9.9991E-05 0.134029
0.0695886 0.597065 0.0817868 0.185346 9.9991E-05 0.0661137
0.0751726 0.472352 0.427416 0.000325753 9.9991E-05 0.0246329
0.123087 0.468964 0.0183199 0.200788 9.9991E-05 0.188741
0.0938954 0.671434 0.0772351 0.0974966 9.9991E-05 0.0598391
0.0885449 0.649232 9.9982E-05 0.121835 9.9982E-05 0.140188
9.9991E-05 0.0726957 0.174558 0.290927 0.0528729 0.408847
0.0345783 0.000657053 0.0426907 0.841815 9.9991E-05 0.0801591
0.0385498 0.205178 9.9982E-05 0.715752 9.9982E-05 0.0403204
0.044832 0.661116 9.9991E-05 0.237894 0.0392746 0.0167833
0.139949 0.559915 9.9982E-05 0.276945 9.9982E-05 0.022991
0.209892 0.569916 0.012215 0.207777 9.9982E-05 9.9982E-05
0.0307306 0.623308 0.0831798 0.203916 0.058765 9.9991E-05
0.168278 0.534027 0.0264563 0.0833174 0.187822 9.9991E-05
0.19904 0.646606 0.0555351 9.9991E-05 0.0684095 0.0303093
0.406491 0.15128 0.0848014 0.158331 0.12443 0.0746675
0.172986 0.646001 0.0628632 0.0489185 9.9991E-05 0.0691313
0.227738 0.444572 0.00837666 0.150998 0.149165 0.0191513
0.426645 9.9973E-05 9.9973E-05 0.391469 0.181586 9.9973E-05
0.261559 0.270666 0.0475249 0.209191 0.21096 9.9991E-05
0.363961 0.327685 0.0680677 0.0468178 0.161779 0.0316896
0.323286 0.41177 0.0520749 9.9991E-05 0.0997372 0.113033
0.158294 0.539098 0.0560468 0.0634439 0.13905 0.0440669
0.187373 0.56737 0.0904001 9.9991E-05 0.10219 0.0525665
0.212934 0.487051 0.14379 0.0334181 0.122707 9.9991E-05
0.100083 0.398726 9.9991E-05 0.242762 0.184425 0.073904
0.489899 0.349499 0.0632075 9.9982E-05 0.0971944 9.9982E-05
