0.169603 9.9964E-05 9.9964E-05 0.000931593 0.70225 0.0694796 9.9964E-05 9.9964E-05 0.0573362
0.0844517 9.9964E-05 0.0114609 9.9964E-05 0.812526 0.0558372 0.0353245 9.9964E-05 9.9964E-05
0.0156824 0.0340316 0.0325876 0.0831172 0.754048 0.0595288 9.9982E-05 9.9982E-05 0.0208046
0.199974 0.0223076 9.9973E-05 0.0508647 0.614853 0.0636038 9.9973E-05 9.9973E-05 0.0480969
0.208493 0.0543486 9.9955E-05 0.0263267 0.710332 9.9955E-05 9.9955E-05 9.9955E-05 9.9955E-05
0.927771 9.9955E-05 9.9955E-05 0.0443481 9.9955E-05 0.0205189 0.00686254 9.9955E-05 9.9955E-05
0.999201 9.993E-05 9.993E-05 9.993E-05 9.993E-05 9.993E-05 9.993E-05 9.993E-05 9.993E-05
0.999201 9.993E-05 9.993E-05 9.993E-05 9.993E-05 9.993E-05 9.993E-05 9.993E-05 9.993E-05
0.101099 9.99729E-05 0.0310145 9.99729E-05 0.738951 0.0253116 0.0184532 9.99729E-05 0.084871
0.905112 9.9946E-05 9.9946E-05 0.0892606 9.9946E-05 0.00502796 9.9946E-05 9.9946E-05 9.9946E-05
0.827784 9.99459E-05 9.99459E-05 9.99459E-05 0.15924 9.99459E-05 9.99459E-05 9.99459E-05 0.0123764
9.9964E-05 0.295638 0.0876178 0.0374768 9.9964E-05 9.9964E-05 0.162271 9.9964E-05 0.416597
9.9973E-05 0.513279 9.9973E-05 0.0811885 9.9973E-05 0.0295457 0.00542828 0.0763661 0.293893
9.999E-05 0.196209 0.121 0.114886 0.00112557 0.0375853 0.104531 0.0985619 0.326001
0.0251503 0.391535 0.109151 0.0892256 0.017231 0.0421942 9.9991E-05 0.00941554 0.315997
0.0211367 0.431712 0.0375817 0.072634 0.118459 0.0182667 0.0605456 0.0168027 0.222862
0.0347248 0.454295 0.0738216 0.0600828 9.9991E-05 0.0281101 0.123876 0.0251739 0.199816
9.9973E-05 0.370915 0.029876 9.9973E-05 0.171797 0.0419609 0.0895332 9.9973E-05 0.295619
0.00613858 0.0747065 0.124676 0.0849798 9.9982E-05 0.0374333 0.104397 9.9982E-05 0.567469
9.999E-05 0.39639 0.0677679 0.107539 0.000580871 0.027801 0.0296491 0.112552 0.25762
9.9982E-05 0.413432 0.212213 0.0630049 9.9982E-05 0.0603684 0.0545827 0.0380763 0.158123
9.9973E-05 0.517754 0.0953081 0.0666339 0.0333727 9.9973E-05 0.0744949 9.9973E-05 0.212137
0.047513 0.291916 0.101704 0.0719255 9.9991E-05 0.020782 0.10778 0.0620655 0.296214
0.0470334 0.477118 0.0552779 0.127521 0.0540514 0.0324498 0.0629965 9.9991E-05 0.143452
9.999E-05 0.247827 0.121688 0.108525 0.018461 0.010391 0.118676 0.00315136 0.371181
0.00817941 0.263815 0.152477 0.153956 9.9973E-05 9.9973E-05 0.0618287 9.9973E-05 0.359444
9.9973E-05 0.33257 0.111166 9.9973E-05 0.0778819 9.9973E-05 0.0924322 0.0308024 0.354848
9.993E-05 9.993E-05 9.993E-05 9.993E-05 9.993E-05 0.999201 9.993E-05 9.993E-05 9.993E-05
9.993E-05 9.993E-05 9.993E-05 9.993E-05 9.993E-05 0.999201 9.993E-05 9.993E-05 9.993E-05
9.9955E-05 0.105779 9.9955E-05 9.9955E-05 0.469884 0.395345 0.0284917 9.9955E-05 9.9955E-05
0.073759 0.0710558 9.9973E-05 0.049037 0.451703 0.274893 0.0792529 9.9973E-05 9.9973E-05
0.0336769 0.454419 9.9982E-05 9.9982E-05 0.0327873 0.012471 0.2638 0.139219 0.0634265
0.067651 0.46402 9.9964E-05 0.0509319 9.9964E-05 9.9964E-05 0.383181 0.033816 9.9964E-05
0.0195588 0.140795 0.000677941 9.9982E-05 0.103958 0.0537895 0.143365 9.9982E-05 0.537655
9.9973E-05 0.325322 0.000491041 0.018396 0.070044 0.00754185 0.577905 9.9973E-05 9.9973E-05
0.0238165 0.699446 9.9982E-05 0.00484657 0.0496093 9.9982E-05 0.188812 0.0299784 0.00329097
0.141301 0.587955 0.093718 9.9973E-05 9.9973E-05 0.0246737 0.116789 9.9973E-05 0.0352631
0.0708494 0.54757 9.9982E-05 0.0590641 0.125578 0.0160186 0.11672 9.9982E-05 0.0639997
0.0677251 0.119262 9.9964E-05 9.9964E-05 9.9964E-05 0.0602872 0.715074 9.9964E-05 0.0372516
0.124622 0.6372 0.155038 9.9973E-05 0.0246192 9.9973E-05 0.0309434 9.9973E-05 0.0272786
9.9955E-05 0.284656 0.0481028 9.9955E-05 9.9955E-05 9.9955E-05 0.492415 0.174326 9.9955E-05
9.9955E-05 9.9955E-05 0.245524 9.9955E-05 0.044162 9.9955E-05 0.682441 0.0273733 9.9955E-05
9.9964E-05 0.198141 0.0723862 9.9964E-05 9.9964E-05 9.9964E-05 0.210097 0.0830764 0.435899
9.9973E-05 0.109141 0.342633 0.0232654 9.9973E-05 9.9973E-05 0.188959 0.16211 0.173591
0.00794664 0.191448 0.00405591 0.00854589 0.0721547 0.0451292 0.268131 0.0584374 0.344151
9.9973E-05 0.56323 0.0553913 9.9973E-05 0.02077 0.0342995 9.9973E-05 0.0475974 0.278412
0.0132474 0.351815 0.12306 9.9991E-05 0.05871 0.0534869 0.124785 0.0593392 0.215456
0.029469 0.0971755 0.158503 0.0564869 0.100447 0.0766234 0.092038 0.0373584 0.351899
9.9982E-05 0.402664 0.0544062 0.126883 9.9982E-05 0.0362826 0.0657887 0.0139792 0.299796
9.9973E-05 0.0764913 0.194335 9.9973E-05 9.9973E-05 0.0829657 0.142602 0.0112612 0.492045
9.9982E-05 0.53025 0.0271713 0.0220775 9.9982E-05 0.0291447 0.105614 0.0425112 0.243032
9.9973E-05 0.593754 0.0174804 0.0813291 0.0854253 9.9973E-05 9.9973E-05 0.146787 0.0749244
9.999E-05 0.225045 0.102119 0.0641962 0.0138286 0.0361825 0.181659 0.150442 0.226428
0.025864 0.49236 0.0905834 0.0313396 9.9991E-05 0.0677217 0.185405 0.00940386 0.097222
9.9973E-05 0.251012 0.101113 9.9973E-05 9.9973E-05 0.0561476 0.0927617 0.193205 0.305461
9.9955E-05 0.479257 9.9955E-05 0.0321445 9.9955E-05 9.9955E-05 0.441597 9.9955E-05 0.0465021
9.9964E-05 0.166542 9.9964E-05 0.0260746 9.9964E-05 0.0192681 0.666349 9.9964E-05 0.121367
9.9937E-05 9.9937E-05 0.119046 9.9937E-05 9.9937E-05 9.9937E-05 0.880254 9.9937E-05 9.9937E-05
9.9955E-05 9.9955E-05 0.108136 9.9955E-05 9.9955E-05 9.9955E-05 0.844837 0.035781 0.0107461
9.99461E-05 0.218584 9.99461E-05 0.0207037 9.99461E-05 9.99461E-05 0.760113 9.99461E-05 9.99461E-05
9.9982E-05 0.432613 0.039919 0.000549876 0.00737559 0.0034752 0.433976 9.9982E-05 0.0818922
9.9964E-05 0.397882 0.00213726 0.0559095 9.9964E-05 0.0155666 0.528105 9.9964E-05 9.9964E-05
9.9973E-05 0.107741 9.9973E-05 0.0623655 0.0268981 0.00872047 0.671654 9.9973E-05 0.122321
0.032146 0.153539 9.9964E-05 9.9964E-05 9.9964E-05 0.0227183 0.583838 9.9964E-05 0.207358
0.0623898 0.314411 9.9973E-05 0.00194656 9.9973E-05 0.0128717 0.555214 9.9973E-05 0.0528675
0.0381721 0.321087 0.00407915 0.0461552 0.0651306 0.0225558 0.50262 9.9982E-05 9.9982E-05
0.0051856 0.435967 0.0502632 9.9964E-05 9.9964E-05 9.9964E-05 0.480943 0.0272411 9.9964E-05
9.9955E-05 9.9955E-05 0.190257 0.0131146 9.9955E-05 9.9955E-05 0.709174 0.0869554 9.9955E-05
0.0671384 0.0414058 9.9982E-05 0.057938 0.659363 0.0620589 0.0800842 9.9982E-05 0.0318113
0.0123376 0.0913327 9.9955E-05 9.9955E-05 0.805551 0.090279 9.9955E-05 9.9955E-05 9.9955E-05
9.9955E-05 0.0913169 9.9955E-05 0.0179033 0.766581 0.123699 9.9955E-05 9.9955E-05 9.9955E-05
9.9973E-05 0.0120882 0.00127468 0.0171724 0.860406 0.0878758 0.0208831 9.9973E-05 9.9973E-05
0.0380815 0.0310455 9.9982E-05 0.0605734 0.721791 0.112368 0.0286399 0.00730062 9.9982E-05
0.0391653 9.9973E-05 9.9973E-05 0.0830914 0.784841 0.0672191 0.0205108 0.00487283 9.9973E-05
0.0791057 0.0315933 9.9973E-05 0.00773332 0.81759 0.0445094 9.9973E-05 0.0191678 9.9973E-05
9.9964E-05 0.0490808 9.9964E-05 9.9964E-05 0.0453733 9.9964E-05 0.79981 0.0760641 0.0292718
9.9973E-05 0.423256 9.9973E-05 0.00910078 0.0385818 0.040447 0.463097 9.9973E-05 0.0252173
9.9964E-05 0.608604 9.9964E-05 9.9964E-05 0.0441861 0.0446015 0.210208 0.0919998 9.9964E-05
0.0393576 0.596115 0.0688243 9.9964E-05 9.9964E-05 9.9964E-05 0.172538 0.122766 9.9964E-05
0.0219498 0.304942 9.9973E-05 0.137142 9.9973E-05 0.00508333 0.424799 0.105784 9.9973E-05
9.9964E-05 9.9964E-05 0.0279507 9.9964E-05 0.0347514 9.9964E-05 0.747509 0.0472809 0.142108
0.0245175 0.288279 0.0904811 9.9982E-05 0.00624515 0.049195 0.506497 0.0345847 9.9982E-05
0.0818326 0.394981 9.9964E-05 0.0409569 9.9964E-05 9.9964E-05 0.328508 0.153322 9.9964E-05
0.00271413 0.465116 0.0144173 0.000824671 9.9982E-05 0.0837219 0.363977 9.9982E-05 0.069029
0.0189117 0.365008 9.9964E-05 0.0720688 9.9964E-05 9.9964E-05 0.47594 0.0676714 9.9964E-05
0.0402935 0.42986 9.9964E-05 9.9964E-05 0.0923153 9.9964E-05 0.4288 9.9964E-05 0.00833151
0.0552693 0.275283 0.0842625 9.9973E-05 9.9973E-05 0.0575873 9.9973E-05 0.182421 0.344877
0.0775656 0.400789 0.0565238 0.0372721 0.0187534 0.0444604 9.9982E-05 9.9982E-05 0.364435
0.0247598 0.51027 0.0182452 9.9973E-05 9.9973E-05 0.0334672 9.9973E-05 0.0659429 0.347015
9.9973E-05 0.606304 0.00478307 0.00894153 0.101209 9.9973E-05 9.9973E-05 0.0607111 0.217752
9.9964E-05 0.493214 9.9964E-05 9.9964E-05 0.0386248 9.9964E-05 0.0031384 0.150222 0.314401
9.9982E-05 0.516794 0.104923 9.9982E-05 0.00791879 0.0352344 0.147021 0.0673844 0.120525
0.00891425 0.560848 0.00743674 0.00773558 9.9982E-05 0.0171511 9.9982E-05 0.0358229 0.361892
9.9973E-05 0.557218 9.9973E-05 0.0886335 0.0189302 9.9973E-05 0.0240524 0.0717387 0.239127
0.0235604 0.544252 0.0171209 0.0840001 9.9991E-05 0.0235658 0.0842195 0.00978519 0.213396
9.9982E-05 0.330621 0.178219 0.0399144 0.0547344 0.0640902 9.9982E-05 0.109862 0.222359
9.9991E-05 0.59763 0.0350812 0.0596925 0.0149184 0.0170649 0.0356899 0.0598313 0.179992
9.9973E-05 0.653926 9.9973E-05 0.00716201 0.0332957 0.0211889 9.9973E-05 0.139358 0.144769
0.038505 0.294448 9.9973E-05 0.0375845 9.9973E-05 9.9973E-05 0.167361 0.0426123 0.419189
9.9973E-05 0.210826 0.207219 9.9973E-05 0.0585524 9.9973E-05 0.0211103 0.234652 0.26734
9.9973E-05 0.0718652 0.218417 0.0506371 9.9973E-05 9.9973E-05 0.13129 0.227453 0.300038
9.9973E-05 0.297391 0.0111655 9.9973E-05 0.0474639 9.9973E-05 0.221227 0.0177995 0.404653
9.9973E-05 0.430589 0.0247762 9.9973E-05 0.0340363 9.9973E-05 0.166528 0.0659835 0.277787
9.9973E-05 0.381714 9.9973E-05 9.9973E-05 0.0225986 0.0457729 0.131151 0.0210476 0.397416
9.9964E-05 0.386646 9.9964E-05 9.9964E-05 0.08762 9.9964E-05 0.116928 0.0457157 0.362691
9.9991E-05 0.613435 0.0311704 0.0136472 0.0636743 0.026346 0.0593856 0.0414831 0.150758
9.9982E-05 0.242866 0.227088 0.0567234 9.9982E-05 0.0193686 0.139717 0.00595371 0.308083
9.9991E-05 0.426257 0.194007 0.0658512 0.0299325 0.0267651 0.0426836 0.129685 0.0847183
0.102875 0.00320866 0.471964 9.9991E-05 0.0638734 0.00795835 0.11926 0.121697 0.109064
9.9982E-05 0.383123 0.194027 0.0100846 0.0891274 9.9982E-05 0.161028 0.0966576 0.0657519
9.9964E-05 0.572893 0.194797 9.9964E-05 0.11606 9.9964E-05 9.9964E-05 0.0614974 0.0543531
0.0446764 0.254619 0.381027 9.9982E-05 9.9982E-05 0.0290049 0.133112 0.0774457 0.0799156
0.0628805 0.180339 0.332427 9.9991E-05 0.00111709 0.0334175 0.088175 0.218818 0.0827261
9.9982E-05 0.437157 0.223627 9.9982E-05 0.00340435 0.0103263 0.0686499 0.180056 0.0765803
0.0208253 0.0450441 0.311604 0.11663 0.0107136 0.0368791 0.243585 0.0968348 0.117884
9.9955E-05 0.361236 0.274933 9.9955E-05 9.9955E-05 9.9955E-05 0.249575 9.9955E-05 0.113757
9.9973E-05 0.448749 0.144669 0.0203135 9.9973E-05 9.9973E-05 0.130187 0.118424 0.137357
0.0236794 0.0865996 0.321796 0.300078 0.214052 0.0347041 0.0188899 9.9982E-05 9.9982E-05
0.0865825 9.9964E-05 0.348398 0.150976 0.398158 0.0154862 9.9964E-05 9.9964E-05 9.9964E-05
9.9955E-05 9.9955E-05 0.489233 0.181696 0.288423 0.040149 9.9955E-05 9.9955E-05 9.9955E-05
0.0207685 0.0405733 0.227653 0.359512 0.284975 0.0548607 9.9982E-05 9.9982E-05 0.0114573
9.9964E-05 0.724119 0.247411 0.00200376 9.9964E-05 0.0010401 9.9964E-05 0.0250264 9.9964E-05
9.9964E-05 0.29679 9.9964E-05 0.61373 9.9964E-05 0.00552539 0.041858 0.0416962 9.9964E-05
0.0305162 0.304728 0.334024 9.9973E-05 9.9973E-05 0.0238546 0.153308 0.153269 9.9973E-05
9.9955E-05 0.223157 0.477651 9.9955E-05 9.9955E-05 9.9955E-05 0.0642123 0.23448 9.9955E-05
9.9964E-05 0.592555 0.216981 9.9964E-05 0.0380263 9.9964E-05 0.0653966 0.0866408 9.9964E-05
9.9982E-05 0.427552 0.190199 9.9982E-05 0.000306721 0.054156 0.0552874 0.135562 0.136737
0.0393685 0.623056 0.268998 9.9982E-05 0.00778495 0.00185106 9.9982E-05 0.0112112 0.0475297
9.9964E-05 0.282434 0.463431 9.9964E-05 9.9964E-05 9.9964E-05 0.084031 0.0999484 0.0697553
9.9946E-05 9.9946E-05 9.9946E-05 0.968702 9.9946E-05 9.9946E-05 0.0114482 0.0192497 9.9946E-05
9.9964E-05 0.137255 9.9964E-05 0.832572 9.9964E-05 0.0149137 9.9964E-05 0.0115576 0.00330214
9.9937E-05 0.281705 9.9937E-05 0.717596 9.9937E-05 9.9937E-05 9.9937E-05 9.9937E-05 9.9937E-05
0.0281753 0.123991 9.9955E-05 0.75263 9.9955E-05 9.9955E-05 0.0947044 9.9955E-05 9.9955E-05
9.9937E-05 9.9937E-05 0.00106983 0.998231 9.9937E-05 9.9937E-05 9.9937E-05 9.9937E-05 9.9937E-05
9.9937E-05 9.9937E-05 9.9937E-05 0.956145 9.9937E-05 9.9937E-05 9.9937E-05 9.9937E-05 0.043155
9.9955E-05 0.130113 9.9955E-05 0.833838 9.9955E-05 0.00273083 0.0328185 9.9955E-05 9.9955E-05
9.9937E-05 9.9937E-05 9.9937E-05 0.927019 9.9937E-05 9.9937E-05 9.9937E-05 9.9937E-05 0.0722819
9.9937E-05 9.9937E-05 9.9937E-05 0.994366 9.9937E-05 9.9937E-05 9.9937E-05 0.00493407 9.9937E-05
9.9937E-05 9.9937E-05 9.9937E-05 0.931063 9.9937E-05 0.0682376 9.9937E-05 9.9937E-05 9.9937E-05
9.9964E-05 0.194236 9.9964E-05 0.721965 9.9964E-05 0.0308911 9.9964E-05 0.0316349 0.020873
0.0335481 0.0819721 0.0652055 0.778804 9.9973E-05 0.00516685 9.9973E-05 9.9973E-05 0.0350032
9.9946E-05 9.9946E-05 9.9946E-05 0.959922 9.9946E-05 9.9946E-05 0.0168317 9.9946E-05 0.022647
9.9973E-05 0.123149 9.9973E-05 0.748991 0.000242661 0.0308947 0.0742505 9.9973E-05 0.0221722
9.9955E-05 0.114046 9.9955E-05 0.852151 9.9955E-05 0.00570842 9.9955E-05 9.9955E-05 0.0275948
0.0275046 9.9937E-05 9.9937E-05 0.971796 9.9937E-05 9.9937E-05 9.9937E-05 9.9937E-05 9.9937E-05
0.00449657 0.05945 0.0327366 0.835905 0.0148263 0.0324621 9.9991E-05 0.00627703 0.0137459
9.9937E-05 9.9937E-05 9.9937E-05 0.969258 9.9937E-05 0.0300421 9.9937E-05 9.9937E-05 9.9937E-05
0.0268426 0.235721 9.9991E-05 0.580972 0.0421976 0.00406235 0.0599284 0.0174683 0.0327072
0.013369 9.9973E-05 9.9973E-05 0.886067 0.0218479 0.0215274 0.0268945 0.0299947 9.9973E-05
0.0897864 9.9964E-05 0.593623 0.0609785 0.186975 9.9964E-05 9.9964E-05 0.0682372 9.9964E-05
9.9982E-05 0.450378 0.135158 0.0117437 0.165305 0.0453427 9.9982E-05 0.0461678 0.145704
0.232915 0.366987 0.138682 0.106149 0.0151417 0.0155173 0.034871 0.0896376 9.9991E-05
0.184054 0.231292 0.316012 0.0675497 0.0174497 0.0844821 0.0221823 0.0618156 0.0151627
0.0810969 0.193526 0.353281 0.111506 0.0963205 0.0380548 0.0962749 0.0298406 9.9991E-05
0.0898114 0.299333 0.27324 0.153801 0.0290971 9.9982E-05 0.0706762 0.0838417 9.9982E-05
0.0416095 0.48502 0.228984 0.0635155 0.0157379 0.129698 9.9982E-05 9.9982E-05 0.0352352
0.137793 0.339332 0.321986 0.200389 9.9955E-05 9.9955E-05 9.9955E-05 9.9955E-05 9.9955E-05
0.0533552 0.00883913 0.0293918 9.9973E-05 0.82433 9.9973E-05 9.9973E-05 0.0192767 0.0645075
0.027238 0.000917526 9.9982E-05 0.0535538 0.835944 0.0550994 9.9982E-05 0.0216317 0.00541603
9.9955E-05 9.9955E-05 0.0245013 9.9955E-05 0.879512 0.050636 9.9955E-05 9.9955E-05 0.0448506
9.9964E-05 0.000327489 0.0159156 9.9964E-05 0.883062 0.0413333 9.9964E-05 9.9964E-05 0.0589616
0.0494585 9.9964E-05 9.9964E-05 0.0287129 0.754113 0.119782 9.9964E-05 9.9964E-05 0.047534
9.9955E-05 9.9955E-05 9.9955E-05 0.0404583 0.885544 0.0461742 9.9955E-05 0.0273239 9.9955E-05
0.0855368 0.0146934 9.9982E-05 0.0615856 0.801822 0.0183351 0.0150089 9.9982E-05 0.00281864
0.196707 9.9973E-05 0.0326597 0.0210983 0.682747 0.0407362 9.9973E-05 0.0257515 9.9973E-05
0.0366464 0.00691722 9.9982E-05 0.0451506 0.826833 0.0293166 0.0199069 0.0350295 9.9982E-05
9.9955E-05 9.9955E-05 0.0379004 0.0757735 0.862014 0.0238121 9.9955E-05 9.9955E-05 9.9955E-05
0.0583839 9.9973E-05 9.9973E-05 9.9973E-05 0.501493 0.0689788 0.124638 0.0546119 0.191594
0.140856 9.9973E-05 0.0222007 9.9973E-05 0.46589 0.0236625 0.0408282 9.9973E-05 0.306263
9.9973E-05 9.9973E-05 0.0727132 9.9973E-05 0.512655 0.0570067 0.0154736 0.103864 0.237987
0.0142811 9.9973E-05 0.0253071 9.9973E-05 0.488127 9.9973E-05 0.122322 0.0429857 0.306677
0.0205507 0.48956 0.0160015 0.0315716 0.00214238 0.0181497 0.269538 9.9991E-05 0.152386
9.9982E-05 0.477121 9.9982E-05 0.000827169 0.0448961 0.0311917 0.337283 0.0991136 0.00936748
9.9973E-05 0.470997 0.0550716 0.0739305 9.9973E-05 9.9973E-05 0.18801 0.0912643 0.120427
9.9982E-05 0.451357 0.0217584 9.9982E-05 0.0220534 0.0710378 0.246187 0.012914 0.174493
9.9964E-05 0.24951 0.0315921 9.9964E-05 0.0149112 9.9964E-05 0.155892 9.9964E-05 0.547695
0.0907843 0.591319 9.9973E-05 0.0523646 9.9973E-05 0.00786299 0.201545 0.0558235 9.9973E-05
9.9982E-05 0.488923 0.00876226 0.0321459 0.0308438 9.9982E-05 0.290476 0.115587 0.0330623
0.0782209 0.535581 0.0129527 9.9973E-05 9.9973E-05 9.9973E-05 0.247004 0.0134052 0.112536
9.9973E-05 0.311272 0.0229453 0.0886656 9.9973E-05 9.9973E-05 0.47979 0.080287 0.0167398
9.9964E-05 0.453673 9.9964E-05 9.9964E-05 0.00444059 9.9964E-05 0.34901 0.0440944 0.148382
9.9955E-05 9.9955E-05 0.0238716 9.9955E-05 9.9955E-05 9.9955E-05 0.700155 0.256373 0.0191013
9.9973E-05 0.273076 0.153944 0.0207507 9.9973E-05 0.013324 0.417975 0.120631 9.9973E-05
9.9946E-05 0.57629 0.0872701 9.9946E-05 9.9946E-05 9.9946E-05 0.33584 9.9946E-05 9.9946E-05
0.0453057 0.157894 9.9964E-05 9.9964E-05 0.00866625 9.9964E-05 0.628463 9.9964E-05 0.159271
0.183843 9.9964E-05 0.048894 9.9964E-05 9.9964E-05 0.0138775 0.0144643 9.9964E-05 0.738521
0.187807 0.0333335 0.0448181 9.9964E-05 9.9964E-05 9.9964E-05 9.9964E-05 0.0271998 0.706441
0.163477 9.9946E-05 9.9946E-05 9.9946E-05 9.9946E-05 9.9946E-05 9.9946E-05 0.023379 0.812544
0.13356 9.9955E-05 9.9955E-05 9.9955E-05 0.0339112 9.9955E-05 9.9955E-05 0.0319015 0.800127
0.0869806 0.0897925 0.0167134 9.9955E-05 9.9955E-05 9.9955E-05 9.9955E-05 9.9955E-05 0.806014
0.120189 0.0569167 9.9955E-05 0.0662923 9.9955E-05 9.9955E-05 9.9955E-05 9.9955E-05 0.756102
9.9973E-05 0.0742972 9.9973E-05 0.0203463 0.796658 0.0615388 0.0374484 0.00941154 9.9973E-05
0.101907 0.0703017 9.9964E-05 9.9964E-05 0.712723 0.0161071 9.9964E-05 9.9964E-05 0.0985615
0.0263768 0.144376 9.9964E-05 0.0892804 0.693185 0.0463819 9.9964E-05 9.9964E-05 9.9964E-05
0.0454436 0.0781129 9.9973E-05 0.0944404 0.666559 0.0502598 9.9973E-05 9.9973E-05 0.0648845
0.0943508 0.0885955 9.9973E-05 0.0756164 0.657845 0.0204375 9.9973E-05 9.9973E-05 0.0628551
0.049316 9.9964E-05 0.126072 9.9964E-05 0.345466 0.0116184 9.9964E-05 9.9964E-05 0.467127
0.163619 9.9964E-05 9.9964E-05 9.9964E-05 0.355239 9.9964E-05 0.0611888 0.0726501 0.346903
0.0822668 9.9964E-05 9.9964E-05 9.9964E-05 0.392178 0.0254024 9.9964E-05 0.131046 0.368707
9.993E-05 9.993E-05 9.993E-05 9.993E-05 9.993E-05 0.999201 9.993E-05 9.993E-05 9.993E-05
0.0319914 9.9973E-05 9.9973E-05 9.9973E-05 0.3186 0.0469345 0.0755266 0.0661118 0.460536
9.9964E-05 0.218927 0.199991 0.354389 0.199009 9.9964E-05 9.9964E-05 0.0272837 9.9964E-05
0.00369245 0.526336 9.9964E-05 0.243387 0.219959 0.0062262 9.9964E-05 9.9964E-05 9.9964E-05
0.0442416 0.255105 0.125889 0.315194 0.178762 9.9982E-05 0.0736405 9.9982E-05 0.00696785
0.0143262 9.9973E-05 0.334999 0.354809 0.287513 0.00350358 9.9973E-05 0.00454894 9.9973E-05
0.0668729 0.476987 9.9973E-05 9.9973E-05 9.9973E-05 0.00673074 0.0425311 0.0826758 0.323903
9.9964E-05 0.438474 0.124498 9.9964E-05 9.9964E-05 9.9964E-05 0.0195699 0.176702 0.240357
0.0436947 0.309379 9.9973E-05 9.9973E-05 0.0486369 0.0544827 0.104524 9.9973E-05 0.438983
9.9982E-05 0.421774 0.095599 0.031447 0.0224849 9.9982E-05 0.071621 0.17692 0.179954
9.99549E-05 9.99549E-05 0.335614 9.99549E-05 9.99549E-05 9.99549E-05 0.107457 0.351617 0.204812
9.9973E-05 0.512349 0.0287523 0.0293115 0.0551886 9.9973E-05 9.9973E-05 0.209077 0.165022
9.9982E-05 0.323562 0.0717426 9.9982E-05 0.0178748 0.0513498 0.178516 0.0498508 0.306904
9.9964E-05 0.162094 0.274883 9.9964E-05 9.9964E-05 9.9964E-05 0.136446 0.172451 0.253725
9.9982E-05 0.432746 0.14442 0.00770106 9.9982E-05 0.00609214 0.0274922 0.18201 0.199339
9.9973E-05 0.524214 0.0677186 0.0240941 9.9973E-05 0.0297088 0.0327536 9.9973E-05 0.321211
0.0656273 0.344631 0.0350856 0.216089 0.130233 9.9982E-05 0.114169 9.9982E-05 0.0939645
9.9955E-05 0.426019 0.132289 9.9955E-05 9.9955E-05 9.9955E-05 9.9955E-05 0.170466 0.270725
9.9982E-05 0.476576 0.0470156 0.0313436 9.9982E-05 0.0230124 0.145206 0.0335116 0.243135
0.0174671 0.43908 0.0380319 0.138276 9.9982E-05 9.9982E-05 0.0239202 0.21085 0.132175
9.9973E-05 0.64067 0.0825163 9.9973E-05 0.0540287 9.9973E-05 0.0357752 0.0597563 0.126953
9.9973E-05 0.601806 9.9973E-05 0.0812346 0.0633 9.9973E-05 0.0856195 0.0092398 0.158501
9.9955E-05 0.0897614 9.9955E-05 0.0875168 0.797342 9.9955E-05 9.9955E-05 0.0248797 9.9955E-05
9.9964E-05 0.0471276 9.9964E-05 0.0405266 0.82793 0.020665 9.9964E-05 0.0633511 9.9964E-05
9.9973E-05 0.0693708 0.028141 9.9973E-05 0.796952 9.9973E-05 0.053673 0.0142643 0.0372993
0.0494436 0.0285132 9.9982E-05 0.0155537 0.765185 9.9982E-05 0.0673111 0.0602311 0.0135628
9.9946E-05 0.145537 9.9946E-05 9.9946E-05 0.806259 0.0476049 9.9946E-05 9.9946E-05 9.9946E-05
9.9973E-05 0.243982 0.0517794 0.0389521 0.0283223 9.9973E-05 0.104573 9.9973E-05 0.532091
9.9982E-05 0.584667 0.0338731 0.127893 9.9982E-05 0.121657 0.0925946 0.000391218 0.0387242
9.9973E-05 0.455797 9.9973E-05 0.00964398 0.122016 9.9973E-05 0.0956821 0.0734501 0.243111
9.9982E-05 0.274791 0.167053 0.0584607 9.9982E-05 0.0252203 0.0745016 0.138134 0.26164
9.9964E-05 9.9964E-05 0.128808 9.9964E-05 0.0887367 0.0494669 0.219612 9.9964E-05 0.512977
9.9982E-05 0.459251 0.0422368 0.0266632 0.0158513 0.0253634 0.123393 9.9982E-05 0.307041
9.9991E-05 0.19965 0.0349825 0.0399091 0.0638091 0.0149226 0.109258 0.111823 0.425546
0.0976229 0.368122 0.0761734 0.0424134 0.00781272 9.9991E-05 0.0786715 0.0915841 0.2375
9.9982E-05 0.118399 9.9982E-05 0.0237824 0.143095 0.0361384 0.0943733 0.135769 0.448243
0.0209286 0.211328 0.0970274 9.9991E-05 0.035141 0.0279396 0.128299 0.0488844 0.430352
9.9982E-05 0.372997 0.140072 0.0316283 9.9982E-05 0.00253561 0.0147355 0.12511 0.312721
0.0371325 0.350961 0.42196 9.9973E-05 0.00281536 9.9973E-05 9.9973E-05 0.0652467 0.121584
0.0120524 0.64693 0.244941 9.9964E-05 0.00234027 9.9964E-05 9.9964E-05 9.9964E-05 0.0933359
9.9964E-05 0.380931 0.418586 9.9964E-05 9.9964E-05 9.9964E-05 0.0433943 0.0934994 0.0631886
0.0179002 0.574105 0.22879 9.9973E-05 0.0371837 9.9973E-05 0.0181638 0.123557 9.9973E-05
9.9964E-05 0.128436 0.589692 9.9964E-05 9.9964E-05 9.9964E-05 0.153098 0.0606268 0.0677471
9.9964E-05 0.288329 0.512606 9.9964E-05 9.9964E-05 9.9964E-05 0.0726782 0.105567 0.02042
9.9964E-05 0.542535 0.222963 9.9964E-05 9.9964E-05 0.0218183 9.9964E-05 0.096012 0.116271
9.9964E-05 0.141095 0.473212 9.9964E-05 9.9964E-05 9.9964E-05 0.172716 0.105368 0.10721
0.0217971 0.529324 0.289124 9.9964E-05 9.9964E-05 9.9964E-05 0.0240862 9.9964E-05 0.135268
9.9982E-05 0.179529 0.00964121 0.00735529 9.9982E-05 0.0296014 0.0870294 0.0433972 0.643247
9.9973E-05 0.244044 0.0879346 0.0278945 9.9973E-05 9.9973E-05 0.0102495 0.256302 0.373276
9.9982E-05 0.298167 9.9982E-05 0.120862 0.000353871 0.0444666 0.0780786 0.0533873 0.404484
0.00818476 0.638071 0.0941892 9.9973E-05 0.0682368 9.9973E-05 0.0454344 9.9973E-05 0.145584
9.9964E-05 0.233966 9.9964E-05 0.0485345 9.9964E-05 0.0317946 0.244643 9.9964E-05 0.440663
0.000613714 0.409084 9.9991E-05 0.127106 0.0231407 0.00798733 0.0621147 0.0605489 0.309304
0.0121744 0.357668 9.9982E-05 0.0767776 0.038855 9.9982E-05 0.186792 0.0105099 0.317023
9.9955E-05 0.169027 9.9955E-05 0.129051 9.9955E-05 9.9955E-05 0.233832 9.9955E-05 0.467591
0.00260828 0.259363 0.0169837 0.129576 0.0227916 9.9991E-05 0.119156 0.023369 0.426053
9.9991E-05 0.627509 0.00594934 0.026192 0.052207 0.00236815 0.00592624 0.11916 0.160589
9.9964E-05 0.504658 9.9964E-05 9.9964E-05 0.078338 9.9964E-05 0.0397325 0.114903 0.261969
9.9973E-05 0.514971 0.0231421 0.0706387 9.9973E-05 9.9973E-05 0.0176558 0.173517 0.199776
9.9982E-05 0.423662 0.0617505 0.0103609 0.0333536 0.0662207 9.9982E-05 0.0548324 0.34962
9.9991E-05 0.357995 0.021175 0.121543 0.0785554 0.00475572 0.126677 0.0551933 0.234006
0.0537001 0.369921 0.0936984 0.108603 0.297384 0.0222123 0.0479211 9.9991E-05 0.00646083
9.9982E-05 0.402988 0.0412365 0.224905 0.12971 0.0222393 0.103752 0.0749698 9.9982E-05
0.0276787 0.526311 0.0940367 0.0846715 0.0199678 0.0524745 0.128635 0.0661246 9.9991E-05
9.9982E-05 0.473365 0.0149033 0.173955 0.188223 0.0756391 0.0628226 0.0108923 9.9982E-05
9.9973E-05 0.516925 0.152735 0.0072211 9.9973E-05 0.0132373 9.9973E-05 0.0676293 0.241952
9.9973E-05 0.0574273 0.52809 0.0839441 0.162795 9.9973E-05 0.151368 0.0160758 9.9973E-05
9.9973E-05 0.401352 0.176817 0.219297 0.0616176 0.0387752 9.9973E-05 9.9973E-05 0.101841
0.00312889 0.427161 9.9982E-05 0.24093 0.0918038 0.0374986 9.9982E-05 0.132178 0.0671002
0.0546165 0.154311 0.231947 0.179143 0.065255 0.0572941 0.128322 0.0475428 0.0815683
0.0256175 0.538371 0.0286975 0.205391 0.127698 9.9973E-05 9.9973E-05 0.0739247 9.9973E-05
9.9955E-05 9.9955E-05 0.423439 0.198977 0.354519 0.0225656 9.9955E-05 9.9955E-05 9.9955E-05
9.9964E-05 0.573054 0.0840325 0.131455 0.208927 9.9964E-05 9.9964E-05 9.9964E-05 0.00213132
0.048051 0.52443 0.0163868 0.126833 0.0935609 0.059533 0.0574985 9.9991E-05 0.0736062
9.9973E-05 0.325547 9.9973E-05 0.0928488 9.9973E-05 0.0570168 0.0389472 0.464983 0.020357
9.9946E-05 9.9946E-05 9.9946E-05 9.9946E-05 9.9946E-05 9.9946E-05 0.0630987 0.854513 0.0817887
9.9946E-05 9.9946E-05 9.9946E-05 9.9946E-05 0.0307717 9.9946E-05 9.9946E-05 0.939895 0.0287334
9.9973E-05 0.397745 0.0207974 0.2998 0.135028 9.9973E-05 9.9973E-05 0.11623 0.0300986
0.128528 0.22356 0.0566951 0.37684 9.9982E-05 0.0031504 0.0266411 0.184386 9.9982E-05
0.0154698 0.105308 0.19316 0.342335 0.115184 0.00885088 0.0176135 0.201978 9.9991E-05
0.0171215 0.294493 0.0410978 0.247475 0.153163 0.0324737 9.9982E-05 0.213975 9.9982E-05
0.0558764 9.9964E-05 0.142372 0.106077 0.00631123 9.9964E-05 9.9964E-05 0.688963 9.9964E-05
0.0320806 0.0114537 0.0680061 0.0994694 0.0385381 0.0605387 9.9982E-05 0.689713 9.9982E-05
0.00962839 0.479741 9.9964E-05 0.115349 9.9964E-05 0.00268623 9.9964E-05 0.392196 9.9964E-05
0.111465 0.380526 9.9955E-05 0.142624 9.9955E-05 9.9955E-05 9.9955E-05 0.364886 9.9955E-05
9.9955E-05 0.0505737 9.9955E-05 0.178997 9.9955E-05 0.0157288 9.9955E-05 0.7542 9.9955E-05
0.0177543 0.465381 0.0283873 0.0918696 0.0569513 0.0101137 9.9982E-05 0.329343 9.9982E-05
0.0900674 0.358043 9.9955E-05 0.179267 9.9955E-05 9.9955E-05 9.9955E-05 0.372122 9.9955E-05
9.9964E-05 0.354672 9.9964E-05 9.9964E-05 0.0584087 0.00376429 9.9964E-05 0.552076 0.0306792
0.0425491 0.311604 9.9964E-05 9.9964E-05 9.9964E-05 0.0384921 9.9964E-05 0.512242 0.0947128
9.9982E-05 0.321301 0.0285114 0.0382115 0.0444531 0.084725 9.9982E-05 0.339411 0.143188
9.9955E-05 0.463554 0.0851088 9.9955E-05 9.9955E-05 9.9955E-05 9.9955E-05 0.432716 0.0181209
0.0170648 0.201381 0.00244284 9.9964E-05 9.9964E-05 9.9964E-05 9.9964E-05 0.702739 0.0759728
9.9946E-05 0.528244 9.9946E-05 9.9946E-05 0.0619229 9.9946E-05 9.9946E-05 0.409234 9.9946E-05
9.9964E-05 0.187994 9.9964E-05 0.0193187 9.9964E-05 9.9964E-05 0.0164978 0.689228 0.0865616
0.0477493 0.351566 0.0256547 0.0290431 9.9982E-05 0.00231336 9.9982E-05 0.525478 0.0179955
9.9982E-05 0.358317 0.162247 0.2225 0.188141 0.018129 9.9982E-05 0.0326632 0.0178028
0.0804317 0.193671 0.159468 0.225744 0.137511 0.0551554 0.0648925 0.0830262 9.9991E-05
0.110207 9.9982E-05 0.0691777 0.143412 0.0549525 0.0398795 9.9982E-05 0.568257 0.0139146
0.021639 0.529273 9.9973E-05 0.252002 0.0672222 9.9973E-05 9.9973E-05 0.10356 0.026004
0.0976748 9.9964E-05 0.225289 0.130427 0.258619 9.9964E-05 9.9964E-05 0.287589 9.9964E-05
0.0350807 0.439844 9.9964E-05 0.182144 0.0502528 9.9964E-05 9.9964E-05 0.292279 9.9964E-05
0.00548016 9.9946E-05 9.9946E-05 9.9946E-05 9.9946E-05 9.9946E-05 0.113306 0.880614 9.9946E-05
9.9937E-05 9.9937E-05 9.9937E-05 9.9937E-05 9.9937E-05 9.9937E-05 0.0421721 0.957128 9.9937E-05
9.9946E-05 0.509786 9.9946E-05 9.9946E-05 9.9946E-05 0.0119228 9.9946E-05 0.477691 9.9946E-05
9.9955E-05 0.457059 9.9955E-05 0.00294519 9.9955E-05 0.0801512 9.9955E-05 0.459344 9.9955E-05
9.9946E-05 0.354291 9.9946E-05 9.9946E-05 9.9946E-05 9.9946E-05 9.9946E-05 0.624532 0.020577
9.9964E-05 0.37615 9.9964E-05 9.9964E-05 0.0170595 0.0230704 0.044258 0.539062 9.9964E-05
9.9946E-05 0.471422 9.9946E-05 9.9946E-05 9.9946E-05 0.00695691 9.9946E-05 0.521021 9.9946E-05
0.0267088 0.0144959 9.9973E-05 0.0377939 0.658492 0.105441 9.9973E-05 0.156769 9.9973E-05
0.138085 9.9973E-05 9.9973E-05 0.169688 0.520812 0.0514027 9.9973E-05 0.0143327 0.10538
9.9955E-05 9.9955E-05 9.9955E-05 0.0467789 0.839578 0.0488636 9.9955E-05 9.9955E-05 0.0642797
0.0454361 0.0212557 9.9964E-05 9.9964E-05 0.740788 0.14961 9.9964E-05 0.0425106 9.9964E-05
9.9982E-05 0.410539 0.0375148 0.00218205 0.106777 0.0206289 0.311581 0.110578 9.9982E-05
9.9955E-05 0.52787 9.9955E-05 9.9955E-05 9.9955E-05 0.0396202 0.429506 9.9955E-05 0.002504
0.0187802 0.273602 0.0860959 0.00938167 0.000808891 9.9982E-05 0.500094 9.9982E-05 0.111038
0.0161476 0.588273 9.9964E-05 0.0173382 9.9964E-05 0.0444444 0.333397 9.9964E-05 9.9964E-05
9.9964E-05 0.415903 0.087675 9.9964E-05 9.9964E-05 0.0373865 0.363974 0.0946618 9.9964E-05
0.00278588 0.377526 9.9991E-05 0.242342 0.213109 0.0616926 0.0228202 0.071682 0.00794188
9.9964E-05 0.396597 0.139795 0.0399352 9.9964E-05 9.9964E-05 0.358825 0.0644477 9.9964E-05
9.9964E-05 0.236157 9.9964E-05 0.030322 9.9964E-05 0.0200629 0.636411 9.9964E-05 0.0766466
9.9973E-05 0.535957 9.9973E-05 9.9973E-05 0.0460615 0.00203243 0.288232 0.0930072 0.0344095
9.9964E-05 0.455903 9.9964E-05 9.9964E-05 0.0242217 9.9964E-05 0.45345 0.0313774 0.0346473
9.9964E-05 0.566627 0.0312515 9.9964E-05 0.00187971 9.9964E-05 0.347947 0.0518946 9.9964E-05
9.9946E-05 0.0778225 9.9946E-05 9.9946E-05 9.9946E-05 9.9946E-05 0.772787 0.148791 9.9946E-05
0.0220629 0.259974 0.0745622 0.016245 0.00564103 0.0103269 0.604045 0.00704267 9.9991E-05
9.9973E-05 0.314762 0.00446395 0.0232156 9.9973E-05 0.00866369 0.552707 9.9973E-05 0.0958881
9.9946E-05 9.9946E-05 0.193732 9.9946E-05 9.9946E-05 9.9946E-05 0.765391 0.0402772 9.9946E-05
9.9982E-05 0.41892 9.9982E-05 0.0160864 0.0809628 0.0172966 0.358527 0.00283095 0.105176
9.9955E-05 0.0988686 0.209453 9.9955E-05 9.9955E-05 9.9955E-05 0.603461 0.0877183 9.9955E-05
9.9946E-05 9.9946E-05 0.218372 9.9946E-05 9.9946E-05 9.9946E-05 0.735143 0.0458858 9.9946E-05
9.9991E-05 0.531947 0.0770298 0.0193817 0.0099665 0.0215349 0.26374 0.0351342 0.0411667
0.0739084 0.195034 9.9973E-05 0.0195632 9.9973E-05 9.9973E-05 0.594282 0.027834 0.0890784
9.9964E-05 0.381008 0.0356849 0.110684 9.9964E-05 9.9964E-05 0.393169 9.9964E-05 0.0790542
9.9955E-05 0.485122 9.9955E-05 0.0435556 9.9955E-05 9.9955E-05 0.39515 9.9955E-05 0.0756727
9.9982E-05 0.393679 0.172892 0.048651 9.9982E-05 0.0129968 0.0770371 0.0582201 0.236324
0.0042905 0.419208 9.9982E-05 0.046481 9.9982E-05 0.0580955 0.390507 0.0571134 0.0241052
9.9973E-05 0.448169 9.9973E-05 0.0563165 0.0422413 0.0200497 0.376625 9.9973E-05 0.0562991
9.9973E-05 0.355704 0.109623 9.9973E-05 0.00291956 0.000526842 0.530116 0.000810282 9.9973E-05
9.9964E-05 9.9964E-05 0.0359956 9.9964E-05 0.623517 0.0357674 0.0456361 9.9964E-05 0.258684
9.9973E-05 9.9973E-05 0.0419106 0.00377119 0.679894 0.0777786 0.10136 9.9973E-05 0.0949858
0.0438019 9.9964E-05 0.0544151 9.9964E-05 0.690725 0.0979454 9.9964E-05 9.9964E-05 0.112713
9.9964E-05 9.9964E-05 9.9964E-05 9.9964E-05 0.734439 0.0863046 0.00125237 0.0211226 0.156482
0.078211 0.0346201 0.0300754 9.9973E-05 0.591681 0.0440994 9.9973E-05 9.9973E-05 0.221014
0.0184872 0.106491 9.9973E-05 0.0262785 0.0201696 9.9973E-05 0.689851 9.9973E-05 0.138423
0.0484982 0.0838794 9.9973E-05 9.9973E-05 0.00971027 0.0253195 0.722367 9.9973E-05 0.109926
9.9955E-05 0.15112 0.0571241 9.9955E-05 9.9955E-05 9.9955E-05 0.712952 0.0783043 9.9955E-05
0.0495241 0.268911 0.0826634 0.0366627 9.9982E-05 0.00202753 0.552707 0.00730411 9.9982E-05
0.0628352 0.6226 9.9973E-05 0.0184816 0.0488635 9.9973E-05 0.213489 9.9973E-05 0.0334305
9.9973E-05 0.408915 0.0839975 0.0156242 0.0962835 9.9973E-05 0.375991 0.0188892 9.9973E-05
9.9964E-05 0.513243 0.00714033 9.9964E-05 0.115686 9.9964E-05 0.280717 0.0828134 9.9964E-05
0.0270154 0.266256 0.0618871 0.00334425 9.9982E-05 9.9982E-05 0.518825 0.0103689 0.112103
0.00704638 0.37344 0.0225073 9.9973E-05 9.9973E-05 0.0220508 0.557511 9.9973E-05 0.0171447
0.00272113 0.292002 9.9964E-05 9.9964E-05 9.9964E-05 0.0118187 0.555569 9.9964E-05 0.13749
0.170189 0.622203 0.132397 9.9973E-05 0.0169187 9.9973E-05 0.0349318 9.9973E-05 0.0230609
9.9964E-05 0.407968 9.9964E-05 9.9964E-05 0.0292382 0.0439529 0.398031 9.9964E-05 0.12041
9.9964E-05 0.443909 9.9964E-05 0.0254393 0.059926 0.0123479 0.457978 9.9964E-05 9.9964E-05
0.0114129 0.306258 9.9973E-05 0.424333 0.19025 0.00856335 0.0588827 9.9973E-05 9.9973E-05
0.120193 0.288396 0.045328 0.429076 0.0051231 0.0542123 9.9982E-05 0.0574721 9.9982E-05
0.0527078 0.510336 0.111058 9.9964E-05 9.9964E-05 9.9964E-05 0.235334 0.0901647 9.9964E-05
0.172561 0.0567015 0.00659123 0.600617 0.14555 0.0168566 9.9982E-05 0.000922535 9.9982E-05
9.9946E-05 0.358261 9.9946E-05 0.39435 0.246789 9.9946E-05 9.9946E-05 9.9946E-05 9.9946E-05
0.093715 0.305867 0.239564 0.226052 9.9973E-05 0.0828244 0.0516783 9.9973E-05 9.9973E-05
0.0943179 0.589561 0.180157 9.9982E-05 0.053752 0.0349951 0.018311 9.9982E-05 0.028706
0.108805 0.507012 0.258893 9.9973E-05 0.022544 9.9973E-05 9.9973E-05 0.0618785 0.0405679
0.108571 0.299492 9.9964E-05 0.463045 0.0876373 0.0408538 9.9964E-05 9.9964E-05 9.9964E-05
0.0299277 0.405831 0.0149881 0.464591 0.058426 0.0259368 9.9973E-05 9.9973E-05 9.9973E-05
0.0882342 0.303854 0.00303183 0.491977 0.0480183 0.047648 0.0115137 9.9991E-05 0.00562323
9.9982E-05 0.263482 0.0475268 0.485548 0.142922 0.0085559 0.0173458 0.0344196 9.9982E-05
0.15189 0.553289 0.270597 9.9955E-05 9.9955E-05 9.9955E-05 0.023724 9.9955E-05 9.9955E-05
0.175036 0.130071 9.9964E-05 0.612642 0.0472181 0.0346321 9.9964E-05 9.9964E-05 9.9964E-05
0.24587 0.236487 0.283384 9.9964E-05 9.9964E-05 9.9964E-05 0.0536484 9.9964E-05 0.18021
0.0827925 0.603768 0.231709 0.0484475 9.9973E-05 0.000559585 9.9973E-05 9.9973E-05 0.0324238
0.0759835 0.614267 0.104237 0.0548275 0.0373402 9.9973E-05 9.9973E-05 9.9973E-05 0.113044
0.157944 0.504897 0.219339 9.9973E-05 0.0523389 0.00935289 0.0558285 9.9973E-05 9.9973E-05
0.157122 0.175068 0.00989358 0.271628 0.0622654 0.036808 0.171386 0.0759282 0.0399001
0.00368644 0.345792 0.0900377 0.294026 0.199021 9.9982E-05 9.9982E-05 0.0625853 0.00465092
0.0804023 0.193218 0.0271342 0.528251 0.140342 0.030353 9.9973E-05 9.9973E-05 9.9973E-05
0.0965971 0.511949 0.157638 9.9982E-05 0.051039 0.0255577 0.0943326 9.9982E-05 0.0626874
9.9973E-05 0.258521 0.63154 0.0132937 0.0484565 0.0103292 9.9973E-05 0.0375594 9.9973E-05
0.115695 0.341139 0.139027 0.0715917 0.0418905 9.9991E-05 0.0693411 0.0587646 0.162451
0.0204288 0.44251 0.144113 0.101032 0.179874 0.0597239 9.9982E-05 9.9982E-05 0.0521185
9.99459E-05 9.99459E-05 0.601683 0.187052 0.210665 9.99459E-05 9.99459E-05 9.99459E-05 9.99459E-05
9.99549E-05 9.99549E-05 0.728161 0.0942344 0.14116 0.0359444 9.99549E-05 9.99549E-05 9.99549E-05
9.9991E-05 0.248765 0.331522 0.132914 0.172064 0.01346 0.0159614 0.0405059 0.0447087
0.105244 0.0558443 0.41103 0.173443 0.14906 0.0347446 0.0150762 0.0554579 9.9991E-05
9.9946E-05 9.9946E-05 0.491658 0.182085 0.325657 9.9946E-05 9.9946E-05 9.9946E-05 9.9946E-05
9.9982E-05 0.341237 0.163347 0.103037 0.152195 0.0665838 0.0334303 0.139969 9.9982E-05
9.9973E-05 0.383557 0.197217 0.105973 0.200119 0.036401 9.9973E-05 0.0764328 9.9973E-05
9.9964E-05 0.32678 0.279116 0.0489219 0.318575 9.9964E-05 0.0262078 9.9964E-05 9.9964E-05
9.9964E-05 0.0927863 0.592517 0.098146 0.193881 0.0222701 9.9964E-05 9.9964E-05 9.9964E-05
0.0022141 0.500681 0.209679 0.118642 0.0667341 0.0455746 0.0562762 9.9982E-05 9.9982E-05
9.9973E-05 0.206561 0.433988 0.0967724 0.132746 0.0835859 0.0460477 9.9973E-05 9.9973E-05
9.9955E-05 9.9955E-05 0.661998 0.0409673 0.235854 0.0606811 9.9955E-05 9.9955E-05 9.9955E-05
9.9973E-05 0.316252 0.264713 0.230147 0.145367 0.0119955 9.9973E-05 9.9973E-05 0.031225
0.0487742 0.441774 0.0427454 0.142082 0.242947 0.0157952 0.0656825 9.9982E-05 9.9982E-05
0.0394855 0.514668 9.9955E-05 0.23948 0.205867 9.9955E-05 9.9955E-05 9.9955E-05 9.9955E-05
9.9973E-05 0.442819 0.0877536 0.208126 0.197296 0.0320219 9.9973E-05 0.0316834 9.9973E-05
0.119281 0.325896 0.083124 0.194054 0.245072 0.0288149 9.9982E-05 9.9982E-05 0.00355712
9.9973E-05 0.544388 9.9973E-05 0.12008 0.229666 0.0596506 0.0199424 0.0259731 9.9973E-05
9.9964E-05 0.372377 9.9964E-05 0.229881 0.160062 0.0968102 0.140469 9.9964E-05 9.9964E-05
9.9982E-05 0.214038 0.103386 0.300391 0.115704 0.117827 0.0523792 0.0960756 9.9982E-05
9.9973E-05 0.205221 0.0534693 0.198255 0.152099 9.9973E-05 0.28709 9.9973E-05 0.103565
0.000313913 0.373446 0.0753878 0.211837 0.286263 0.0524523 9.9973E-05 9.9973E-05 9.9973E-05
9.9964E-05 0.164531 0.271098 0.222083 0.312918 9.9964E-05 0.0289711 9.9964E-05 9.9964E-05
9.9964E-05 0.270573 0.203951 0.303856 0.20903 0.0121912 9.9964E-05 9.9964E-05 9.9964E-05
9.99639E-05 9.99639E-05 0.0401949 9.99639E-05 0.773575 0.0256239 0.0508205 9.99639E-05 0.109385
9.9955E-05 0.118808 9.9955E-05 9.9955E-05 0.110676 9.9955E-05 9.9955E-05 0.0244025 0.745614
0.0580581 9.9955E-05 9.9955E-05 9.9955E-05 0.00328189 9.9955E-05 0.0372376 9.9955E-05 0.900923
9.9946E-05 9.9946E-05 9.9946E-05 9.9946E-05 0.00290382 0.051966 9.9946E-05 9.9946E-05 0.94453
9.9946E-05 0.036902 9.9946E-05 9.9946E-05 0.0311154 9.9946E-05 9.9946E-05 9.9946E-05 0.931383
0.0347465 9.9955E-05 9.9955E-05 0.0796272 9.9955E-05 0.0366735 9.9955E-05 9.9955E-05 0.848453
9.9955E-05 0.0667123 9.9955E-05 9.9955E-05 9.9955E-05 0.0429941 9.9955E-05 0.0158688 0.873925
0.000832147 9.9955E-05 9.9955E-05 9.9955E-05 0.0622376 0.015698 9.9955E-05 9.9955E-05 0.920732
0.0259249 9.9964E-05 9.9964E-05 0.0270303 0.163466 0.0286936 9.9964E-05 9.9964E-05 0.754485
9.9964E-05 0.0353608 0.0428907 0.00281699 0.865975 0.0525561 9.9964E-05 9.9964E-05 9.9964E-05
0.101222 0.0198876 9.9991E-05 0.0254264 0.645198 0.0828092 0.0134139 0.0135736 0.0983689
0.180171 9.9964E-05 9.9964E-05 0.0406198 0.678114 0.070519 0.0301769 9.9964E-05 9.9964E-05
0.0154639 0.0643772 0.037028 9.9973E-05 0.732007 0.0546264 9.9973E-05 9.9973E-05 0.0961974
0.0507608 0.0298404 9.9982E-05 0.0242967 0.859884 0.00466611 0.0299222 9.9982E-05 0.000430332
0.12481 9.9955E-05 9.9955E-05 9.9955E-05 0.759639 9.9955E-05 9.9955E-05 0.0248036 0.0902474
0.0731076 9.9982E-05 0.00223651 0.124976 0.610117 0.0697182 0.0183895 9.9982E-05 0.101255
0.170049 0.00766934 9.9973E-05 0.107194 0.622819 0.0859121 9.9973E-05 0.00605641 9.9973E-05
0.275237 0.0193472 9.9982E-05 0.041802 0.435721 0.0840871 9.9982E-05 0.00170825 0.141898
0.0470408 9.9973E-05 9.9973E-05 0.0595777 0.805904 0.046212 0.0338155 0.00715057 9.9973E-05
0.0287926 9.9964E-05 9.9964E-05 9.9964E-05 0.810563 0.0853871 9.9964E-05 0.0505993 0.0242577
0.0729194 0.0310382 9.9982E-05 0.0502068 0.784834 0.0282781 9.9982E-05 0.0273916 0.0051324
0.0856261 0.0254098 0.0255344 9.9964E-05 0.856518 0.00651212 9.9964E-05 9.9964E-05 9.9964E-05
9.9973E-05 0.0314302 0.00192401 0.0328021 0.821495 0.0936436 9.9973E-05 9.9973E-05 0.0184048
9.9964E-05 0.0371066 9.9964E-05 0.083299 0.740244 0.105783 9.9964E-05 9.9964E-05 0.0331683
0.00931305 0.111575 9.9964E-05 0.0333445 0.766839 0.0785282 9.9964E-05 9.9964E-05 9.9964E-05
9.9955E-05 0.0498174 9.9955E-05 0.17112 0.729477 0.0490859 9.9955E-05 9.9955E-05 9.9955E-05
0.00388899 0.127252 9.9964E-05 0.0704338 0.714706 0.0833194 9.9964E-05 9.9964E-05 9.9964E-05
9.9964E-05 0.108157 9.9964E-05 0.0883862 0.73899 0.0619095 9.9964E-05 0.0021573 9.9964E-05
0.0823754 0.403758 0.250045 9.9973E-05 0.115857 9.9973E-05 0.0620814 9.9973E-05 0.085584
0.167326 0.658574 0.0706159 9.9964E-05 9.9964E-05 9.9964E-05 0.067458 9.9964E-05 0.0356256
0.0317757 0.251708 0.550059 9.9973E-05 9.9973E-05 9.9973E-05 0.0710887 0.0862841 0.00878456
0.160108 0.554774 0.136181 9.9964E-05 9.9964E-05 0.0397487 9.9964E-05 9.9964E-05 0.108788
0.152043 0.225546 0.621812 9.9946E-05 9.9946E-05 9.9946E-05 9.9946E-05 9.9946E-05 9.9946E-05
9.9955E-05 0.692096 0.227575 9.9955E-05 0.0711085 9.9955E-05 9.9955E-05 9.9955E-05 0.00872022
0.0778707 0.473873 0.263418 9.9973E-05 0.00375981 9.9973E-05 0.044425 9.9973E-05 0.136354
0.0659777 0.661042 0.109264 9.9973E-05 0.0859823 9.9973E-05 0.0332419 9.9973E-05 0.0441914
