0.0843774 0.0178494 0.886331 0.0112422 9.9982E-05 9.9982E-05
9.9973E-05 0.0417939 0.918869 9.9973E-05 0.0390371 9.9973E-05
0.0146916 9.9982E-05 0.843341 0.0224735 9.9982E-05 0.119294
0.0951771 9.9982E-05 0.804651 0.0495335 9.9982E-05 0.0504387
9.9964E-05 9.9964E-05 0.909368 9.9964E-05 9.9964E-05 0.0902318
0.0581217 0.10079 0.577941 0.0901003 0.172947 9.9991E-05
0.0676283 0.00606392 0.806383 0.00421417 0.104546 0.0111648
0.149957 9.9982E-05 0.677783 0.0326791 0.139382 9.9982E-05
0.149517 0.00259096 0.840383 9.9982E-05 0.00730993 9.9982E-05
0.0594738 9.9991E-05 0.6532 0.0963024 0.147048 0.0438762
0.143271 9.9991E-05 0.696682 0.014975 0.125065 0.0199068
0.447195 0.141615 9.9982E-05 0.0586459 9.9982E-05 0.352345
0.300214 9.9991E-05 0.0244322 0.0778464 0.0472825 0.550125
0.418851 0.0694817 0.0198389 0.0852706 0.130615 0.275943
0.297865 0.0556298 0.131182 0.128045 0.0172968 0.369981
0.229912 0.113766 0.179624 0.11753 9.9991E-05 0.359067
0.14292 0.181803 9.9991E-05 0.125644 0.0934991 0.456034
0.366616 0.0808845 0.152544 0.0673819 9.9991E-05 0.332473
0.597509 0.0745324 9.9991E-05 0.0885418 0.212073 0.0272431
0.259151 0.234231 0.0173556 0.11395 0.0176359 0.357676
0.164689 0.0785678 0.0723107 0.0616016 0.131687 0.491144
0.132531 0.0147608 0.0556514 0.0411233 0.119426 0.636508
0.39769 0.156087 9.9982E-05 0.136998 9.9982E-05 0.309025
0.186819 0.0351699 0.0590991 0.0598288 0.0486184 0.610465
0.443013 0.179859 0.0251508 0.0962998 9.9991E-05 0.255577
0.367483 0.160639 0.0284254 0.19802 0.0535377 0.191895
0.430613 0.113356 9.9982E-05 9.9982E-05 0.111595 0.344237
9.9973E-05 9.9973E-05 0.809624 0.0219943 9.9973E-05 0.168082
9.9973E-05 9.9973E-05 0.804298 0.00017223 9.9973E-05 0.19523
9.9973E-05 9.9973E-05 0.799249 0.033422 9.9973E-05 0.167029
9.9982E-05 9.9982E-05 0.755368 0.0614481 0.0129725 0.170011
0.11024 0.225077 0.0204068 9.9991E-05 0.0663999 0.577776
9.9982E-05 0.383272 0.0290556 0.0601321 9.9982E-05 0.52734
0.587085 0.107136 0.0633845 9.9991E-05 0.00845531 0.233839
9.9982E-05 0.563946 9.9982E-05 0.0885735 0.0851748 0.262106
9.9973E-05 0.140499 9.9973E-05 9.9973E-05 0.14378 0.715421
0.0788243 0.056841 0.0792308 9.9991E-05 0.145873 0.639131
0.0266819 0.114628 0.139584 0.011678 9.9991E-05 0.707328
0.148241 0.629367 0.0816068 0.00340482 0.00682173 0.130559
9.9991E-05 0.0880375 0.0376726 0.0537265 0.22865 0.591813
9.9973E-05 0.570528 9.9973E-05 9.9973E-05 0.0662333 0.362939
9.9973E-05 0.673181 0.0690363 9.9973E-05 0.257483 9.9973E-05
0.421465 0.251499 9.9982E-05 9.9982E-05 0.162913 0.163923
0.22869 0.215535 9.9991E-05 0.0820391 0.419318 0.0543185
0.417715 0.158274 0.0436455 9.9991E-05 0.131947 0.248318
0.268532 9.9982E-05 9.9982E-05 0.0357334 0.115965 0.57957
0.184645 0.184137 0.136083 9.9991E-05 0.135149 0.359886
0.322561 0.19792 0.161567 0.0735683 0.160277 0.0841072
0.225368 0.11471 0.120949 0.0429088 0.0164787 0.479586
0.486632 0.174738 0.0422034 9.9991E-05 0.176897 0.119429
0.238817 0.0696522 9.9982E-05 9.9982E-05 0.109805 0.581526
0.0744306 0.0705677 9.9991E-05 0.110329 0.168669 0.575903
0.200983 0.255725 0.0542495 0.0372074 0.150813 0.301021
0.113963 0.158522 0.0438735 0.0969765 0.206574 0.380091
0.33681 0.165434 0.0327122 9.9991E-05 0.160674 0.30427
9.9973E-05 0.467007 0.0367636 9.9973E-05 9.9973E-05 0.49593
0.0580829 0.777006 9.9982E-05 0.0302755 9.9982E-05 0.134436
9.9964E-05 0.894766 9.9964E-05 9.9964E-05 0.104834 9.9964E-05
0.0757249 0.827632 9.9982E-05 9.9982E-05 0.0821861 0.0142568
0.0110646 0.719638 9.9973E-05 9.9973E-05 9.9973E-05 0.268997
0.0573955 0.497816 0.0163115 0.0164255 9.9991E-05 0.411951
0.120973 0.364336 9.9991E-05 0.0256127 0.00850261 0.480476
0.133592 0.666284 0.0454712 0.046078 9.9991E-05 0.108474
0.225648 0.566642 0.0337028 0.0376698 9.9991E-05 0.136237
0.0499075 0.634005 0.0607485 0.0139052 9.9991E-05 0.241334
0.035334 0.467125 0.0467571 0.0174611 9.9991E-05 0.433223
9.9982E-05 0.52709 0.0446505 9.9982E-05 0.102498 0.325561
9.9964E-05 0.703255 9.9964E-05 9.9964E-05 0.296345 9.9964E-05
0.100712 9.9982E-05 0.791993 0.0123213 9.9982E-05 0.0947742
9.9964E-05 9.9964E-05 0.92918 9.9964E-05 9.9964E-05 0.0704201
9.9973E-05 9.9973E-05 0.870354 0.0312411 9.9973E-05 0.0981054
9.9982E-05 0.00278485 0.956521 9.9982E-05 0.0114018 0.0290929
9.9982E-05 9.9982E-05 0.877468 0.0209523 0.0278938 0.0734856
0.0162399 0.0515307 0.868892 0.0631378 9.9982E-05 9.9982E-05
9.9973E-05 9.9973E-05 0.940702 0.00100889 9.9973E-05 0.0579891
0.0563592 0.877087 0.0239186 9.9982E-05 0.0424354 9.9982E-05
0.0158664 0.451247 0.0455547 0.0112334 9.9991E-05 0.475999
9.9982E-05 0.331262 0.0271797 0.0645476 9.9982E-05 0.57681
0.0449279 0.223468 0.0489931 0.0695264 0.0740156 0.539069
9.9982E-05 0.396882 0.0357027 0.113562 9.9982E-05 0.453654
0.192025 0.762808 0.0448667 9.9973E-05 9.9973E-05 9.9973E-05
9.9991E-05 0.516643 0.023468 0.0207152 0.155707 0.283367
9.9982E-05 0.374943 0.0300485 9.9982E-05 0.0441147 0.550694
0.105681 0.331817 0.0492015 9.9991E-05 0.0198732 0.493328
9.9973E-05 0.632379 9.9973E-05 0.108505 9.9973E-05 0.258816
9.9973E-05 0.526573 0.115232 9.9973E-05 9.9973E-05 0.357894
0.309137 0.0679365 0.0367616 0.0241197 0.244971 0.317075
0.328524 9.9973E-05 0.141965 9.9973E-05 9.9973E-05 0.529211
0.262619 9.9982E-05 0.0424406 9.9982E-05 0.0741688 0.620572
0.243648 0.0141006 0.0634197 0.032243 0.00982205 0.636767
0.342917 9.9973E-05 9.9973E-05 9.9973E-05 0.0829156 0.573868
0.194151 0.0506128 0.05632 9.9991E-05 0.0486292 0.650187
0.406418 0.0441904 9.9982E-05 9.9982E-05 0.00806494 0.541127
0.282458 0.0173702 9.9982E-05 0.0471118 9.9982E-05 0.65286
0.192558 9.9982E-05 9.9982E-05 0.0727154 0.100857 0.63367
0.180497 9.9991E-05 0.0929417 0.0083464 0.227862 0.490253
0.241598 9.9982E-05 0.000145089 0.0634828 9.9982E-05 0.694574
0.145589 9.9982E-05 9.9982E-05 0.0709583 0.0915806 0.691672
0.343052 0.254101 9.9991E-05 0.0516777 0.0712173 0.279852
0.321682 0.0814339 0.0323813 0.0369842 0.314774 0.212745
0.330617 0.176139 9.9991E-05 0.0875009 0.341737 0.0639059
0.444174 0.166971 0.0284006 9.9991E-05 0.0197423 0.340613
0.314511 0.121068 0.0259105 9.9991E-05 0.0370053 0.501405
0.470037 0.136127 9.9982E-05 0.0167055 9.9982E-05 0.376931
0.496521 0.0933294 9.9991E-05 0.0469372 0.0256628 0.33745
0.125185 0.184049 0.10783 0.116425 9.9991E-05 0.466411
0.364792 0.101378 9.9991E-05 0.081073 0.275061 0.177596
0.0244137 0.148497 0.0539246 0.129568 0.19591 0.447686
0.151517 0.156239 0.164406 9.9982E-05 0.527637 9.9982E-05
0.0752099 0.241423 0.0328798 0.108044 0.286105 0.256338
0.0834281 9.9991E-05 0.115452 0.0427794 0.210716 0.547525
0.0851627 0.0342033 0.0849576 9.9991E-05 0.450746 0.344831
0.157109 0.0513945 0.0104416 9.9991E-05 0.537271 0.243684
0.149133 0.0752308 0.0423029 9.9991E-05 0.230426 0.502807
0.122274 0.294979 0.0592985 0.195379 0.32797 9.9991E-05
0.101143 0.198522 9.9982E-05 9.9982E-05 0.294963 0.405172
0.21719 0.101691 9.9991E-05 0.000631852 0.179496 0.500891
9.9982E-05 9.9982E-05 0.333521 0.229777 0.261723 0.17478
9.9973E-05 9.9973E-05 0.518881 0.118312 0.362508 9.9973E-05
9.9973E-05 9.9973E-05 0.383073 0.146142 0.470486 9.9973E-05
9.9982E-05 9.9982E-05 0.397277 0.3325 0.209583 0.0604404
9.9973E-05 0.0255153 9.9973E-05 9.9973E-05 0.242003 0.732182
0.0112704 0.0218837 9.9982E-05 0.67922 9.9982E-05 0.287426
0.00600815 0.1118 9.9982E-05 9.9982E-05 0.523378 0.358614
0.0174501 0.0701642 9.9982E-05 9.9982E-05 0.683886 0.2283
9.9982E-05 0.194519 9.9982E-05 0.0439504 0.199457 0.561874
0.133264 0.0402598 0.0144953 9.9991E-05 0.269467 0.542413
0.0916191 0.0386411 9.9991E-05 0.0497345 0.274718 0.545187
0.124465 0.118548 9.9982E-05 9.9982E-05 0.549023 0.207764
9.9973E-05 0.0445811 9.9973E-05 0.952429 9.9973E-05 0.00268972
0.0173839 9.9982E-05 9.9982E-05 0.863338 0.0344129 0.084665
9.9964E-05 9.9964E-05 9.9964E-05 0.649773 9.9964E-05 0.349827
9.9982E-05 0.0950415 0.0161983 0.80055 9.9982E-05 0.0880102
9.996E-05 9.996E-05 9.996E-05 0.9995 9.996E-05 9.996E-05
0.0212481 0.00620137 9.9973E-05 0.972251 9.9973E-05 9.9973E-05
9.9964E-05 9.9964E-05 9.9964E-05 0.791296 9.9964E-05 0.208304
0.00285315 0.0126417 9.9973E-05 0.984205 9.9973E-05 9.9973E-05
9.996E-05 9.996E-05 9.996E-05 0.9995 9.996E-05 9.996E-05
9.996E-05 9.996E-05 9.996E-05 0.9995 9.996E-05 9.996E-05
9.9973E-05 9.9973E-05 0.0280003 0.684997 9.9973E-05 0.286703
0.0770788 9.9982E-05 0.00834473 0.835915 9.9982E-05 0.0784615
9.9964E-05 0.0327049 9.9964E-05 0.966895 9.9964E-05 9.9964E-05
0.0277503 9.9982E-05 0.0489863 0.76939 9.9982E-05 0.153674
0.00140082 9.9982E-05 0.054099 0.838298 9.9982E-05 0.106002
0.0129773 9.9973E-05 9.9973E-05 0.980685 9.9973E-05 0.00603748
9.9973E-05 9.9973E-05 0.0425189 0.878621 9.9973E-05 0.0785607
9.9964E-05 9.9964E-05 0.0213214 0.978279 9.9964E-05 9.9964E-05
0.0730895 9.9982E-05 0.0543658 0.580542 9.9982E-05 0.291803
0.0212264 0.0143797 0.0121922 0.895442 0.00346735 0.0532922
9.9982E-05 0.0275929 0.300943 0.0497602 0.621504 9.9982E-05
0.154539 9.9991E-05 0.152649 0.0508576 0.175292 0.466563
0.0408228 0.103057 0.274922 9.9991E-05 0.106497 0.474601
9.9982E-05 9.9982E-05 0.219976 0.126971 0.469555 0.183298
9.9991E-05 0.135243 0.203276 0.113067 0.33685 0.211465
9.9982E-05 9.9982E-05 0.12344 0.17451 0.406958 0.294892
0.0956908 9.9991E-05 0.205564 0.139188 0.128271 0.431187
9.9982E-05 9.9982E-05 0.132864 0.192085 0.332477 0.342374
0.0886436 0.0302041 0.858542 9.9991E-05 0.00335271 0.0191578
0.0323839 9.9973E-05 0.953062 0.0142545 9.9973E-05 9.9973E-05
0.0630517 9.9964E-05 0.936548 9.9964E-05 9.9964E-05 9.9964E-05
0.0900955 9.9964E-05 0.909505 9.9964E-05 9.9964E-05 9.9964E-05
0.0277757 9.9973E-05 0.916855 9.9973E-05 9.9973E-05 0.055069
9.9973E-05 0.0126718 0.903033 0.0839958 9.9973E-05 9.9973E-05
9.9982E-05 0.000478411 0.882177 0.0800108 9.9982E-05 0.0371335
9.9973E-05 9.9973E-05 0.918653 9.9973E-05 0.0746967 0.00635067
9.9973E-05 0.0775972 0.917137 9.9973E-05 9.9973E-05 0.00496569
0.00418612 9.9991E-05 0.872714 0.0633689 0.0395469 0.020084
0.275814 0.134356 0.58953 9.9973E-05 9.9973E-05 9.9973E-05
0.31298 0.102296 0.584425 9.9973E-05 9.9973E-05 9.9973E-05
0.273409 0.091711 0.558364 9.9982E-05 0.0763167 9.9982E-05
0.387626 0.137371 0.474703 9.9973E-05 9.9973E-05 9.9973E-05
0.169537 0.233471 0.028515 0.032864 0.00290588 0.532707
0.120678 0.306538 0.0319333 0.0833951 9.9991E-05 0.457355
0.174347 0.196713 0.0541776 0.0261996 0.000301527 0.548261
0.190727 0.29064 0.0279571 9.9991E-05 0.0409535 0.449623
0.624159 0.153371 9.9991E-05 0.00753989 0.0168057 0.198025
0.00681568 0.182077 0.0967232 0.0358898 0.0115318 0.666963
0.078947 0.348341 9.9991E-05 0.0712001 0.012198 0.489214
0.114318 0.307863 9.9991E-05 0.0907807 0.0148025 0.472136
0.0112879 0.56196 9.9991E-05 0.101349 0.029115 0.296188
0.144171 0.369475 9.9982E-05 9.9982E-05 0.015426 0.470729
0.0742991 0.712854 9.9973E-05 9.9973E-05 0.212547 9.9973E-05
0.0287845 0.501121 9.9991E-05 0.0162135 0.15875 0.295031
9.9991E-05 0.309815 0.000441114 0.0174996 0.162961 0.509183
0.0807735 0.728278 0.0563755 9.9982E-05 9.9982E-05 0.134373
0.833452 9.9982E-05 0.0795842 9.9982E-05 0.0773385 0.00942566
0.831528 9.9991E-05 0.0380303 0.0420453 0.0778709 0.0104252
0.906467 9.9973E-05 0.0245351 9.9973E-05 0.0686979 9.9973E-05
0.854574 0.029817 0.115309 9.9973E-05 9.9973E-05 9.9973E-05
0.946969 9.9982E-05 9.9982E-05 0.031833 0.0160587 0.00493985
0.837388 9.9973E-05 0.032946 0.129366 9.9973E-05 9.9973E-05
9.9982E-05 0.0185727 0.898886 0.0087239 9.9982E-05 0.0736175
0.0766377 9.9982E-05 0.80509 0.0288045 9.9982E-05 0.0892674
0.00685314 9.9982E-05 0.790261 0.0784667 9.9982E-05 0.124219
0.0429427 9.9982E-05 0.802784 0.048172 9.9982E-05 0.105901
0.0617848 9.9982E-05 0.766098 0.0653196 9.9982E-05 0.106598
0.532784 9.9973E-05 0.375046 9.9973E-05 0.0918693 9.9973E-05
0.407798 0.043776 0.452924 9.9982E-05 0.0953018 9.9982E-05
0.459546 0.087943 0.431807 9.9982E-05 0.0205042 9.9982E-05
9.9973E-05 9.9973E-05 0.799087 0.0219634 9.9973E-05 0.17865
0.472267 0.149409 0.378025 9.9973E-05 9.9973E-05 9.9973E-05
9.9982E-05 9.9982E-05 0.227257 0.350173 0.208461 0.213908
9.9973E-05 9.9973E-05 0.178102 0.247493 9.9973E-05 0.574105
0.012939 0.0611907 0.196583 0.313508 0.172318 0.243462
9.9973E-05 9.9973E-05 0.386161 0.325308 0.288231 9.9973E-05
0.324166 0.0992171 9.9982E-05 9.9982E-05 0.100619 0.475798
0.286919 0.0531499 9.9982E-05 9.9982E-05 0.22452 0.435211
0.524493 0.046488 0.1064 9.9991E-05 0.00815229 0.314367
0.145674 0.20685 9.9982E-05 9.9982E-05 0.127145 0.520131
0.24754 0.200797 9.9973E-05 9.9973E-05 0.551363 9.9973E-05
0.229693 0.0985682 0.0476027 0.0762287 0.0476998 0.500208
0.419068 0.131496 0.0708767 9.9982E-05 9.9982E-05 0.378359
0.297922 0.105139 9.9982E-05 9.9982E-05 0.426692 0.170046
0.13718 0.14633 9.9991E-05 0.047944 0.19895 0.469496
0.266878 0.12978 0.0231655 0.0678762 9.9991E-05 0.512201
0.0739001 0.225757 0.182605 0.166682 9.9991E-05 0.350957
0.268956 0.0651533 9.9982E-05 9.9982E-05 0.222357 0.443333
0.268549 0.0419311 0.0354439 9.9991E-05 0.121602 0.532374
0.226183 0.0908298 0.00581367 0.11667 0.194289 0.366214
0.184926 0.105111 0.00725958 9.9991E-05 0.0571944 0.645409
0.16114 0.156158 0.0138135 0.099642 0.0383616 0.530885
9.9973E-05 9.9973E-05 0.780761 0.0868767 9.9973E-05 0.132063
9.9982E-05 0.0696204 0.85488 0.00267492 9.9982E-05 0.0726249
0.0469779 0.0767762 0.827098 9.9991E-05 0.0278114 0.0212365
0.0506464 0.114594 0.775429 0.0418092 9.9991E-05 0.0174205
9.9964E-05 9.9964E-05 0.854133 9.9964E-05 9.9964E-05 0.145467
0.537158 0.0879671 0.0402196 0.0126217 0.0553742 0.266659
0.121466 9.9991E-05 0.0300164 0.115147 0.0913926 0.641878
0.255807 0.13042 0.0469889 9.9982E-05 9.9982E-05 0.566584
0.277194 0.00135768 0.0108644 0.0474422 0.302246 0.360895
0.57212 0.118114 0.1217 9.9991E-05 0.122173 0.0657925
0.316973 0.0668821 0.0461027 0.00506803 0.0114889 0.553486
0.535186 0.102852 0.0294542 0.08036 0.0692119 0.182936
0.167483 0.149498 0.0937915 0.068433 0.146339 0.374455
0.475249 0.0982733 0.121435 0.0138528 0.108751 0.182439
0.536956 0.0869039 0.0486315 0.07772 0.0518499 0.197939
0.240955 0.0922571 0.0102534 0.0468404 0.216104 0.39359
0.0661909 9.9982E-05 0.00766156 9.9982E-05 0.560678 0.365269
0.0770835 9.9982E-05 0.0154365 9.9982E-05 0.26235 0.64493
0.0447892 0.050503 9.9982E-05 9.9982E-05 0.48595 0.418558
0.0279894 0.167915 0.0728702 9.9991E-05 0.295953 0.435173
0.0781186 0.0534132 9.9982E-05 9.9982E-05 0.697996 0.170272
0.00874712 0.0540802 9.9982E-05 9.9982E-05 0.60255 0.334423
0.113128 9.9973E-05 9.9973E-05 9.9973E-05 0.273555 0.613016
0.0779058 0.162164 9.9982E-05 9.9982E-05 0.591531 0.168199
0.116388 0.154699 9.9982E-05 9.9982E-05 0.200884 0.527829
0.599943 0.161427 0.00281093 0.0130523 0.0615536 0.161213
0.335086 0.0911676 9.9982E-05 9.9982E-05 0.265276 0.308271
0.3803 0.0938973 9.9991E-05 0.0740604 0.0392558 0.412387
0.181468 9.9991E-05 0.047133 0.0588863 0.00860213 0.70381
0.469257 0.176887 9.9982E-05 9.9982E-05 0.0769604 0.276696
0.301703 0.0906981 9.9991E-05 0.144035 0.00372804 0.459736
0.266956 0.221935 0.00783767 0.117486 0.0406839 0.345101
0.494882 0.139087 9.9982E-05 0.0986127 9.9982E-05 0.267219
0.420794 0.0465099 9.9991E-05 0.0973575 0.0550021 0.380236
0.230095 0.118415 9.9982E-05 0.0611689 9.9982E-05 0.590121
0.235653 0.101096 0.0505239 9.9991E-05 0.182333 0.430295
0.289595 0.0462664 9.9982E-05 0.0597071 9.9982E-05 0.604231
0.347046 9.9982E-05 0.0692201 9.9982E-05 0.0658856 0.517648
0.294993 0.0504063 9.9991E-05 0.117244 0.0185637 0.518693
9.9991E-05 0.0144277 0.324474 0.138084 0.084234 0.438681
0.0432873 9.9991E-05 0.130306 0.24847 0.101875 0.475962
0.00881642 0.000146293 0.0983005 0.185106 0.129443 0.578187
0.0129604 0.0855635 0.20975 0.219733 0.0162813 0.455712
0.173983 0.0893924 9.9991E-05 0.00941192 0.207322 0.51979
9.9991E-05 0.0869013 0.244547 0.111233 0.490242 0.0669761
0.0766427 0.0356467 0.0928566 0.169731 0.126111 0.499012
0.0938598 0.0954612 0.0562456 0.239836 0.0978729 0.416724
0.13519 0.128761 0.150827 0.194532 0.190684 0.200006
9.9982E-05 9.9982E-05 0.221038 0.121796 0.0457279 0.611239
9.9973E-05 9.9973E-05 0.448679 0.210814 0.340207 9.9973E-05
0.00239335 9.9991E-05 0.220894 0.175191 0.0476648 0.553757
9.9982E-05 9.9982E-05 0.200179 0.0984083 0.101917 0.599295
0.0615244 0.150076 9.9991E-05 0.0672003 0.235254 0.485845
0.0590394 0.258037 9.9982E-05 9.9982E-05 0.58598 0.0967443
0.152528 0.275984 9.9982E-05 9.9982E-05 0.516304 0.0549836
9.9991E-05 0.0361347 0.12864 0.292579 0.103107 0.439439
9.9991E-05 0.0162951 0.066364 0.324332 0.227155 0.365754
9.9982E-05 9.9982E-05 0.214689 0.276796 0.308739 0.199576
9.9982E-05 9.9982E-05 0.170132 0.217107 0.148091 0.46447
0.0225975 0.121289 0.0150231 0.101877 0.602897 0.136316
9.9991E-05 0.0336406 0.099441 0.0675861 0.519296 0.279936
0.00279374 0.155692 0.0419391 0.188479 0.110973 0.500123
0.00816064 0.0764292 9.9991E-05 0.133515 0.221898 0.559897
9.9991E-05 0.0922295 0.0501245 0.120591 0.478007 0.258949
0.11257 0.109134 9.9991E-05 0.121727 0.171417 0.485051
0.150455 9.9991E-05 0.00500083 0.146381 0.184091 0.513973
0.143305 0.127451 9.9982E-05 9.9982E-05 0.310695 0.418348
0.0448634 0.153587 9.9991E-05 0.00125603 0.365386 0.434808
0.0972224 0.145581 0.0411442 0.0677523 0.302155 0.346145
0.0150497 0.0459094 9.9982E-05 9.9982E-05 0.368522 0.570319
0.164647 0.0138265 9.9982E-05 9.9982E-05 0.476471 0.344856
9.9982E-05 0.228259 0.0282976 9.9982E-05 0.155255 0.587988
0.0561903 0.215481 9.9991E-05 0.0262345 0.426415 0.275579
0.0187954 0.119085 9.9991E-05 0.00358054 0.402203 0.456235
0.00726782 9.9991E-05 0.158918 0.240939 0.203215 0.38956
0.0981668 0.0527809 0.122326 0.25004 0.169269 0.307417
0.108996 0.108379 0.135862 0.131537 0.515126 9.9991E-05
0.0268911 9.9991E-05 0.0940164 0.198208 0.113911 0.566873
9.9973E-05 9.9973E-05 0.32361 0.119468 0.556621 9.9973E-05
0.0486066 0.0356163 0.0359558 0.20992 0.216407 0.453494
9.9973E-05 0.253914 9.9973E-05 9.9973E-05 0.604814 0.140972
0.0497771 0.313391 9.9982E-05 9.9982E-05 0.625003 0.0116288
0.0629501 0.147906 9.9982E-05 9.9982E-05 0.252715 0.536229
9.9973E-05 9.9973E-05 9.9973E-05 0.0134555 0.216444 0.769801
0.0703593 0.0991393 9.9982E-05 9.9982E-05 0.332804 0.497497
9.9973E-05 0.188533 9.9973E-05 9.9973E-05 0.252783 0.558383
0.0905462 0.0968875 9.9991E-05 0.0126787 0.191903 0.607885
0.0313496 9.9982E-05 0.844737 0.0341133 9.9982E-05 0.0896001
0.119951 9.9982E-05 0.73058 0.106415 0.0428538 9.9982E-05
0.0815097 9.9973E-05 0.837217 0.0809731 9.9973E-05 9.9973E-05
9.9982E-05 9.9982E-05 0.939173 0.00187377 0.0243526 0.0344004
0.0105845 0.391534 0.075438 0.0355481 9.9991E-05 0.486795
0.0303798 0.439276 0.0337272 9.9982E-05 9.9982E-05 0.496417
0.162787 0.507532 0.034379 9.9991E-05 0.0076229 0.28758
9.9973E-05 0.354308 9.9973E-05 0.117152 9.9973E-05 0.52824
9.9973E-05 0.398177 9.9973E-05 9.9973E-05 0.236179 0.365344
0.0856661 0.019558 0.257744 0.166957 0.032605 0.43747
0.036137 0.382618 9.9991E-05 0.0624404 0.0994403 0.419264
0.116098 0.530487 0.014574 9.9982E-05 9.9982E-05 0.338641
0.0414608 0.394397 0.0280423 9.9982E-05 9.9982E-05 0.5359
0.0523493 0.49511 0.0310295 9.9982E-05 9.9982E-05 0.421311
9.9991E-05 0.37825 0.0027087 0.0668778 0.0411686 0.510895
9.9973E-05 0.897275 9.9973E-05 9.9973E-05 0.0177922 0.0846326
9.9982E-05 0.575013 9.9982E-05 0.0289517 0.123355 0.27248
9.9982E-05 0.588401 0.0630837 9.9982E-05 0.0825826 0.265732
9.9964E-05 0.755155 9.9964E-05 9.9964E-05 0.244445 9.9964E-05
0.108816 0.407511 0.0724317 0.0648517 9.9991E-05 0.346289
0.0103654 0.577717 9.9991E-05 0.0100176 0.345306 0.0564936
9.9964E-05 0.694163 9.9964E-05 9.9964E-05 0.305437 9.9964E-05
9.9982E-05 0.376574 0.0446222 0.0593337 9.9982E-05 0.51927
0.112348 0.61587 0.0578225 9.9991E-05 0.0062125 0.207647
0.141468 0.415193 0.00490859 0.106226 9.9991E-05 0.332104
0.0778609 0.363669 0.0191665 0.0197165 9.9991E-05 0.519487
0.270055 0.0215341 9.9991E-05 0.0762131 0.223573 0.408525
0.0392267 0.367885 0.0146 0.0499853 9.9991E-05 0.528203
0.122969 0.394601 9.9982E-05 0.046742 9.9982E-05 0.435488
9.9982E-05 0.645966 0.00653036 9.9982E-05 0.0585433 0.28876
0.274509 9.9973E-05 0.638964 9.9973E-05 0.0862269 9.9973E-05
0.108033 0.0605929 0.730655 9.9991E-05 0.0658142 0.0348051
0.128879 9.9973E-05 0.795213 9.9973E-05 0.0756084 9.9973E-05
0.178684 9.9973E-05 0.803115 9.9973E-05 0.0179007 9.9973E-05
0.211168 9.9982E-05 0.708337 9.9982E-05 0.0288024 0.0514925
0.10797 0.778268 0.0402385 9.9982E-05 9.9982E-05 0.0733244
0.0548826 0.649032 0.100734 9.9982E-05 9.9982E-05 0.195151
9.9973E-05 0.767295 9.9973E-05 9.9973E-05 0.0990006 0.133405
9.9991E-05 0.570914 0.0405595 0.0684939 0.1142 0.205733
9.9982E-05 0.283646 0.0525364 0.0640523 9.9982E-05 0.599565
9.9991E-05 0.422624 0.0559551 0.045733 0.0519026 0.423685
0.0999784 0.348589 0.0334617 9.9991E-05 0.0249623 0.492909
0.136069 0.591349 0.00845562 0.0529159 0.0321146 0.179096
0.095282 0.586764 0.0251867 9.9982E-05 9.9982E-05 0.292568
0.0949148 0.539331 9.9973E-05 9.9973E-05 9.9973E-05 0.365454
0.0257342 9.9982E-05 0.152315 9.9982E-05 0.151079 0.670672
9.9973E-05 0.531173 0.0612071 9.9973E-05 9.9973E-05 0.40732
0.0979009 0.376647 0.1106 0.0164483 9.9991E-05 0.398304
0.0382769 0.00750296 0.0955354 0.496946 9.9991E-05 0.361639
9.9982E-05 9.9982E-05 0.184981 0.379691 0.0881498 0.346978
9.9991E-05 0.310113 0.0726729 0.0612918 0.1156 0.440223
9.9982E-05 9.9982E-05 0.286104 0.633352 0.0128718 0.0674722
0.026632 0.0041343 0.238702 0.443515 9.9991E-05 0.286916
0.0273206 0.104949 0.175938 0.163853 0.187066 0.340874
0.0483324 0.00975746 0.0792713 9.9991E-05 0.247936 0.614603
0.0467531 0.100106 0.128933 0.0451615 0.254969 0.424078
9.9982E-05 9.9982E-05 0.191063 0.420962 0.00831936 0.379455
9.9982E-05 9.9982E-05 0.0858609 0.508284 0.0326715 0.372984
0.0287777 0.0469038 0.139219 0.555258 0.0683699 0.161471
0.00672555 9.9991E-05 0.152445 0.519301 0.0394335 0.281994
9.9982E-05 0.038267 0.136715 9.9982E-05 0.280159 0.544659
9.9982E-05 9.9982E-05 0.189286 0.618711 0.0163078 0.175496
0.261658 0.00949712 0.129869 9.9991E-05 0.37919 0.219686
0.0538991 9.9982E-05 9.9982E-05 0.0869099 0.229303 0.629688
0.0409019 9.9991E-05 0.117832 0.0191696 0.178128 0.643868
0.0182825 0.127741 0.139154 9.9991E-05 0.125366 0.589356
0.0751972 0.194883 0.237148 0.255559 9.9991E-05 0.237113
9.9982E-05 9.9982E-05 0.222841 0.238525 0.0856479 0.452787
9.9982E-05 9.9982E-05 0.291146 0.49574 0.0010699 0.211844
0.0758656 0.0778126 0.0685356 9.9991E-05 0.198832 0.578855
9.9982E-05 9.9982E-05 0.107894 0.0028181 0.58786 0.301228
0.201065 9.9991E-05 0.089347 0.0409452 0.154764 0.513779
0.0221452 0.0270812 0.23668 0.157759 0.0965258 0.459809
9.9973E-05 9.9973E-05 0.2914 0.177502 0.530798 9.9973E-05
9.9973E-05 9.9973E-05 0.30842 0.0721876 0.619093 9.9973E-05
0.0599956 9.9991E-05 0.118534 0.127788 0.384062 0.309521
9.9982E-05 9.9982E-05 0.27481 0.181875 0.494718 0.0483964
9.9973E-05 9.9973E-05 0.38984 0.217454 0.392405 9.9973E-05
9.9991E-05 0.0161869 0.122043 0.182828 0.355545 0.323296
9.9991E-05 0.082219 0.246444 0.102053 0.172555 0.396629
0.000929713 0.00107959 0.265438 0.131708 0.369066 0.231779
9.9982E-05 9.9982E-05 0.258898 0.157607 0.510931 0.0723639
0.0704748 9.9991E-05 0.152915 0.011439 0.178028 0.587044
9.9982E-05 9.9982E-05 0.201986 0.140649 0.484235 0.17293
9.9973E-05 9.9973E-05 0.448827 0.0326129 0.518261 9.9973E-05
0.00783151 0.0902612 0.179494 0.220315 0.178111 0.323987
9.9982E-05 0.132521 0.353193 0.190957 9.9982E-05 0.323129
9.9973E-05 9.9973E-05 0.151226 0.296115 9.9973E-05 0.552359
0.0218553 9.9991E-05 0.191739 0.189588 0.0834727 0.513245
0.0413278 0.0118974 0.334708 0.193595 0.0584818 0.35999
0.0357145 0.0598775 0.249811 0.175702 0.0136628 0.465232
9.9991E-05 0.0514322 0.242647 0.30762 0.00540294 0.392799
0.0843341 0.0124273 0.218822 0.246336 0.143649 0.294432
0.210253 0.236496 0.0914043 0.194009 0.0407068 0.227131
0.0721337 9.9991E-05 0.233311 0.292593 0.113577 0.288285
9.9982E-05 9.9982E-05 0.344029 0.239889 0.264086 0.151796
9.9991E-05 0.00507433 0.253906 0.33713 0.241507 0.162283
0.163827 0.000178841 0.79072 9.9982E-05 0.0450748 9.9982E-05
0.778555 0.0523345 0.0351058 0.0330493 0.0251916 0.0757635
0.953836 0.0235546 0.0223099 9.9973E-05 9.9973E-05 9.9973E-05
0.973019 9.9964E-05 0.0265813 9.9964E-05 9.9964E-05 9.9964E-05
0.962908 9.9964E-05 9.9964E-05 9.9964E-05 9.9964E-05 0.0366919
0.861402 9.9982E-05 0.0457879 0.0351159 9.9982E-05 0.0574945
0.900411 9.9964E-05 9.9964E-05 9.9964E-05 9.9964E-05 0.0991894
0.953417 0.00811565 0.0381674 9.9973E-05 9.9973E-05 9.9973E-05
0.801539 9.9973E-05 0.187061 0.0111004 9.9973E-05 9.9973E-05
0.0282575 9.9982E-05 0.91002 0.0104534 9.9982E-05 0.051069
0.134506 9.9982E-05 0.798317 0.0124373 9.9982E-05 0.0545397
0.00671038 0.0108548 0.888557 0.049052 0.0447259 9.9991E-05
0.0961166 9.9982E-05 0.809303 9.9982E-05 0.0521532 0.0422273
0.0012116 0.049201 0.913227 0.0347976 9.9991E-05 0.00146259
0.0741745 9.9973E-05 0.875471 9.9973E-05 0.0500544 9.9973E-05
0.0789763 9.9982E-05 0.728314 0.092661 9.9982E-05 0.0998488
9.9982E-05 0.00594387 0.90703 9.9982E-05 0.0126544 0.0741718
0.152471 0.0123721 0.685176 0.0300418 9.9991E-05 0.119839
9.9973E-05 0.0527895 0.891598 0.055313 9.9973E-05 9.9973E-05
0.00832252 0.053606 0.937772 9.9973E-05 9.9973E-05 9.9973E-05
9.9991E-05 0.0205924 0.886498 0.0489607 0.0278127 0.0160363
0.0172204 0.00935151 0.953871 9.9982E-05 0.019357 9.9982E-05
0.00239635 9.9991E-05 0.893799 0.0319871 0.0203199 0.0513974
0.0261469 9.9982E-05 0.838088 0.0888787 9.9982E-05 0.0466863
9.9973E-05 9.9973E-05 0.825255 0.0487898 9.9973E-05 0.125655
9.9973E-05 9.9973E-05 0.769463 0.168365 9.9973E-05 0.0618717
9.9973E-05 9.9973E-05 0.784902 0.0772978 9.9973E-05 0.1375
9.9973E-05 9.9973E-05 0.807385 0.0833593 9.9973E-05 0.108955
0.00867992 0.0791762 0.17284 9.9991E-05 0.297709 0.441495
0.0377864 0.055925 0.0451859 9.9991E-05 0.151732 0.709271
0.0344007 0.0639197 0.0217058 9.9991E-05 0.675268 0.204606
0.0730778 0.0398187 0.10986 9.9991E-05 0.152041 0.625102
9.9982E-05 9.9982E-05 0.0741907 0.011918 0.744012 0.16968
0.0883145 9.9991E-05 0.123257 0.0989686 0.189812 0.499548
0.18672 0.110118 0.0909728 9.9991E-05 0.158547 0.453542
0.0751373 0.0632132 0.132194 9.9991E-05 0.175076 0.55428
9.9982E-05 0.404019 0.0922012 0.00233661 9.9982E-05 0.501243
0.136058 0.000903295 0.035633 0.00779525 0.282623 0.536987
0.108894 9.9982E-05 0.1488 9.9982E-05 0.15486 0.587246
0.400888 0.266411 9.9991E-05 0.0649298 0.229416 0.0382551
0.0989798 0.0431526 9.9982E-05 9.9982E-05 0.846902 0.0107658
0.0416753 9.9982E-05 0.0318308 9.9982E-05 0.729626 0.196668
9.9982E-05 9.9982E-05 0.0855555 0.0409678 0.301864 0.571412
9.9982E-05 0.054609 0.109992 9.9982E-05 0.288254 0.546945
0.0447141 0.000909741 0.169602 0.230739 0.117878 0.436156
0.0180112 0.0315584 0.176552 0.196527 0.0145915 0.56276
0.11875 0.0218582 0.435929 0.13589 0.0897829 0.19779
0.0615005 0.0439525 0.221151 0.172407 0.128018 0.372971
9.9973E-05 9.9973E-05 0.364581 0.173406 0.461713 9.9973E-05
9.9982E-05 9.9982E-05 0.217712 0.225868 0.22292 0.333299
0.0523987 0.0955302 0.352669 0.151688 9.9991E-05 0.347614
0.0817074 9.9991E-05 0.394652 0.0670555 0.00493074 0.451555
9.9991E-05 0.07392 0.200918 0.210923 0.0961474 0.417992
0.0208639 0.0525722 0.219595 0.108595 0.158761 0.439613
9.9982E-05 0.0715608 0.455552 0.2006 9.9982E-05 0.272087
