9.9982E-05 0.0471289 0.0169708 0.0368192 9.9982E-05 0.898881
0.0401071 9.9973E-05 0.0436446 9.9973E-05 9.9973E-05 0.915948
9.9982E-05 0.0494834 9.9982E-05 0.0252509 0.111027 0.814038
9.9982E-05 0.12463 9.9982E-05 0.0895931 0.0245187 0.761059
9.9973E-05 0.0653666 9.9973E-05 9.9973E-05 0.0367246 0.897609
0.129017 0.0598229 0.108122 0.0886127 9.9991E-05 0.614326
0.0303777 9.9982E-05 0.063506 0.057444 9.9982E-05 0.848472
0.0897244 0.0614897 9.9982E-05 0.144876 9.9982E-05 0.703709
0.0695482 9.9982E-05 0.0246852 0.0419607 9.9982E-05 0.863606
0.0963462 0.0512708 9.9982E-05 9.9982E-05 0.134618 0.717565
0.134536 9.9982E-05 9.9982E-05 0.120317 0.0101456 0.734801
0.0656825 0.0394328 0.166536 0.492887 0.235362 9.9991E-05
0.00822419 0.0907167 0.0643081 0.318242 0.518409 9.9991E-05
0.0792016 0.0903656 0.119917 0.439423 0.233971 0.0371212
0.0801517 0.116078 0.0021262 0.411243 0.357225 0.0331761
0.0703124 0.202524 0.0988214 0.240363 0.321131 0.066848
0.0894018 0.117817 0.0589224 0.0992507 0.574104 0.0605035
0.0778116 0.148151 0.181179 0.211804 0.380954 9.9991E-05
9.999E-05 0.0557987 0.217786 0.269561 0.279465 0.17729
0.155907 0.0899377 0.0659502 0.685062 9.9991E-05 0.0030431
0.081976 0.0903763 0.195341 0.251858 0.380349 9.9991E-05
0.205529 0.104273 0.141194 0.152991 0.382529 0.0134837
0.0316107 0.074458 0.0454594 0.248256 0.586005 0.0142101
0.0454776 0.133856 0.273873 0.340672 0.206022 9.9991E-05
9.999E-05 0.129238 0.108081 0.166977 0.522156 0.0734484
0.0716131 0.168721 0.0117425 0.24844 0.499384 9.9991E-05
0.0351881 0.104192 0.194643 0.48394 0.181936 9.9991E-05
9.9982E-05 0.226637 0.164317 0.479247 0.129599 9.9982E-05
0.160563 9.9982E-05 0.1412 0.438239 0.259798 9.9982E-05
9.9973E-05 0.0614599 9.9973E-05 9.9973E-05 0.0861514 0.852089
9.9964E-05 9.9964E-05 9.9964E-05 9.9964E-05 0.185766 0.813834
9.9982E-05 0.0138039 0.0299198 9.9982E-05 0.145191 0.810886
9.9982E-05 0.148701 0.0966776 9.9982E-05 0.0573201 0.697101
0.0549996 9.9991E-05 0.164159 0.164794 0.588347 0.0276008
0.0596599 0.0740752 0.268475 0.0228896 0.496044 0.0788562
9.9973E-05 9.9973E-05 0.41247 9.9973E-05 0.533038 0.0541917
0.0225516 0.00731492 0.158303 0.57388 0.122052 0.115898
0.0978239 0.0137384 0.532686 0.0354873 0.320164 9.9991E-05
0.043526 0.110966 0.297885 0.13049 0.35348 0.0636531
0.00981071 0.0511445 0.257024 9.9991E-05 0.664597 0.0173235
0.175274 9.9991E-05 0.0335281 0.0644332 0.617917 0.108747
0.0893785 9.9991E-05 0.143063 0.0317912 0.613225 0.122442
0.0630415 9.9991E-05 0.753399 0.0650535 0.06562 0.0527863
0.150502 0.109006 0.0610167 0.0563851 0.586283 0.0368068
9.9991E-05 0.0954239 0.359015 0.0689233 0.401582 0.0749561
0.0436946 0.0380917 0.183162 0.0122304 0.593797 0.129024
0.00151197 9.9982E-05 0.678405 9.9982E-05 0.284899 0.034984
9.9991E-05 0.079136 0.308828 0.0230625 0.550729 0.038145
0.138606 0.00397933 0.125732 9.9991E-05 0.571888 0.159696
0.337373 9.9973E-05 0.607404 9.9973E-05 9.9973E-05 0.0549229
0.127319 9.9982E-05 0.224416 0.479061 0.169005 9.9982E-05
0.448179 0.0343954 0.261468 0.206693 0.035763 0.0135017
0.0407052 0.0483773 0.181365 0.0961626 0.537038 0.0963518
0.163277 0.0764551 9.9991E-05 0.0245493 0.620518 0.115101
0.206337 0.142678 0.0307633 0.0607701 0.506274 0.0531777
0.0511061 0.0774215 0.302493 0.367332 0.138753 0.0628943
0.030432 9.9982E-05 0.0664437 0.322443 0.580481 9.9982E-05
0.105319 0.175209 0.0580116 0.0977386 0.528093 0.0356293
0.0457389 0.0261333 0.213578 0.306796 0.297509 0.110245
0.185542 0.0819939 0.175512 0.320086 0.0451132 0.191752
0.0767009 0.031439 0.122615 0.176077 0.528357 0.0648115
0.0968598 0.152522 0.15758 0.256345 0.323027 0.0136654
0.117391 9.9991E-05 0.237834 0.569398 0.025967 0.0493098
0.0725794 0.0818585 0.112514 0.266047 0.466901 9.9991E-05
0.154708 0.0275082 0.0630297 0.0366388 0.689703 0.0284123
0.0849829 0.0369022 0.0501551 0.208172 0.572558 0.0472294
0.143048 0.096258 0.236417 0.253612 0.219471 0.0511949
0.124967 0.0747624 0.176315 0.180143 0.443713 9.9991E-05
0.0357246 0.103699 0.142358 0.192318 0.5258 9.9991E-05
0.181363 9.9991E-05 0.188094 0.374059 0.219253 0.0371326
9.9973E-05 9.9973E-05 0.436585 0.00546072 0.557654 9.9973E-05
9.9982E-05 0.0445085 0.702493 0.145712 0.107087 9.9982E-05
0.0811182 9.9991E-05 0.179134 0.0956164 0.534133 0.109898
0.216055 9.9964E-05 0.783545 9.9964E-05 9.9964E-05 9.9964E-05
0.163796 9.9973E-05 0.809806 0.0260975 9.9973E-05 9.9973E-05
0.0392724 9.9973E-05 0.746953 9.9973E-05 0.213474 9.9973E-05
9.9982E-05 9.9982E-05 0.500072 0.0487361 0.408615 0.042377
0.0618977 0.144264 0.210885 0.0834113 0.456771 0.0427712
9.9982E-05 0.071734 0.511764 0.0892249 0.327077 9.9982E-05
9.9991E-05 0.0945796 0.710631 0.149505 0.032279 0.0129055
9.9991E-05 0.025798 0.564714 0.210444 0.144296 0.0546489
0.0475366 0.00273976 0.334574 0.0768574 0.40188 0.136413
0.0406807 9.9991E-05 0.596748 0.0397951 0.261464 0.061212
0.0189082 0.0340258 0.445085 0.0606886 0.385297 0.0559951
0.0523842 9.9982E-05 0.622756 9.9982E-05 0.319501 0.00515898
0.385077 9.9973E-05 0.598898 0.015725 9.9973E-05 9.9973E-05
0.0155438 0.0338882 0.290367 0.0519043 0.585092 0.0232043
9.9982E-05 0.00890488 9.9982E-05 0.01565 0.139529 0.835716
9.9964E-05 9.9964E-05 9.9964E-05 9.9964E-05 0.0965253 0.903075
9.9973E-05 0.0232801 9.9973E-05 9.9973E-05 0.0959071 0.880513
0.0232117 0.00611579 9.9982E-05 9.9982E-05 0.0503241 0.920148
0.0317947 9.9982E-05 0.0209582 9.9982E-05 0.0492044 0.897843
0.0184842 0.056307 9.9982E-05 9.9982E-05 0.0549826 0.870026
9.9964E-05 9.9964E-05 9.9964E-05 9.9964E-05 0.0694816 0.930119
9.9991E-05 0.0392367 0.282588 0.0258984 0.522881 0.129296
9.9991E-05 0.0967219 0.10025 0.0959462 0.610513 0.0964692
0.0958614 9.9982E-05 0.826007 0.0302668 9.9982E-05 0.0476648
9.9991E-05 0.0714065 0.255042 0.0288261 0.511077 0.133548
9.9982E-05 9.9982E-05 0.503633 0.015784 0.411624 0.0687585
9.9991E-05 0.00381256 0.274095 0.0130329 0.665615 0.0433438
0.0881695 9.9982E-05 0.287784 9.9982E-05 0.535365 0.0884811
9.9973E-05 0.10307 0.506199 9.9973E-05 0.390432 9.9973E-05
9.9973E-05 9.9973E-05 0.7378 0.219375 9.9973E-05 0.0425254
0.149332 0.0928822 0.048314 0.0131007 0.54229 0.15408
0.0356983 9.9991E-05 0.133412 0.0102092 0.678971 0.141609
9.9991E-05 0.0569594 0.226289 0.0602783 0.598142 0.0582319
0.170116 0.00752987 0.574118 9.9982E-05 0.248036 9.9982E-05
0.0842246 9.9982E-05 0.427443 9.9982E-05 0.450055 0.0380772
0.00311445 9.9991E-05 0.375262 0.0976268 0.48015 0.0437467
0.0253354 0.126046 0.61291 9.9982E-05 0.235508 9.9982E-05
9.9982E-05 9.9982E-05 0.552856 0.0362521 0.342353 0.0683384
9.9982E-05 9.9982E-05 0.0933164 0.141688 0.623216 0.141579
0.243082 0.0702803 0.148244 0.296202 0.222443 0.0197486
0.0361681 0.117549 0.0375071 0.324864 0.406204 0.0777077
9.9991E-05 0.0136198 0.102419 0.189315 0.53263 0.161915
0.0749042 0.0728993 0.0549723 0.132576 0.622212 0.0424364
0.0776666 9.9991E-05 0.0928198 0.259469 0.516811 0.0531341
0.0501803 0.0350689 9.9982E-05 0.27567 0.638881 9.9982E-05
9.9982E-05 0.0909695 9.9982E-05 0.426373 0.480251 0.00220651
0.0362777 0.00595571 0.201858 0.183014 0.485305 0.0875891
0.167377 0.0789349 0.0191082 0.124474 0.54507 0.0650364
0.0816645 9.9991E-05 0.150513 0.158885 0.588685 0.0201529
0.0929024 9.9991E-05 0.02626 0.283587 0.592136 0.00501374
0.144697 9.9982E-05 9.9982E-05 0.118838 0.725427 0.0108385
0.0121847 0.184383 0.199469 0.0614298 0.460276 0.0822567
0.0425315 0.0864261 0.0231091 0.21213 0.635703 9.9991E-05
0.102084 0.0588852 9.9991E-05 0.0777428 0.667339 0.0938491
9.9982E-05 0.0900702 0.128203 0.284292 0.497235 9.9982E-05
0.256456 9.9991E-05 0.00600798 0.182243 0.416816 0.138377
0.100208 0.0452543 9.9982E-05 0.190489 0.663849 9.9982E-05
0.0870953 0.0363346 9.9991E-05 0.197379 0.674796 0.00429502
0.0759453 0.140755 0.215839 0.393815 0.173545 9.9991E-05
0.338207 0.103856 0.186831 0.254376 0.11663 9.99974E-05
0.107078 9.9991E-05 0.0383823 0.236687 0.569306 0.0484471
0.369529 0.0922918 0.23284 0.291667 0.0135721 9.9991E-05
0.107935 0.0412844 0.15467 0.428948 0.267063 9.9991E-05
9.9973E-05 9.9973E-05 0.147729 0.345877 0.506094 9.9973E-05
9.9982E-05 9.9982E-05 0.15575 0.453857 0.3603 0.0298924
0.0720084 9.9991E-05 0.153433 0.4337 0.327003 0.0137561
9.9982E-05 9.9982E-05 0.0367886 0.208409 0.646947 0.107655
0.147334 0.114156 0.0576459 0.133087 0.475338 0.0724393
0.0390716 0.0989171 0.150895 0.245271 0.465746 9.9991E-05
0.336598 0.0914705 0.112203 0.331962 0.127666 9.9991E-05
0.0872921 9.9991E-05 0.125972 0.0349736 0.548476 0.203186
0.224811 0.0813635 0.228025 0.0203536 0.416863 0.0285844
0.556267 9.9991E-05 0.0974344 0.200404 0.0497959 0.095998
0.143481 9.9991E-05 0.101582 0.00054837 0.641366 0.112922
0.336581 9.9982E-05 0.141057 9.9982E-05 0.418705 0.103458
0.207336 0.115181 0.0679065 0.0458441 0.510281 0.0534516
0.444494 9.9991E-05 0.086784 0.109456 0.266205 0.0929609
0.429748 9.9991E-05 0.102312 0.173898 0.216643 0.0772989
0.312571 9.9991E-05 0.030452 0.122266 0.489295 0.0453158
0.170904 9.9982E-05 9.9982E-05 0.0833579 0.585902 0.159636
0.166142 0.0646038 9.9991E-05 0.211355 0.466959 0.0908409
0.464204 0.198579 0.241216 0.0831555 9.9991E-05 0.0127456
0.140326 0.0850158 9.9991E-05 0.0724846 0.614033 0.0880407
0.314831 9.9982E-05 0.130626 0.110015 0.444328 9.9982E-05
0.282329 9.9982E-05 0.174044 0.0675507 0.475877 9.9982E-05
0.032692 0.0763199 0.196685 0.142693 0.465393 0.0862173
0.282666 0.306418 9.9991E-05 0.0162478 0.103946 0.290622
0.312123 0.151443 9.9973E-05 9.9973E-05 9.9973E-05 0.536133
0.442614 0.136169 9.9973E-05 9.9973E-05 9.9973E-05 0.420918
0.166358 0.349068 9.9991E-05 0.0224574 0.0745092 0.387508
0.271717 9.9982E-05 0.0465747 0.00187712 0.679631 9.9982E-05
0.276328 0.0340396 0.034377 0.0256701 0.527605 0.101981
9.9982E-05 0.654083 0.00423219 0.0384534 0.303032 9.9982E-05
9.9991E-05 0.498724 0.08433 0.140103 0.26002 0.016723
9.9991E-05 0.351531 0.0113934 0.0513478 0.485032 0.100595
0.508155 0.0385997 0.12595 0.0278526 0.299343 9.9991E-05
0.15832 0.0947039 0.112745 0.116455 0.50732 0.0104551
0.646936 9.9982E-05 0.0345105 0.0584131 0.25994 9.9982E-05
0.258432 9.9982E-05 0.0935439 9.9982E-05 0.598343 0.0494813
0.314361 0.00137175 0.0457599 0.0652692 0.497413 0.0758257
0.273111 0.0751315 9.9991E-05 0.00656817 0.616957 0.0281324
0.62646 9.9982E-05 0.118539 0.0347132 0.220088 9.9982E-05
0.169284 0.15778 0.0337937 9.9982E-05 0.638942 9.9982E-05
0.289492 0.0649749 0.0169378 9.9991E-05 0.575848 0.0526471
0.00417716 0.940319 0.030194 9.9982E-05 0.0251102 9.9982E-05
9.9973E-05 0.89884 9.9973E-05 0.0227962 0.0780639 9.9973E-05
9.9982E-05 0.643522 0.0841671 9.9982E-05 0.240391 0.0317198
9.9973E-05 0.631569 9.9973E-05 0.0207012 0.347429 9.9973E-05
9.9973E-05 0.830825 9.9973E-05 9.9973E-05 0.140755 0.0281205
9.996E-05 0.9995 9.996E-05 9.996E-05 9.996E-05 9.996E-05
9.9964E-05 0.939862 9.9964E-05 0.0597377 9.9964E-05 9.9964E-05
9.9964E-05 0.802108 9.9964E-05 9.9964E-05 0.197492 9.9964E-05
9.9973E-05 0.949953 9.9973E-05 0.0151372 0.0346095 9.9973E-05
9.996E-05 0.9995 9.996E-05 9.996E-05 9.996E-05 9.996E-05
9.996E-05 0.9995 9.996E-05 9.996E-05 9.996E-05 9.996E-05
0.0224769 0.786185 9.9991E-05 0.0341225 0.149112 0.00800335
9.9982E-05 0.841369 9.9982E-05 0.0215273 0.126643 0.010261
9.9964E-05 0.991784 0.0078165 9.9964E-05 9.9964E-05 9.9964E-05
9.9991E-05 0.406957 0.161169 0.0736939 0.31308 0.0450006
9.9991E-05 0.639944 0.0200721 0.0504786 0.246793 0.0426131
9.9991E-05 0.707581 0.0226105 0.0515482 0.12811 0.0900502
9.9982E-05 0.876621 0.00815518 0.0460545 0.0689696 9.9982E-05
9.996E-05 0.9995 9.996E-05 9.996E-05 9.996E-05 9.996E-05
0.0228093 0.892456 9.9991E-05 0.0125945 0.0696464 0.00239388
9.9964E-05 0.990351 9.9964E-05 9.9964E-05 9.9964E-05 0.00924909
9.9982E-05 0.634692 9.9982E-05 0.0363339 0.286189 0.0425848
0.00412122 0.929728 0.0550159 0.00803176 9.9991E-05 0.0030031
0.621515 0.0302732 9.9973E-05 9.9973E-05 9.9973E-05 0.347912
0.192627 0.030575 9.9991E-05 0.0938363 0.440111 0.242751
0.177753 0.0130796 9.9991E-05 0.0403005 0.515122 0.253645
0.499902 0.166262 9.9991E-05 0.0315454 0.135252 0.166938
0.230772 0.112012 0.0387435 0.0679696 0.469111 0.0813921
0.395946 0.0711961 0.0641353 9.9991E-05 0.231689 0.236933
0.278358 0.0898264 0.0224103 0.0117572 0.444324 0.153324
0.370132 0.177454 0.00457953 9.9991E-05 0.290646 0.157088
0.209074 0.12289 0.0194569 0.0726649 0.483423 0.0924902
0.29364 0.183575 9.9982E-05 9.9982E-05 0.357419 0.165166
0.313063 0.120622 9.9991E-05 0.0026176 0.424555 0.139042
0.0189539 9.9982E-05 9.9982E-05 0.0754724 0.0377765 0.867597
0.0201147 0.0598528 0.00851657 0.00846124 9.9991E-05 0.902955
9.9964E-05 9.9964E-05 9.9964E-05 0.0522212 9.9964E-05 0.947379
9.9973E-05 9.9973E-05 9.9973E-05 0.00661472 0.0487705 0.944315
9.9973E-05 0.0367818 9.9973E-05 0.0770656 9.9973E-05 0.885853
0.0251334 0.0849883 0.00216358 9.9982E-05 9.9982E-05 0.887515
9.9982E-05 0.0462914 0.0161612 9.9982E-05 0.0393035 0.898044
0.0466845 9.9982E-05 0.033308 9.9982E-05 0.0161849 0.903623
9.9964E-05 9.9964E-05 0.0519096 9.9964E-05 9.9964E-05 0.94769
0.0295223 0.116582 9.9973E-05 9.9973E-05 9.9973E-05 0.853596
9.9973E-05 9.9973E-05 0.128894 0.259771 9.9973E-05 0.611035
0.0186407 9.9982E-05 0.0635121 0.316119 9.9982E-05 0.601528
0.139185 9.9982E-05 0.036194 0.291447 9.9982E-05 0.532974
0.0679773 9.9982E-05 0.121487 0.320027 9.9982E-05 0.49031
0.0618223 0.0381333 0.237802 0.220691 0.409694 0.0318563
0.0595747 0.0208904 0.35996 0.0433354 0.469125 0.0471145
9.9991E-05 0.0520258 0.28898 0.140975 0.481083 0.036836
0.101608 9.9991E-05 0.278253 0.202487 0.32356 0.093991
0.0533552 0.0309941 0.203491 0.582131 0.129929 9.9991E-05
0.0416819 0.0484317 0.171741 0.050613 0.586182 0.10135
0.00629816 0.0504746 0.35876 0.0951199 0.489247 9.9991E-05
0.0933301 9.9982E-05 0.311488 0.068338 0.526644 9.9982E-05
0.0545715 0.0396974 0.574665 9.9982E-05 0.330866 9.9982E-05
0.0274339 9.9991E-05 0.216446 0.0376502 0.654614 0.0637564
0.0572573 9.9982E-05 0.386404 0.18155 0.374588 9.9982E-05
0.195488 9.9973E-05 0.751771 0.0524408 9.9973E-05 9.9973E-05
0.0619939 0.058281 0.223293 0.0750363 0.542074 0.039322
0.25834 0.0115264 0.515518 9.9991E-05 0.209292 0.00522292
0.102859 0.0293653 0.415162 9.9982E-05 0.452414 9.9982E-05
9.9973E-05 9.9973E-05 0.783563 0.188629 9.9973E-05 0.0275079
0.126785 9.9982E-05 9.9982E-05 0.701086 0.0579763 0.113952
0.109402 9.9982E-05 9.9982E-05 0.703952 0.0912595 0.0951862
0.0862972 9.9973E-05 9.9973E-05 0.885939 9.9973E-05 0.0274639
0.0384286 9.9982E-05 9.9982E-05 0.835477 0.00393244 0.121962
0.0751451 9.9982E-05 9.9982E-05 0.846133 0.0555358 0.0229864
9.9982E-05 0.0674328 9.9982E-05 0.76481 0.0859475 0.0816098
9.9973E-05 9.9973E-05 0.00903291 9.9973E-05 0.100825 0.889842
9.9982E-05 0.0257908 9.9982E-05 0.0265557 0.069384 0.878069
9.9982E-05 0.0700263 9.9982E-05 0.0103887 0.155025 0.76436
9.9982E-05 0.0773756 9.9982E-05 0.0867766 0.0774312 0.758217
9.9991E-05 0.0837448 0.00996502 0.0167442 0.0963346 0.793111
0.0504864 9.9973E-05 9.9973E-05 0.58078 9.9973E-05 0.368434
0.0497145 9.9982E-05 0.056741 0.382291 9.9982E-05 0.511054
9.9973E-05 9.9973E-05 0.0346293 0.520653 9.9973E-05 0.444418
9.9982E-05 0.0108012 9.9982E-05 0.0308305 0.118846 0.839322
0.0551028 9.9982E-05 0.0981283 0.440939 9.9982E-05 0.40563
0.106108 0.320877 9.9982E-05 9.9982E-05 0.320308 0.252507
9.9991E-05 0.254128 0.0598435 0.0326049 0.502839 0.150485
9.9973E-05 0.322832 9.9973E-05 9.9973E-05 0.479739 0.197129
0.158187 0.222338 9.9982E-05 9.9982E-05 0.364548 0.254727
9.9991E-05 0.171002 0.0948202 0.054952 0.504952 0.174174
0.231631 0.330509 9.9973E-05 9.9973E-05 9.9973E-05 0.43756
0.0351393 0.0639935 0.140419 0.378556 0.381792 9.9991E-05
0.256141 9.9982E-05 0.0820124 0.261153 0.400493 9.9982E-05
0.0446895 0.00176032 0.132913 0.478267 0.265518 0.0768526
0.226856 0.0161702 0.0994308 0.171796 0.485647 9.9991E-05
0.621572 9.9973E-05 0.166939 0.211189 9.9973E-05 9.9973E-05
0.0440992 0.0915281 0.116075 0.235488 0.4248 0.0880095
0.130987 9.9991E-05 0.141935 0.175296 0.527315 0.0243671
0.0483126 9.9991E-05 0.155312 0.424565 0.33873 0.0329796
0.0961865 9.9991E-05 0.111883 0.17683 0.546687 0.0683124
0.369494 9.9982E-05 0.196648 0.300143 0.133516 9.9982E-05
0.205195 0.0449377 0.110616 0.167559 0.459773 0.0119194
0.0370601 9.9982E-05 0.0949726 0.314264 0.553504 9.9982E-05
0.171207 0.217002 0.103075 9.9991E-05 0.36128 0.147336
0.173305 9.9982E-05 0.135857 0.317426 0.373211 9.9982E-05
0.0788278 0.0183019 0.105055 0.307736 0.48998 9.9991E-05
0.139397 0.110201 0.11725 0.119191 0.513861 9.9991E-05
0.105531 9.9991E-05 0.153866 0.199806 0.52039 0.0203063
0.0948457 0.0407736 0.125422 0.0775859 0.661273 9.9991E-05
0.0100424 0.105763 0.158782 0.123456 0.511607 0.0903495
0.0524624 0.000368501 0.122947 0.113202 0.594301 0.116719
9.9973E-05 0.0885527 9.9973E-05 9.9973E-05 0.131178 0.779969
9.9982E-05 0.020817 0.0255788 9.9982E-05 0.0789595 0.874445
0.0613718 0.0169069 0.0364978 0.0381999 0.0543696 0.792654
9.9982E-05 0.0244355 0.11387 0.0211126 9.9982E-05 0.840382
9.9964E-05 9.9964E-05 9.9964E-05 9.9964E-05 0.149694 0.849906
0.0512388 0.0798147 0.190352 0.579932 0.098563 9.9991E-05
0.035568 0.117716 0.131817 0.200466 0.469229 0.0452027
0.135342 0.127598 0.0105131 0.0865832 0.459113 0.180851
0.0346534 0.112049 0.0414157 0.178477 0.633305 9.9991E-05
0.00419366 9.9991E-05 0.0753899 0.231701 0.546055 0.14256
0.215605 0.0547552 0.0595847 0.313084 0.321723 0.0352484
0.0980886 9.9982E-05 0.159585 0.581494 9.9982E-05 0.160633
0.0638259 0.0113527 0.0719093 0.272886 0.523709 0.0563175
0.119735 0.113547 0.180514 0.466633 0.0947808 0.0247904
0.14779 0.0280759 0.102072 0.22698 0.447199 0.0478829
0.101483 0.0658652 0.201588 0.506874 0.0335085 0.0906808
9.9991E-05 0.131186 0.127644 0.174444 0.488227 0.0783988
0.0889039 0.0462684 0.149105 0.502802 0.161061 0.0518597
0.173808 0.125895 0.113517 0.323285 0.263394 9.9991E-05
0.1837 0.0752366 0.0194406 0.177429 0.544094 9.9991E-05
0.444173 9.9973E-05 9.9973E-05 0.173209 0.382318 9.9973E-05
0.154424 0.0447576 0.177697 9.99977E-05 0.512652 0.110369
0.186873 0.0275982 0.0653774 0.0345783 0.547701 0.137872
0.51458 9.9973E-05 9.9973E-05 0.0945482 0.390572 9.9973E-05
0.0778486 0.158115 0.176706 0.162719 0.351962 0.072649
0.318368 9.9991E-05 0.009229 0.0857573 0.581284 0.00526161
0.67423 9.9982E-05 0.103692 0.103583 0.118295 9.9982E-05
0.654879 9.9964E-05 9.9964E-05 9.9964E-05 0.344722 9.9964E-05
0.347147 9.9982E-05 9.9982E-05 0.127303 0.500541 0.0248093
0.547512 9.9982E-05 0.119268 0.162446 0.170575 9.9982E-05
0.267073 9.9982E-05 0.12576 0.1461 0.460868 9.9982E-05
0.0736461 0.0624771 0.126494 0.588566 0.148716 9.9991E-05
0.321505 0.000416783 0.0778014 0.340944 0.259233 9.9991E-05
9.9991E-05 0.0961239 0.0868182 0.441092 0.32303 0.0528367
0.00505069 0.0739113 0.0918507 0.226992 0.601209 0.000986794
0.0101954 0.0642477 0.29718 0.442257 0.18602 9.9991E-05
0.172972 0.139781 0.0538749 0.172808 0.445509 0.0150551
0.00323653 0.156382 0.146688 0.186911 0.454989 0.0517926
0.1349 0.0905588 0.0466666 0.245497 0.482278 9.9991E-05
0.00847104 0.115991 0.180821 0.31418 0.380438 9.9991E-05
9.9991E-05 0.0974147 0.152567 0.307826 0.428248 0.0138452
9.9982E-05 0.114747 0.290081 0.476258 0.118714 9.9982E-05
0.0128233 0.112087 0.177063 0.383412 0.307899 0.00671534
0.0585233 0.0120528 0.0166678 0.233776 0.67888 9.9991E-05
0.108053 0.0540181 0.0771291 0.160712 0.594402 0.00568625
0.271411 9.9982E-05 9.9982E-05 0.1555 0.498143 0.0747452
0.134954 0.0562541 9.9982E-05 0.257368 0.551224 9.9982E-05
0.0680829 9.9982E-05 9.9982E-05 0.399649 0.463645 0.0684239
9.9991E-05 0.120883 0.144145 0.228169 0.478737 0.0279661
0.0498865 0.126439 0.0987145 0.290025 0.434836 9.9991E-05
0.202474 0.136186 0.0438433 0.127197 0.423745 0.0665542
0.0910155 0.180774 0.0331298 9.9991E-05 0.372659 0.322321
0.134605 0.222521 0.110052 9.9991E-05 0.378086 0.154637
0.179789 0.177028 9.9982E-05 9.9982E-05 0.462472 0.180511
0.0333423 0.174453 0.0616823 0.0958051 0.517013 0.117704
9.9982E-05 0.247808 0.183072 9.9982E-05 0.34832 0.220601
0.223123 9.9982E-05 0.0121815 0.210941 0.553554 9.9982E-05
0.021639 0.142608 0.139105 0.0572997 0.442207 0.197142
0.46953 0.123999 0.136351 9.9991E-05 0.0154614 0.254559
0.0593434 0.13407 9.9991E-05 0.087023 0.559923 0.15954
0.0717274 0.0956422 0.0614829 0.0219471 0.611992 0.137209
0.0531874 0.235819 0.107213 0.0531194 0.503008 0.0476533
0.286061 0.129809 0.00458963 0.0301896 0.343941 0.20541
0.120652 0.157478 9.9982E-05 9.9982E-05 0.526405 0.195265
0.142844 0.166438 9.9982E-05 9.9982E-05 0.509597 0.180922
0.339583 0.170472 9.9973E-05 9.9973E-05 9.9973E-05 0.489645
9.9982E-05 0.167042 0.000532662 9.9982E-05 0.569569 0.262656
0.0271838 0.169726 0.0678836 0.00157652 0.567187 0.166443
0.143648 0.129111 0.00320986 9.9991E-05 0.593461 0.13047
0.0816928 0.149827 9.9982E-05 9.9982E-05 0.595894 0.172386
0.162161 0.145665 0.04952 0.0482656 0.485657 0.108731
0.183767 0.0643661 0.202156 0.0677598 0.46744 0.0145114
0.168271 0.047275 0.0389842 0.0831155 0.526173 0.136182
0.565816 9.9982E-05 0.316668 0.0646028 0.0527131 9.9982E-05
0.6792 9.9982E-05 0.185198 0.0971656 0.0382369 9.9982E-05
0.13431 0.100094 0.160846 0.0940532 0.45149 0.0592074
0.183042 0.258714 9.9982E-05 9.9982E-05 0.414666 0.143379
0.239988 0.385633 0.0110446 9.9991E-05 0.309002 0.0542314
0.28276 0.321168 0.0375033 9.9991E-05 0.174707 0.183762
0.183107 0.230451 9.9982E-05 9.9982E-05 0.360488 0.225755
0.7414 0.100527 9.9982E-05 9.9982E-05 0.149724 0.00814778
0.556751 0.145963 0.0879832 9.9991E-05 0.171824 0.0373786
0.158487 0.150381 0.110424 9.9982E-05 0.580509 9.9982E-05
0.151981 0.144689 0.12363 0.0929996 0.450089 0.0366123
0.515092 0.0675981 0.0235361 9.9991E-05 0.331205 0.0624691
0.173934 0.14622 0.120572 0.0712126 0.41038 0.0776803
0.224201 0.0775687 0.0779046 9.9982E-05 0.620125 9.9982E-05
0.0617823 0.224368 0.0848742 0.145251 0.403589 0.0801352
0.422803 9.9982E-05 0.0670244 0.131656 0.378317 9.9982E-05
0.294442 0.0467889 0.252653 0.0577374 0.348278 9.9991E-05
0.104177 0.0273726 0.156412 0.122798 0.583477 0.00576311
0.276251 0.0994031 0.0857521 0.159727 0.367796 0.0110707
0.255168 0.0699578 9.9991E-05 0.106229 0.495482 0.0730635
0.453424 9.9982E-05 0.0159501 0.0190154 0.511411 9.9982E-05
0.52766 9.9982E-05 0.064687 0.121319 0.286135 9.9982E-05
0.185181 0.0343348 0.240544 9.9991E-05 0.531096 0.00874448
0.117218 0.173994 0.149658 0.104275 0.369096 0.0857583
0.445588 9.9982E-05 0.199658 0.0598859 0.294668 9.9982E-05
0.39005 9.9991E-05 0.138529 0.0228953 0.445629 0.00279665
0.139484 9.9982E-05 0.157336 9.9982E-05 0.582805 0.120175
0.203806 9.9982E-05 0.241527 0.0699217 0.484546 9.9982E-05
0.0292628 0.220054 0.145357 0.0470065 0.394043 0.164277
0.190911 0.134402 9.9991E-05 0.0777171 0.428149 0.168721
0.1969 0.24877 9.9991E-05 0.0475214 0.333405 0.173303
0.103118 0.160451 9.9991E-05 0.105705 0.433928 0.196698
0.131703 0.165847 9.9991E-05 0.08221 0.544591 0.0755485
0.168747 0.212946 0.0671419 9.9991E-05 0.416174 0.134891
0.561021 0.16094 0.0627397 0.0465341 9.9991E-05 0.168665
0.125092 0.185522 9.9991E-05 0.00257188 0.631522 0.0551911
0.514229 0.118504 9.9973E-05 9.9973E-05 9.9973E-05 0.366967
0.238285 0.179449 0.00271913 9.9991E-05 0.574504 0.00494231
0.592638 9.9973E-05 0.310512 9.9973E-05 0.0965499 9.9973E-05
0.592022 9.9973E-05 0.384748 0.0229309 9.9973E-05 9.9973E-05
0.332585 9.9982E-05 0.1269 0.0186716 0.521643 9.9982E-05
0.198908 9.9982E-05 0.0742846 9.9982E-05 0.680144 0.0464641
0.350957 9.9982E-05 0.112455 0.0507088 0.485679 9.9982E-05
0.185702 9.9982E-05 0.192905 0.0209877 0.600204 9.9982E-05
0.355783 9.9973E-05 0.0720004 9.9973E-05 0.571917 9.9973E-05
0.0410396 0.00980042 9.9982E-05 9.9982E-05 0.123644 0.825316
0.00566122 0.129896 0.0120094 0.121728 0.0151478 0.715558
9.9973E-05 0.0493938 9.9973E-05 0.0102649 9.9973E-05 0.940041
0.025044 9.9973E-05 9.9973E-05 9.9973E-05 0.0510181 0.923638
0.084234 0.0146668 0.385601 0.0321742 0.408055 0.0752686
0.0125927 0.054847 0.373366 0.0866476 0.389773 0.0827735
9.9973E-05 9.9973E-05 0.492658 9.9973E-05 0.459961 0.0470813
9.9991E-05 0.0350967 0.281137 0.0469426 0.54143 0.0952941
0.0689787 9.9991E-05 0.151174 0.11063 0.53721 0.131906
0.0996242 9.9991E-05 0.615832 0.100723 0.166112 0.017609
9.9982E-05 9.9982E-05 0.365491 0.0250809 0.556343 0.0528852
0.208277 9.9973E-05 0.438237 9.9973E-05 0.353186 9.9973E-05
0.00066458 0.136168 0.0526514 0.0814316 0.497883 0.231201
0.0880782 0.0687142 0.442547 0.00536787 0.395192 9.9991E-05
0.00848559 0.0113573 0.587435 0.101114 0.279304 0.0123039
9.9964E-05 9.9964E-05 0.407434 9.9964E-05 0.592166 9.9964E-05
0.134176 9.9991E-05 0.430004 0.00609396 0.394387 0.035239
0.0446033 0.0259086 0.374444 9.9982E-05 0.554844 9.9982E-05
0.0198745 9.9991E-05 0.360608 0.0145515 0.523171 0.0816953
0.0863111 9.9973E-05 0.885108 9.9973E-05 0.0282805 9.9973E-05
0.21258 0.0722315 0.57608 0.00291897 0.136089 9.9991E-05
0.00834242 9.9991E-05 0.659211 0.012626 0.263255 0.0564659
0.303769 9.9964E-05 0.695831 9.9964E-05 9.9964E-05 9.9964E-05
9.9991E-05 0.0248985 0.493237 0.109936 0.347644 0.0241848
0.359618 9.9973E-05 0.583108 9.9973E-05 0.0569746 9.9973E-05
0.377618 9.9973E-05 0.604746 9.9973E-05 9.9973E-05 0.0173363
9.9982E-05 0.0828925 0.396062 9.9982E-05 0.517413 0.00343254
9.9991E-05 0.0525673 0.740151 0.0701937 0.0951261 0.041862
9.9982E-05 0.103715 0.500319 0.110823 0.284944 9.9982E-05
0.00209079 0.215736 0.218718 0.0546981 0.446663 0.0620942
9.9982E-05 9.9982E-05 0.457808 0.0594127 0.478883 0.00369681
0.262143 0.0416343 0.0751124 0.249233 0.371778 9.9991E-05
0.0171826 0.0276002 0.398297 0.0700642 0.486756 9.9991E-05
9.9982E-05 9.9982E-05 0.396729 0.0147603 0.503048 0.0852623
0.08298 9.9973E-05 0.652553 9.9973E-05 0.264167 9.9973E-05
0.029056 0.0116957 0.216259 0.0792457 0.555066 0.108678
0.0410487 0.0166665 9.9982E-05 0.312555 9.9982E-05 0.62953
0.00768533 9.9991E-05 0.104607 0.0706691 0.0302306 0.786708
0.0662157 9.9973E-05 9.9973E-05 0.108186 9.9973E-05 0.825298
0.0140155 9.9982E-05 0.0185397 0.158992 9.9982E-05 0.808253
9.9973E-05 9.9973E-05 9.9973E-05 0.259532 0.0366878 0.70348
9.9982E-05 9.9982E-05 0.821315 0.0658069 0.0525842 0.0600942
0.0268137 9.9991E-05 0.708581 0.0672772 0.103125 0.094103
0.11478 0.0275852 0.783106 9.9982E-05 0.0743286 9.9982E-05
0.013527 0.181777 0.142038 0.025979 0.528978 0.1077
9.9991E-05 0.0538019 0.181009 0.0176201 0.517919 0.22955
0.103333 0.0415717 0.572426 9.9991E-05 0.212638 0.0699306
0.0574271 0.11986 0.330125 9.9982E-05 0.492387 9.9982E-05
0.120051 0.0618699 0.424768 9.9991E-05 0.358663 0.0345481
0.0265099 0.0624108 0.287953 0.0701796 0.495838 0.0571082
0.024602 9.9991E-05 0.24978 0.100444 0.57967 0.0454037
9.9982E-05 0.0539464 0.680939 0.1237 0.141214 9.9982E-05
0.00894846 9.9991E-05 0.620537 0.0508008 0.310116 0.00949706
9.9982E-05 0.0289315 0.634553 0.0533714 0.282944 9.9982E-05
0.203166 9.9982E-05 0.0504927 9.9982E-05 0.636471 0.109671
9.9973E-05 9.9973E-05 0.566563 9.9973E-05 0.370447 0.0626895
9.9982E-05 9.9982E-05 0.376123 0.0569347 0.492046 0.0746971
0.172648 0.413145 9.9991E-05 0.0142915 0.358505 0.0413112
0.0452455 0.507901 0.006573 9.9991E-05 0.348244 0.0919373
0.0673751 0.424115 9.9982E-05 9.9982E-05 0.473596 0.0347139
0.136622 0.479979 9.9982E-05 9.9982E-05 0.274303 0.108895
0.0682608 0.225535 0.0214964 9.9991E-05 0.534299 0.150308
0.19088 9.9982E-05 0.257392 9.9982E-05 0.494991 0.0565374
0.00593558 0.644 9.9982E-05 9.9982E-05 0.0567585 0.293106
0.0252952 0.464864 0.0282468 9.9991E-05 0.319038 0.162457
0.198587 0.246845 9.9982E-05 9.9982E-05 0.41915 0.135218
0.140169 9.9991E-05 0.0315967 0.0400117 0.634148 0.153975
0.280771 0.0322093 0.0448362 0.0721321 0.447489 0.122563
0.122891 0.0171898 0.0415776 0.0986958 0.602443 0.117203
0.131579 0.0716411 0.134026 0.0368281 0.535847 0.0900788
9.9973E-05 0.431245 9.9973E-05 9.9973E-05 0.343273 0.225182
0.0639211 0.408562 0.0667675 0.0252228 0.309971 0.125556
0.00611459 0.527323 9.9982E-05 9.9982E-05 0.392251 0.0741115
0.0121266 0.287878 0.055594 0.0890395 0.430335 0.125027
0.00524007 0.512357 9.9982E-05 9.9982E-05 0.36849 0.113712
9.9991E-05 0.362246 0.0701972 0.0519884 0.370644 0.144825
0.0561486 0.514342 9.9982E-05 9.9982E-05 0.27386 0.15545
0.0669716 0.423546 9.9991E-05 0.0356001 0.446328 0.0274543
0.244374 0.0170616 0.0404814 9.9991E-05 0.576106 0.121877
0.151319 0.391703 9.9982E-05 9.9982E-05 0.289237 0.167541
0.0175716 0.633738 9.9982E-05 9.9982E-05 0.17982 0.168671
0.142355 0.376474 0.172131 9.9991E-05 0.190557 0.118383
0.334892 9.9991E-05 0.0742829 0.271923 0.208046 0.110757
0.257015 0.138227 0.00723886 9.9991E-05 0.571747 0.0256728
0.0182118 0.273666 0.0248688 0.05113 0.508258 0.123866
0.14001 0.0283592 9.9991E-05 0.106602 0.653201 0.0717284
0.15645 0.0103166 0.0845849 0.0336913 0.482829 0.232129
0.082493 0.297161 0.148478 0.0252155 0.250438 0.196214
0.142665 0.261007 9.9991E-05 0.00877127 0.337811 0.249647
0.0873825 0.00198896 9.9991E-05 0.0151816 0.678565 0.216782
0.0416868 0.344317 9.9991E-05 0.0108998 0.418097 0.1849
9.9973E-05 0.449712 9.9973E-05 9.9973E-05 0.438041 0.111947
0.0257683 0.574883 9.9982E-05 9.9982E-05 0.215215 0.183933
0.125411 0.0382364 0.0807724 9.9991E-05 0.642027 0.113453
0.163163 9.9991E-05 0.191321 0.065467 0.43662 0.143329
0.678879 0.0445601 9.9982E-05 9.9982E-05 0.160904 0.115456
0.0874232 0.15918 9.9991E-05 0.102161 0.523974 0.127161
0.162943 0.0546223 0.0970452 0.2348 0.384029 0.0665605
0.0737623 0.154018 0.0898595 0.0704792 0.414954 0.196927
0.0584 0.184614 0.177122 0.147861 0.35011 0.0818927
0.492898 0.20814 9.9973E-05 9.9973E-05 9.9973E-05 0.298661
0.591357 0.101215 9.9973E-05 9.9973E-05 9.9973E-05 0.307129
0.372655 0.0965034 9.9991E-05 0.0465698 0.337934 0.146238
0.408455 0.167314 0.024889 9.9991E-05 0.0358785 0.363364
0.385664 0.225103 9.9973E-05 9.9973E-05 9.9973E-05 0.388933
0.327215 0.131484 0.00257896 9.9991E-05 0.386661 0.15196
0.237068 0.15403 0.0374699 9.9991E-05 0.382449 0.188883
0.35351 0.191818 0.0667622 9.9991E-05 0.125851 0.261959
0.416651 0.113174 9.9982E-05 9.9982E-05 0.164 0.305975
0.166303 0.0836478 0.0314063 0.00140798 0.575995 0.14124
0.460701 0.0966573 0.0359833 9.9991E-05 0.185626 0.220933
0.51027 0.0501236 9.9973E-05 9.9973E-05 9.9973E-05 0.439307
0.0258741 0.16997 0.0411244 0.133853 0.502241 0.126937
0.268933 0.24099 9.9982E-05 9.9982E-05 0.344362 0.145515
9.9991E-05 0.173747 0.126093 0.0611092 0.353038 0.285913
0.0901343 0.231342 9.9982E-05 9.9982E-05 0.520645 0.157679
0.0232924 0.192796 0.124419 0.0808415 0.442547 0.136104
0.0252497 0.150771 0.0852221 0.0203896 0.551337 0.16703
0.139043 0.289531 0.0300925 9.9991E-05 0.419655 0.121579
0.0705633 0.245637 0.000761989 0.0129881 0.332779 0.33727
9.9991E-05 0.153828 0.0451044 0.0284958 0.543248 0.229223
0.00054744 0.259038 0.0840756 9.9991E-05 0.447139 0.2091
0.227003 0.202725 9.9991E-05 0.0164945 0.330658 0.22302
0.0641852 0.186348 0.315604 0.0831317 0.178886 0.171844
0.0204873 0.0741149 0.147802 0.0533155 0.563838 0.140443
0.108353 0.10951 0.0364525 0.0830833 0.50253 0.160071
0.046632 0.0819784 0.196995 9.9991E-05 0.549576 0.124719
0.0684548 0.297009 9.9982E-05 9.9982E-05 0.361799 0.272538
0.0540257 0.218777 0.00350862 0.00805531 0.530932 0.184702
0.278882 0.260548 9.9982E-05 9.9982E-05 0.126039 0.334332
0.0465093 0.320557 9.9991E-05 0.0477622 0.399674 0.185397
0.256907 0.320233 0.0209747 9.9991E-05 0.172837 0.228949
0.100302 9.9973E-05 9.9973E-05 0.123825 9.9973E-05 0.775574
9.9982E-05 9.9982E-05 0.0393199 0.689369 0.18162 0.0894907
9.996E-05 9.996E-05 9.996E-05 0.9995 9.996E-05 9.996E-05
9.9964E-05 9.9964E-05 9.9964E-05 0.987509 9.9964E-05 0.012091
9.9964E-05 9.9964E-05 9.9964E-05 0.973827 0.0257728 9.9964E-05
9.9973E-05 0.0358312 9.9973E-05 0.927654 0.0362146 9.9973E-05
0.0104791 9.9982E-05 9.9982E-05 0.903708 0.0828505 0.00276255
9.9973E-05 9.9973E-05 0.0067019 0.890624 9.9973E-05 0.102375
9.9973E-05 0.0229339 9.9973E-05 0.790599 9.9973E-05 0.186167
9.9982E-05 0.052052 0.0116346 0.0594007 9.9982E-05 0.876713
9.9982E-05 0.029786 9.9982E-05 0.109149 0.0233429 0.837522
9.9982E-05 0.0871077 0.0638646 9.9982E-05 0.00230106 0.846527
0.0541228 9.9982E-05 9.9982E-05 0.114206 0.0322744 0.799196
9.9982E-05 0.0902501 0.0220655 0.0385252 9.9982E-05 0.848959
9.9964E-05 9.9964E-05 9.9964E-05 0.073958 9.9964E-05 0.925642
9.9982E-05 0.140892 9.9982E-05 0.0737413 0.0558359 0.729331
9.9973E-05 0.0395921 9.9973E-05 9.9973E-05 0.0835508 0.876557
9.9982E-05 0.0998574 0.00280998 0.212915 9.9982E-05 0.684217
9.9973E-05 0.067915 9.9973E-05 9.9973E-05 0.00767122 0.924114
9.9973E-05 9.9973E-05 0.0358138 0.00521274 9.9973E-05 0.958674
9.9982E-05 0.0800198 0.0578674 0.0198129 9.9982E-05 0.8421
9.9973E-05 0.0209022 9.9973E-05 0.0347156 9.9973E-05 0.944082
9.9964E-05 9.9964E-05 9.9964E-05 9.9964E-05 0.0944463 0.905154
9.9991E-05 0.0716957 0.03107 0.0392065 0.00907792 0.84885
9.9964E-05 9.9964E-05 9.9964E-05 9.9964E-05 0.127926 0.871674
9.9973E-05 0.135367 9.9973E-05 9.9973E-05 0.102009 0.762324
9.9973E-05 0.103246 9.9973E-05 9.9973E-05 0.148217 0.748237
9.9973E-05 0.034872 9.9973E-05 9.9973E-05 0.146616 0.818212
0.273904 0.00179158 0.0154703 0.0921893 0.48235 0.134295
0.145638 9.9991E-05 0.0617916 0.0351913 0.692946 0.0643326
0.0771699 0.0431767 0.0977254 0.0490388 0.576185 0.156704
0.657436 9.9991E-05 0.0596763 0.0515547 0.176596 0.0546369
0.168491 9.9991E-05 0.0827536 0.0933354 0.559207 0.0961129
0.740358 0.000812832 9.9982E-05 9.9982E-05 0.126867 0.131762
0.186077 9.9982E-05 9.9982E-05 0.0440174 0.644899 0.124807
0.179526 9.9991E-05 0.11693 0.195975 0.407495 0.0999744
0.0777919 0.00759791 0.168698 0.0779223 0.527557 0.140433
0.020594 9.9991E-05 0.396137 0.0144085 0.489902 0.0788591
0.175408 9.9991E-05 0.0653221 0.149731 0.511599 0.0978404
0.268567 9.9982E-05 0.00626951 9.9982E-05 0.637117 0.0878464
0.229714 9.9991E-05 0.0257866 0.109001 0.612161 0.0232369
0.248299 0.0681897 0.151703 0.446963 0.0847457 9.9991E-05
0.872962 9.9973E-05 9.9973E-05 0.125883 0.000855538 9.9973E-05
0.682838 0.00175995 9.9991E-05 0.0988512 0.174607 0.0418441
0.114577 0.0670054 9.9991E-05 0.0634635 0.630176 0.124678
0.342085 0.0217093 9.9982E-05 9.9982E-05 0.555692 0.0803143
0.180555 9.9991E-05 0.112774 0.00817224 0.510528 0.187871
0.164584 0.0577732 0.101983 9.9991E-05 0.596327 0.0792327
0.156516 0.115889 9.9982E-05 9.9982E-05 0.536983 0.190412
9.9982E-05 0.148516 9.9982E-05 0.0805959 0.581082 0.189606
0.115858 0.0948609 0.0291703 0.15506 0.169596 0.435455
9.9991E-05 0.0399028 0.119591 0.10504 0.640882 0.0944855
0.0795035 0.0920225 0.00538947 0.0993649 0.476298 0.247422
0.413518 0.160117 9.9973E-05 9.9973E-05 9.9973E-05 0.426064
0.258829 0.24479 9.9982E-05 9.9982E-05 0.26967 0.226511
0.0618404 0.16926 0.100068 0.0592252 0.231224 0.378383
9.9991E-05 0.152413 0.104158 0.0562979 0.369223 0.317808
9.9991E-05 0.273774 0.048076 0.142633 0.455224 0.080193
0.0356575 0.125674 0.0406383 0.0582187 0.51082 0.228992
0.0804679 0.0856462 0.0351387 0.0533367 0.593253 0.152157
0.256092 0.146193 9.9991E-05 0.043583 0.412957 0.141075
0.0763099 0.227653 0.0119451 9.9991E-05 0.226789 0.457203
