9.9982E-05 0.0359004 0.0249653 0.0418165 0.88745 0.0096675 9.9982E-05
0.0531566 9.9964E-05 9.9964E-05 0.0314476 0.914996 9.9964E-05 9.9964E-05
9.9982E-05 0.000326183 0.140659 0.0542568 0.78498 0.019578 9.9982E-05
9.9973E-05 0.0561843 0.10598 0.0669011 0.770635 9.9973E-05 9.9973E-05
0.0485791 0.0347495 0.0555507 0.00938925 0.851531 9.9982E-05 9.9982E-05
9.999E-05 0.0241018 0.0677449 0.132161 0.579284 0.16306 0.0335482
9.9982E-05 9.9982E-05 0.0148816 0.0577923 0.85399 0.0614152 0.0117212
9.9973E-05 9.9973E-05 0.0408069 0.16998 0.697516 0.0913971 9.9973E-05
0.00432581 9.9982E-05 9.9982E-05 0.108969 0.830132 0.0486427 0.00773106
0.0100327 0.148132 0.0239358 0.0200941 0.683436 0.0931199 0.0212491
9.9982E-05 0.0193243 9.9982E-05 0.0879602 0.718373 0.14438 0.029763
9.9973E-05 0.0966069 0.136172 0.516288 9.9973E-05 9.9973E-05 0.250633
0.0705799 0.475619 0.10585 0.332417 0.00226227 0.0107057 0.00256625
0.0437703 0.172105 0.11997 0.481229 0.0518739 9.9991E-05 0.130952
0.123442 0.238321 0.164985 0.365968 0.030523 0.0354296 0.0413309
0.0250457 0.254795 0.190423 0.246407 0.0995436 0.0332642 0.150521
9.9991E-05 0.548199 0.11037 0.238287 0.0461544 0.00930305 0.0475862
0.0230692 0.406865 0.131713 0.219341 9.9982E-05 9.9982E-05 0.218812
9.9982E-05 0.269148 0.0711684 0.32094 0.143716 9.9982E-05 0.194828
9.9982E-05 9.9982E-05 0.0881194 0.611106 0.0154066 0.123898 0.16127
0.0886074 0.243842 0.133613 0.249963 0.0207455 0.0115594 0.25167
0.0169282 0.462131 0.0467839 0.2445 9.9982E-05 0.229457 9.9982E-05
9.9982E-05 0.519141 0.0506003 0.197687 9.9982E-05 0.060182 0.17219
9.9982E-05 0.201458 0.144053 0.342435 9.9982E-05 0.0575395 0.254314
0.106141 0.522361 0.0769738 0.0834532 0.0564392 0.0406613 0.113971
0.0473074 0.433077 0.131847 0.172309 0.0133477 0.114436 0.0876749
0.0200745 0.138603 0.126539 0.516051 9.9991E-05 0.0202895 0.178343
9.9982E-05 0.165245 0.19038 0.403109 9.9982E-05 0.0753713 0.165695
0.0445394 0.233283 9.9991E-05 0.415214 0.0142647 0.132013 0.160586
9.9964E-05 0.120146 0.0553508 9.9964E-05 0.824104 9.9964E-05 9.9964E-05
9.9955E-05 0.22671 9.9955E-05 9.9955E-05 0.772791 9.9955E-05 9.9955E-05
9.9982E-05 0.139015 0.0682972 0.0287356 0.755697 9.9982E-05 0.00805556
9.9982E-05 0.0834804 0.0993137 9.9982E-05 0.713154 0.0127053 0.0911469
0.0270145 0.510615 9.9991E-05 0.109077 0.0309277 0.037165 0.285101
0.019169 0.509097 9.9982E-05 0.0932336 0.0584469 9.9982E-05 0.319853
0.0076527 0.549181 9.9982E-05 9.9982E-05 0.0641674 0.00523138 0.373568
9.999E-05 0.122846 0.0422303 0.593026 0.0755163 0.00794681 0.158335
0.0885199 0.290439 9.9982E-05 9.9982E-05 0.0540671 0.0340312 0.532743
0.0280647 0.486566 0.0223241 0.0689654 0.0465104 9.9991E-05 0.34747
0.0098281 0.67409 0.0387191 9.9991E-05 0.0300016 0.0266984 0.220563
9.9982E-05 0.562348 9.9982E-05 0.093723 0.0983195 0.139859 0.10555
9.9982E-05 0.564235 9.9982E-05 0.12947 0.121163 0.00635846 0.178573
9.9982E-05 0.0199925 0.0445557 0.133519 0.0548421 9.9982E-05 0.746891
9.999E-05 0.547497 0.096816 0.035472 0.0142106 0.219603 0.0863015
9.9991E-05 0.539514 0.0393775 0.0133526 0.0270578 0.0102958 0.370302
0.0260626 0.626704 9.9991E-05 0.0875643 0.170787 0.0548387 0.0339435
0.116388 0.273593 9.9973E-05 9.9973E-05 9.9973E-05 0.000821976 0.608898
0.0588001 0.500317 0.0611951 9.9982E-05 0.0633835 9.9982E-05 0.316104
0.0701449 0.424446 0.126191 9.9991E-05 0.0683404 0.0408335 0.269945
0.0772911 9.9973E-05 9.9973E-05 9.9973E-05 0.0761495 0.218295 0.627964
0.0433668 0.173752 9.9982E-05 0.390067 9.9982E-05 0.130515 0.262099
0.165688 0.00968631 0.0590766 0.203456 9.9991E-05 0.303461 0.258532
0.0430508 0.625652 9.9991E-05 0.0770257 0.0817433 0.0812208 0.0912078
0.170548 0.67952 9.9982E-05 0.011782 0.0582609 0.0796892 9.9982E-05
0.0231607 0.570681 9.9991E-05 0.0900264 0.123848 0.121488 0.0706962
0.0951763 0.180031 9.9991E-05 0.367701 0.103467 0.0630711 0.190454
0.0339142 0.529534 0.0246737 0.262987 0.0224103 0.0141239 0.112357
9.9991E-05 0.529106 0.140306 0.113589 0.0558348 0.0688114 0.0922529
0.0854892 0.322111 0.0378871 0.233401 0.0447101 0.06911 0.207291
0.0349935 0.098379 0.050515 0.397664 0.174879 0.148601 0.0949682
9.9991E-05 0.46 0.0658943 0.105391 0.0934044 0.0140053 0.261206
0.086279 0.396321 0.0772351 0.22545 0.0725063 0.104039 0.0381705
0.0142183 9.9982E-05 9.9982E-05 0.523903 0.0589053 0.117883 0.284891
0.0898023 0.478771 0.0337918 0.228066 9.9991E-05 0.0620575 0.107411
0.10757 0.710001 0.0224919 0.0384526 0.0579194 0.0315188 0.0320465
0.130252 0.486695 0.136474 0.246279 9.9973E-05 9.9973E-05 9.9973E-05
0.0924326 0.194026 0.115509 0.27564 0.0603161 0.0598875 0.202188
0.100501 0.47277 0.0345362 0.222582 9.9991E-05 0.0424108 0.1271
0.161226 0.658553 9.9982E-05 0.0777827 0.0772947 9.9982E-05 0.0249438
0.131076 0.183836 9.9982E-05 0.413031 9.9982E-05 0.165185 0.106672
9.9964E-05 0.535491 9.9964E-05 0.0456166 9.9964E-05 9.9964E-05 0.418492
9.9964E-05 0.196879 9.9964E-05 0.0801822 9.9964E-05 9.9964E-05 0.722539
0.0618388 0.46664 0.0740096 0.0808171 0.00681119 0.114256 0.195627
9.9955E-05 9.9955E-05 9.9955E-05 9.9955E-05 9.9955E-05 0.146589 0.852911
0.128127 9.9973E-05 9.9973E-05 0.057494 9.9973E-05 0.0895602 0.724518
0.061429 0.239902 9.9964E-05 9.9964E-05 9.9964E-05 9.9964E-05 0.698269
0.00991891 0.479225 9.9982E-05 0.05742 9.9982E-05 0.00777948 0.445457
0.0423178 0.573785 0.0135883 0.0547186 0.14511 9.9991E-05 0.170381
9.9982E-05 0.404099 0.0513649 0.0452163 9.9982E-05 0.0714224 0.427698
9.9982E-05 0.0854776 0.0466121 0.0961547 0.0396503 9.9982E-05 0.731905
0.0243219 0.155078 9.9982E-05 0.25474 0.0288976 9.9982E-05 0.536762
0.0165299 0.519417 0.0490257 0.126103 0.1321 9.9991E-05 0.156724
9.9982E-05 0.24527 0.0361823 0.0812961 0.00883249 9.9982E-05 0.628219
9.9982E-05 0.419515 0.00131309 0.0801851 0.0251026 9.9982E-05 0.473684
0.0758677 0.298302 9.9964E-05 9.9964E-05 9.9964E-05 9.9964E-05 0.62543
0.123812 9.9973E-05 9.9973E-05 0.00893279 9.9973E-05 0.233802 0.633154
9.9991E-05 0.458875 0.112395 0.0903346 0.013471 0.051335 0.27349
9.9982E-05 0.0433027 0.0614566 0.0590797 0.80041 9.9982E-05 0.0355506
9.9955E-05 0.105544 9.9955E-05 9.9955E-05 0.893957 9.9955E-05 9.9955E-05
9.9955E-05 0.130748 9.9955E-05 9.9955E-05 0.868752 9.9955E-05 9.9955E-05
9.9973E-05 0.0238962 0.0161719 9.9973E-05 0.909177 0.050455 9.9973E-05
9.9973E-05 0.0789766 9.9973E-05 9.9973E-05 0.882959 0.0293847 0.00838001
0.0118626 0.0774558 9.9973E-05 9.9973E-05 0.887398 0.0229837 9.9973E-05
9.9973E-05 0.051316 0.0167127 9.9973E-05 0.878898 9.9973E-05 0.0527732
9.9982E-05 0.478126 0.0482868 9.9982E-05 0.111823 0.0198584 0.341706
0.0392179 0.461108 0.111217 0.154817 0.0983608 9.9991E-05 0.13518
0.039494 9.9973E-05 9.9973E-05 0.0502021 0.0384997 9.9973E-05 0.871504
9.9982E-05 0.655196 9.9982E-05 0.0208595 0.119492 0.0410788 0.163174
9.9973E-05 0.390871 9.9973E-05 0.0278902 0.0466073 9.9973E-05 0.534332
9.9973E-05 0.654605 9.9973E-05 9.9973E-05 0.0507282 0.0100596 0.284307
0.0941329 0.530054 9.9982E-05 9.9982E-05 0.033433 0.0506463 0.291534
0.0417741 0.440927 0.037927 9.9982E-05 0.02846 9.9982E-05 0.450712
0.01059 9.9973E-05 9.9973E-05 0.1893 0.0406562 9.9973E-05 0.759154
0.123856 0.516677 0.102234 0.144045 0.0207735 0.0178332 0.0745807
0.054898 0.624772 0.0524506 0.0380541 0.0541341 0.0976884 0.0780032
9.9991E-05 0.568977 0.103986 0.149519 0.0711313 0.0360038 0.0702824
0.0460178 0.176465 0.0532747 9.9982E-05 9.9982E-05 0.196018 0.528024
0.137513 0.49515 9.9964E-05 9.9964E-05 9.9964E-05 9.9964E-05 0.366937
0.00446792 0.402994 0.0361539 0.0795004 0.0446902 0.00151436 0.430679
0.0555292 0.268031 0.0873753 9.9973E-05 9.9973E-05 9.9973E-05 0.588764
9.9973E-05 0.470198 9.9973E-05 0.114716 0.0110503 9.9973E-05 0.403736
0.0324371 0.499775 9.9991E-05 0.0894702 0.144115 0.0191232 0.21498
0.324205 0.161813 0.0376404 0.292821 0.0172281 0.0794486 0.0868444
9.9991E-05 0.366773 0.0699002 0.341273 0.0816869 0.128053 0.0122147
0.186919 0.512988 0.0741704 0.11851 0.0889582 9.9991E-05 0.0183539
0.192854 0.493623 0.0587541 0.115869 0.0611681 0.0056737 0.0720579
0.0671486 0.495311 9.9973E-05 0.411603 0.0256373 9.9973E-05 9.9973E-05
0.0773808 0.605472 0.045919 0.250838 9.9982E-05 0.0201896 9.9982E-05
0.149496 0.415327 0.00967943 0.369807 0.0476359 9.9991E-05 0.00795419
0.0928453 0.512578 9.9991E-05 0.16338 0.028998 0.0689788 0.13312
0.0803291 0.514521 0.050147 0.13201 0.0692764 0.0715464 0.0821705
9.9982E-05 0.593594 9.9982E-05 0.208061 0.0382689 0.0461904 0.113686
0.093598 0.500192 9.9973E-05 0.387683 9.9973E-05 9.9973E-05 0.018227
0.138882 0.542638 0.0518178 0.126344 9.9991E-05 0.123332 0.0168867
9.9991E-05 0.56021 0.0427667 0.075661 0.0436987 0.149108 0.128455
0.101841 0.549808 0.0210154 0.194828 9.9982E-05 9.9982E-05 0.132307
0.11532 0.635806 0.0279195 0.0746814 0.0165881 0.129585 9.9991E-05
0.136423 0.512455 0.0878378 0.207543 9.9982E-05 9.9982E-05 0.0555413
0.176882 0.393461 9.9982E-05 0.273381 0.040847 0.115228 9.9982E-05
0.135007 0.563103 0.0887323 0.181629 9.9982E-05 9.9982E-05 0.0313287
0.112293 0.642344 9.9973E-05 0.19487 9.9973E-05 0.0501927 9.9973E-05
0.0397385 0.177997 0.138212 0.420499 9.9991E-05 0.0172852 0.206168
0.199883 0.135705 0.0692702 0.316773 9.9991E-05 0.191708 0.0865603
9.9982E-05 0.529229 9.9982E-05 0.277521 0.0177456 0.0283189 0.146986
0.304646 9.9982E-05 0.0609903 0.278951 9.9982E-05 0.199586 0.155625
0.11114 0.247653 0.00750388 0.372661 0.0512223 9.9991E-05 0.20972
0.0350541 0.455206 9.9982E-05 0.260195 9.9982E-05 0.042753 0.206592
0.0331629 0.362087 9.9982E-05 0.457188 0.00159333 9.9982E-05 0.145769
0.0565339 0.318999 9.9991E-05 0.428919 0.00242779 0.0193303 0.17369
0.0537602 0.608166 0.00837538 0.0488638 0.0994129 0.0898913 0.0915304
0.0879767 0.480535 0.160731 0.13621 0.0480776 9.9991E-05 0.0863693
0.115425 0.492065 9.9982E-05 0.160769 0.0948219 9.9982E-05 0.13672
0.212431 0.0657212 0.119472 0.298558 9.9991E-05 0.233114 0.0706039
0.104646 0.551192 9.9991E-05 0.0750213 0.0494116 0.154936 0.0646936
0.0869245 0.507248 0.0355249 9.9991E-05 0.00923609 0.271108 0.0898589
0.181852 0.00714379 9.9991E-05 0.185509 0.098076 0.375571 0.151748
0.12924 0.63527 9.9982E-05 9.9982E-05 0.117263 0.0209443 0.0970826
0.170297 0.374604 0.0121272 0.0231262 0.0600633 0.194861 0.164923
0.0151237 0.521535 9.9991E-05 0.0812739 0.111385 0.178346 0.0922358
0.0264236 0.246206 9.9991E-05 0.150031 0.0564755 0.304538 0.216226
0.136072 0.19182 9.9991E-05 0.172343 0.0651377 0.319806 0.114722
0.155088 0.453925 9.9982E-05 0.119349 9.9982E-05 0.184879 0.0865598
0.0960838 0.391893 0.0990776 0.0280879 0.0709168 0.215494 0.0984465
0.0142864 0.440158 9.9991E-05 0.0816759 0.170823 0.146511 0.146446
0.0655922 0.0402488 0.1326 0.0968532 0.0359573 0.413348 0.215401
0.124074 0.37698 0.131117 0.158797 0.0465239 0.0340412 0.128466
0.0386438 0.335828 9.9982E-05 0.12493 9.9982E-05 0.289153 0.211245
0.0782175 0.434952 9.9991E-05 0.125036 0.0204693 0.111408 0.229817
0.0697032 0.571872 0.0486199 0.0548214 0.0499671 0.116966 0.0880508
9.9982E-05 0.140695 0.258498 0.0152655 0.293289 0.292052 9.9982E-05
9.9964E-05 9.9964E-05 0.109271 9.9964E-05 0.489309 0.401021 9.9964E-05
9.9964E-05 9.9964E-05 0.139032 9.9964E-05 0.389817 0.470751 9.9964E-05
9.9982E-05 0.109845 0.312797 0.0529509 0.370735 0.153472 9.9982E-05
9.9964E-05 0.61584 9.9964E-05 9.9964E-05 9.9964E-05 0.337112 0.0466479
0.0963527 0.531277 9.9991E-05 0.211105 0.032617 0.0613219 0.0672265
9.9964E-05 0.36093 0.632005 0.00666498 9.9964E-05 9.9964E-05 9.9964E-05
0.0561357 0.340198 0.47528 0.0575799 0.0342658 9.9991E-05 0.0364403
0.031694 0.349337 0.445357 0.0230333 0.0344999 0.111644 0.00443412
0.173862 0.333659 9.9982E-05 0.00539065 9.9982E-05 0.37054 0.116347
0.0713587 0.55487 0.0689827 0.0405548 0.0379996 0.196978 0.0292564
0.231661 0.19575 9.9982E-05 0.0317681 9.9982E-05 0.47354 0.0670814
0.0471934 0.599073 9.9973E-05 9.9973E-05 9.9973E-05 0.26228 0.0911537
0.187487 0.356125 0.0640118 0.0307023 0.0185415 0.17593 0.167202
0.00809536 0.605046 9.9982E-05 0.044475 9.9982E-05 0.233669 0.108515
0.136409 0.191818 9.9982E-05 0.00607809 9.9982E-05 0.507094 0.158401
9.9982E-05 0.603002 0.057439 0.0753051 9.9982E-05 0.141057 0.122997
0.11272 0.512489 0.0184778 0.0167665 0.09731 0.197112 0.0451236
0.00313877 9.9973E-05 0.936246 0.0237913 9.9973E-05 9.9973E-05 0.0365236
9.9973E-05 0.042459 0.904264 9.9973E-05 9.9973E-05 0.0105053 0.0424715
9.9982E-05 0.173108 0.60345 0.00765113 0.1279 9.9982E-05 0.0876919
9.9964E-05 0.310191 0.664113 0.0252964 9.9964E-05 9.9964E-05 9.9964E-05
9.99734E-05 0.161122 0.763761 9.99734E-05 0.0590591 9.99734E-05 0.0157585
9.995E-05 9.995E-05 0.9994 9.995E-05 9.995E-05 9.995E-05 9.995E-05
0.0181113 9.9964E-05 0.93121 0.0502791 9.9964E-05 9.9964E-05 9.9964E-05
9.9964E-05 0.188798 0.797279 9.9964E-05 9.9964E-05 9.9964E-05 0.013523
9.9955E-05 9.9955E-05 0.971838 0.0276621 9.9955E-05 9.9955E-05 9.9955E-05
9.995E-05 9.995E-05 0.9994 9.995E-05 9.995E-05 9.995E-05 9.995E-05
9.995E-05 9.995E-05 0.9994 9.995E-05 9.995E-05 9.995E-05 9.995E-05
0.0129117 0.186695 0.735986 0.0230775 0.0100288 9.9991E-05 0.0312012
9.9973E-05 0.116755 0.803653 0.00937096 0.0699208 9.9973E-05 9.9973E-05
9.9955E-05 9.9955E-05 0.996874 0.0026261 9.9955E-05 9.9955E-05 9.9955E-05
0.039474 0.291834 0.382665 0.171286 0.0166945 9.9991E-05 0.0979466
0.0582521 0.265589 0.57856 0.012327 0.0649408 0.00464416 0.0156864
9.99728E-05 0.255182 0.689477 9.99728E-05 0.0549412 9.99728E-05 9.99728E-05
9.9964E-05 0.141292 0.834876 0.0234325 9.9964E-05 9.9964E-05 9.9964E-05
9.9955E-05 9.9955E-05 0.976826 9.9955E-05 9.9955E-05 0.022674 9.9955E-05
9.9964E-05 0.10058 0.840096 9.9964E-05 0.0589245 9.9964E-05 9.9964E-05
9.995E-05 9.995E-05 0.9994 9.995E-05 9.995E-05 9.995E-05 9.995E-05
9.9973E-05 0.259924 0.545514 0.0946318 0.0996307 9.9973E-05 9.9973E-05
0.00726846 9.9982E-05 0.92418 0.018202 0.0156256 9.9982E-05 0.0345236
0.116071 9.9982E-05 0.00395789 9.9982E-05 0.328071 0.549643 0.00205674
0.0382942 0.35748 0.0802901 0.179773 0.135277 0.182451 0.0264352
9.9982E-05 0.406146 9.9982E-05 0.0535345 0.205817 0.260657 0.0736457
0.104027 0.188131 0.0930703 0.00130105 0.143952 0.469418 9.9991E-05
0.0916029 0.365948 0.169643 0.0810141 0.0837009 0.205181 0.00290984
0.0630638 0.17918 0.112986 9.9991E-05 0.178986 0.436058 0.0296264
0.0249567 0.490487 0.133539 0.0253028 0.118465 0.179728 0.0275218
9.9982E-05 0.276419 0.184223 9.9982E-05 0.117826 0.385866 0.0354665
0.0813194 0.550585 0.0487039 0.0243986 0.119631 0.166217 0.00914587
9.9973E-05 0.379084 0.151796 9.9973E-05 0.121785 0.347035 9.9973E-05
9.9991E-05 0.364011 0.130743 0.0841394 0.153845 0.139013 0.128149
0.00671101 0.0359788 9.9982E-05 0.058631 0.810548 0.0879311 9.9982E-05
0.0190079 9.9964E-05 0.0704435 9.9964E-05 0.910149 9.9964E-05 9.9964E-05
9.9964E-05 9.9964E-05 9.9964E-05 0.0359303 0.954727 9.9964E-05 0.00894291
9.9964E-05 0.0176063 9.9964E-05 0.0468886 0.935105 9.9964E-05 9.9964E-05
9.9982E-05 0.0182093 0.0360803 0.0488641 0.85977 0.0368762 9.9982E-05
0.0190839 9.9973E-05 0.0834074 9.9973E-05 0.882047 9.9973E-05 0.0151618
9.9982E-05 0.0230966 0.0649046 0.0283232 0.875225 9.9982E-05 0.0082502
0.0371838 9.9982E-05 0.0213249 9.9982E-05 0.862058 0.0698641 0.00936889
0.0138043 0.024455 0.00323745 9.9982E-05 0.89811 9.9982E-05 0.0601937
9.9964E-05 9.9964E-05 0.110447 9.9964E-05 0.82001 0.0691438 9.9964E-05
0.0545608 9.9973E-05 9.9973E-05 0.258451 0.605279 9.9973E-05 0.0814093
0.0135915 9.9973E-05 9.9973E-05 0.332162 0.600285 9.9973E-05 0.0536624
0.0145106 9.9982E-05 9.9982E-05 0.263249 0.565466 0.0829948 0.0735792
0.0806795 9.9982E-05 9.9982E-05 0.293503 0.483331 0.0333011 0.108986
0.0617017 0.435785 0.0214875 0.142355 0.0306156 9.9991E-05 0.307955
0.0753611 0.413444 0.0576236 0.0750495 0.0477505 9.9991E-05 0.330671
0.0573911 0.37864 0.133531 0.208321 9.9982E-05 9.9982E-05 0.221918
9.9982E-05 0.380798 9.9982E-05 0.234692 0.0658851 0.0630851 0.255339
9.9973E-05 0.118747 0.0375875 0.632025 9.9973E-05 9.9973E-05 0.211341
9.9991E-05 0.583188 0.0639792 0.0525436 0.0413331 0.0241024 0.234754
0.040211 0.562575 0.0266106 0.0655715 9.9982E-05 9.9982E-05 0.304832
9.9973E-05 0.528274 9.9973E-05 0.108893 9.9973E-05 0.11241 0.250123
9.9973E-05 0.349748 0.0110098 9.9973E-05 9.9973E-05 0.099227 0.539716
0.0816704 0.635075 0.0367211 9.9991E-05 0.0190703 0.0320254 0.195338
0.0487887 0.39276 9.9982E-05 0.157621 9.9982E-05 0.0061915 0.394439
0.221375 9.9964E-05 9.9964E-05 0.0575172 9.9964E-05 9.9964E-05 0.720707
0.113263 0.453892 0.0325865 0.0830022 0.0426157 0.0756474 0.198993
0.093373 0.17337 9.9982E-05 9.9982E-05 0.0201802 0.142137 0.570739
0.0271411 0.476223 0.0285324 9.9982E-05 9.9982E-05 0.0118376 0.456066
0.0537934 0.0495278 9.9982E-05 0.214189 0.0134486 9.9982E-05 0.668841
9.9964E-05 9.9964E-05 9.9964E-05 0.714019 0.0959099 0.189671 9.9964E-05
9.9973E-05 0.0736988 9.9973E-05 0.696883 0.0626354 0.166482 9.9973E-05
0.0516815 0.0253582 9.9973E-05 0.859463 0.0631972 9.9973E-05 9.9973E-05
0.0155189 9.9973E-05 9.9973E-05 0.830828 0.081953 0.0714 9.9973E-05
0.019382 0.0214003 0.0205107 0.851836 0.00282988 0.0839409 9.9991E-05
0.00493603 0.127939 9.9982E-05 0.727835 0.048867 0.0902231 9.9982E-05
0.015981 0.0810881 0.0320466 9.9982E-05 0.854893 9.9982E-05 0.0157911
9.9973E-05 0.0609967 0.0611378 0.0599175 0.817648 9.9973E-05 9.9973E-05
9.9973E-05 0.0816513 0.146403 0.0181879 0.753457 9.9973E-05 9.9973E-05
9.9973E-05 0.0727837 0.102797 0.0670387 0.757081 9.9973E-05 9.9973E-05
9.9982E-05 0.0664765 0.0951773 0.010722 0.774241 0.053183 9.9982E-05
9.9964E-05 9.9964E-05 9.9964E-05 0.580842 0.368914 0.049844 9.9964E-05
0.0589792 9.9982E-05 9.9982E-05 0.382932 0.45462 0.0667769 0.0364921
0.117458 9.9964E-05 9.9964E-05 0.448331 0.433811 9.9964E-05 9.9964E-05
9.9973E-05 0.160293 0.0113683 0.0161437 0.811895 9.9973E-05 9.9973E-05
0.084214 9.9982E-05 9.9982E-05 0.461981 0.380604 0.0458372 0.0271636
0.0476979 0.250702 0.32759 9.9982E-05 0.224986 0.148824 9.9982E-05
9.9982E-05 0.574408 0.152789 0.103742 0.0472558 0.121605 9.9982E-05
9.9964E-05 0.590676 0.175501 9.9964E-05 0.233423 9.9964E-05 9.9964E-05
9.9982E-05 0.263467 0.244911 9.9982E-05 0.194837 0.146004 0.150581
9.9982E-05 0.431035 0.256924 0.105007 0.168847 9.9982E-05 0.0379881
9.9964E-05 9.9964E-05 0.315983 9.9964E-05 0.391941 0.291676 9.9964E-05
0.0195957 0.391283 0.0486676 0.369842 0.00115194 0.0310025 0.138457
0.200616 0.302897 9.9982E-05 0.26648 9.9982E-05 0.188383 0.0414248
0.096624 0.29836 9.9982E-05 0.50167 0.0518159 9.9982E-05 0.0513307
0.256056 0.428594 9.9982E-05 0.100755 9.9982E-05 0.121613 0.092782
0.4323 9.9973E-05 9.9973E-05 0.140573 9.9973E-05 0.291946 0.134881
0.146767 0.445529 0.0138077 0.172228 0.0811119 0.140457 9.9991E-05
0.14066 0.450583 9.9991E-05 0.116522 0.0233493 0.144055 0.12473
0.116033 0.267772 9.9991E-05 0.363856 0.0458368 0.0191296 0.187272
0.0841984 0.560196 0.0743462 0.217979 0.0630802 9.9982E-05 9.9982E-05
0.152385 0.113429 9.9982E-05 0.246781 9.9982E-05 0.257082 0.230123
0.286831 0.400479 0.0343013 0.169563 9.9991E-05 0.0928431 0.015882
0.0389793 0.511929 0.039687 0.301819 9.9991E-05 0.0249542 0.0825317
0.0309333 0.453117 0.138295 0.0321609 0.197067 0.0700261 0.078401
0.281516 0.384013 9.9973E-05 0.242726 9.9973E-05 0.0914454 9.9973E-05
0.167193 0.422856 0.0295226 0.271573 9.9982E-05 9.9982E-05 0.108655
0.169392 0.443859 0.0772136 0.185208 9.9991E-05 0.101805 0.0224231
0.107708 0.491813 9.9991E-05 0.181379 0.00996142 0.0576368 0.151402
0.105745 0.625032 0.0602012 0.123561 0.0083639 9.9991E-05 0.0769971
0.0534719 0.463389 0.0959711 0.17869 0.0562582 9.9991E-05 0.15212
0.0291462 0.586216 0.0359015 0.0973303 0.0720073 0.179299 9.9991E-05
9.9982E-05 0.137328 0.0630271 9.9982E-05 0.781609 0.000781617 0.0170539
0.0803163 0.0674817 0.0126777 9.9982E-05 0.837644 9.9982E-05 0.00168005
0.0302523 0.0225902 0.019894 0.0744884 0.752036 0.0543521 0.0463875
9.9982E-05 0.0161605 0.0472397 0.0507957 0.813084 9.9982E-05 0.0725207
9.9955E-05 0.146507 9.9955E-05 9.9955E-05 0.852994 9.9955E-05 9.9955E-05
0.00361387 0.182225 0.0395436 0.590652 9.9991E-05 0.0879434 0.0959212
0.207884 0.493566 0.0719124 0.16933 0.0317951 0.0197865 0.00572579
0.0239173 0.409311 0.208508 0.0769655 0.180729 0.100469 9.9991E-05
0.0482111 0.678488 9.9982E-05 0.187354 0.0446908 9.9982E-05 0.0410561
0.0518842 0.473446 0.0276594 0.255036 0.0719223 9.9991E-05 0.119952
0.0579711 0.273959 0.0781459 0.398302 9.9991E-05 0.189619 0.00190273
9.9982E-05 0.0097034 9.9982E-05 0.594935 0.148353 0.109939 0.136869
0.0571934 0.48416 0.0193006 0.269537 0.0271246 0.0607166 0.0819679
0.166454 0.046877 0.0690652 0.483711 0.0697278 0.0188037 0.145361
0.147659 0.335757 0.032398 0.173827 0.0857585 0.0741059 0.150494
0.0982346 0.0774309 0.0635956 0.497669 0.0922177 0.0651516 0.1057
0.0101226 0.547011 0.0669043 0.142291 0.127453 0.0282447 0.0779735
0.0508105 0.200889 0.0101996 0.541621 0.0664263 0.0366939 0.0933598
0.169693 0.235592 0.0779189 0.352334 9.9991E-05 0.0708125 0.0935492
0.053804 0.513169 0.0468131 0.129553 0.0227818 0.168286 0.0655933
0.0475291 0.305267 9.9973E-05 0.18609 9.9973E-05 0.460814 9.9973E-05
9.9982E-05 0.52439 9.9982E-05 0.0844927 0.0751396 0.277424 0.0383532
0.0347613 0.599336 9.9982E-05 0.114469 0.0568834 0.19435 9.9982E-05
0.0641892 0.322258 9.9982E-05 0.176998 9.9982E-05 0.349158 0.0871972
0.0685573 0.431263 0.100541 0.123493 9.9991E-05 0.189348 0.0866979
0.122513 0.598904 9.9991E-05 0.0192201 0.0210783 0.2027 0.0354839
0.119984 0.0566798 9.9982E-05 0.0807499 9.9982E-05 0.615778 0.126608
0.0508643 0.259971 9.9973E-05 9.9973E-05 9.9973E-05 0.609893 0.0789717
0.0269767 0.476181 9.9973E-05 0.122495 9.9973E-05 0.374047 9.9973E-05
0.0620061 0.112545 9.9982E-05 0.183543 9.9982E-05 0.422978 0.218728
9.9973E-05 0.419158 9.9973E-05 0.0952298 9.9973E-05 0.293586 0.191726
9.9982E-05 0.152883 0.00273332 0.645609 9.9982E-05 0.105476 0.0930989
0.241926 0.214903 0.0120542 0.327725 9.9991E-05 0.104283 0.0990096
0.0889716 0.381776 0.0458395 0.477832 0.00538144 9.9982E-05 9.9982E-05
9.9982E-05 0.649075 0.00392947 0.28819 9.9982E-05 0.00991436 0.0486911
0.0252602 0.174887 0.0517788 0.475297 9.9982E-05 9.9982E-05 0.272577
0.0797955 0.404703 0.118925 0.18185 9.9991E-05 0.146093 0.0685344
0.00715625 0.49023 0.147514 0.177499 0.0440377 0.0687539 0.0648092
0.14143 0.409253 0.0463242 0.222471 9.9982E-05 9.9982E-05 0.180322
0.0495107 0.43161 0.134985 0.332811 9.9982E-05 9.9982E-05 0.0508823
9.9982E-05 0.37586 0.0803386 0.355904 0.0246701 9.9982E-05 0.163027
9.9973E-05 0.130471 0.156188 0.493099 9.9973E-05 9.9973E-05 0.219942
0.0320033 0.25967 0.125805 0.458122 9.9982E-05 9.9982E-05 0.1242
0.106826 0.582441 0.0215882 0.264817 9.9982E-05 9.9982E-05 0.0241273
0.0367317 0.577044 0.0150089 0.12936 0.0957923 0.0747952 0.0712685
0.0839561 0.419694 9.9982E-05 0.299459 0.0477647 0.148926 9.9982E-05
0.186012 0.490906 0.105096 0.19715 9.9991E-05 0.0144528 0.00628375
9.9991E-05 0.402157 0.0329391 0.390442 0.0575523 0.0948184 0.0219913
0.0518666 0.67532 0.00240434 0.180135 0.0217903 9.9991E-05 0.0683838
0.0357073 0.49052 0.0736995 0.310135 0.0382727 9.9991E-05 0.0515661
0.0625731 0.59709 0.0720125 0.143205 0.114286 9.9991E-05 0.0107334
9.9982E-05 0.454802 0.0903514 9.9982E-05 0.329222 0.0559883 0.0694361
0.00304805 0.402074 0.231039 9.9991E-05 0.111737 0.0984224 0.153579
0.0722665 0.489964 0.117706 9.9982E-05 0.240597 0.0792664 9.9982E-05
0.0825711 0.626777 0.104896 0.1292 0.0474507 0.0090051 9.9991E-05
0.0600741 0.431903 0.192824 9.9982E-05 0.205501 9.9982E-05 0.109497
0.129963 0.440299 0.0175664 0.289716 9.9982E-05 0.122256 9.9982E-05
9.9982E-05 0.576068 0.0731148 0.075574 0.185216 0.0898269 9.9982E-05
0.0132867 9.9991E-05 0.145816 0.0486636 0.194745 0.491357 0.106031
9.9991E-05 0.382623 0.217454 0.142898 0.0798699 0.094715 0.0823406
0.141567 0.493362 0.128445 0.0381826 0.107035 0.0439177 0.0474906
0.116152 0.442839 0.216797 0.0713555 0.0159035 0.0458854 0.0910681
0.0337743 0.349348 0.0553798 0.0394532 0.222927 0.199979 0.099138
9.9982E-05 0.511157 0.0981008 0.000798289 0.192828 0.196915 9.9982E-05
0.104712 0.506327 0.130303 9.9982E-05 0.16209 0.0963679 9.9982E-05
0.0757727 9.9973E-05 0.183256 9.9973E-05 0.466912 0.273759 9.9973E-05
9.9982E-05 0.574725 0.15319 9.9982E-05 0.152772 0.0830529 0.0360602
0.0351054 0.507262 0.176349 0.119703 0.117371 0.0400299 0.00418001
9.9982E-05 0.574121 0.04377 9.9982E-05 0.146765 0.108443 0.126701
9.9973E-05 0.60217 0.147681 9.9973E-05 0.190508 0.0593406 9.9973E-05
0.068403 0.577409 0.0670664 0.0274678 0.196031 0.0430588 0.0205642
0.397341 0.380085 0.0297969 0.0469664 0.0759263 9.9991E-05 0.0697848
0.119627 0.425051 0.15718 0.0417705 0.0644109 9.9991E-05 0.191861
0.846572 9.9973E-05 9.9973E-05 0.0982234 9.9973E-05 0.00546556 0.0494395
0.899803 9.9964E-05 9.9964E-05 0.0671597 9.9964E-05 9.9964E-05 0.0326376
0.290102 0.461935 0.0794828 0.0481322 0.0490235 9.9991E-05 0.0712249
0.142216 0.372654 0.263121 9.9982E-05 0.122991 0.0988179 9.9982E-05
0.252535 0.280945 0.30872 9.9991E-05 0.125135 0.00891497 0.0236502
0.177274 0.140606 0.272401 0.00502231 0.183572 0.164826 0.0562986
0.233319 0.354605 0.216198 9.9973E-05 0.195578 9.9973E-05 9.9973E-05
0.732598 0.0378545 0.0644294 9.9982E-05 0.0830046 0.0819138 9.9982E-05
0.678089 0.105633 0.088485 9.9982E-05 0.124307 9.9982E-05 0.00328628
0.386058 0.48149 0.0789082 9.9973E-05 0.0532431 9.9973E-05 9.9973E-05
0.395168 0.501842 0.0655263 9.9973E-05 0.037164 9.9973E-05 9.9973E-05
0.723142 0.139625 0.0668402 9.9973E-05 0.0700937 9.9973E-05 9.9973E-05
0.232905 0.496661 0.0968871 0.0487703 0.071684 9.9991E-05 0.052993
0.322693 0.504725 0.106437 0.00682256 0.059122 9.9982E-05 9.9982E-05
0.29426 0.386701 0.143075 0.0125216 0.105215 0.0581282 9.9991E-05
0.580201 0.282548 9.9973E-05 0.0590704 9.9973E-05 9.9973E-05 0.0778807
0.417009 0.350179 0.0316645 0.0637628 9.9991E-05 0.010631 0.126653
0.333567 0.509146 0.0333993 0.0623358 0.055656 0.0016767 0.00421969
0.42122 0.389913 0.0591341 0.0464968 0.083036 9.9982E-05 9.9982E-05
0.234829 0.395432 0.0865515 9.9991E-05 0.0350927 0.125781 0.122215
0.45735 0.396193 9.9982E-05 0.0224682 0.0011844 0.122605 9.9982E-05
0.733826 0.185137 9.9964E-05 0.080638 9.9964E-05 9.9964E-05 9.9964E-05
0.344414 0.541029 0.0209609 9.9982E-05 0.0247423 9.9982E-05 0.0686538
0.170371 0.460977 0.0764754 9.9991E-05 0.10176 0.0498796 0.140437
0.791601 0.191592 9.9973E-05 0.0159688 9.9973E-05 9.9973E-05 0.00053829
0.561792 0.405797 0.0161836 9.9982E-05 0.0135029 0.00252476 9.9982E-05
0.326851 0.528378 0.00700119 0.0381463 0.0994238 9.9982E-05 9.9982E-05
0.397744 0.416443 0.00472594 0.0546582 0.0274464 9.9991E-05 0.0988823
0.00859981 0.539033 0.132931 0.0916423 0.112909 0.114785 9.9991E-05
0.135691 0.464828 0.0688101 0.105604 0.147269 0.0776978 9.9991E-05
0.0544821 0.380169 0.263194 0.0775251 0.0930683 0.131461 9.9991E-05
0.0232258 0.454477 0.154305 0.0501975 0.136648 0.181047 9.9991E-05
0.000771995 0.388295 0.189816 0.14584 0.119016 0.0723585 0.083903
0.17018 0.446143 0.107121 0.0760317 0.104559 0.0903615 0.00560421
0.679323 9.9973E-05 0.121116 9.9973E-05 0.176804 0.0224568 9.9973E-05
0.0770201 0.565545 0.233985 0.0326697 0.0854955 0.00518524 9.9991E-05
0.38154 9.9973E-05 0.0942791 9.9973E-05 0.378895 0.144986 9.9973E-05
0.29544 0.423176 0.226606 9.9973E-05 0.0544784 9.9973E-05 9.9973E-05
0.788851 9.9964E-05 9.9964E-05 9.9964E-05 9.9964E-05 0.0283775 0.182372
0.920844 9.9955E-05 9.9955E-05 9.9955E-05 9.9955E-05 9.9955E-05 0.0786561
0.398407 0.46485 9.9973E-05 0.000906148 9.9973E-05 9.9973E-05 0.135537
0.394467 0.559133 9.9964E-05 9.9964E-05 0.0459999 9.9964E-05 9.9964E-05
0.594711 0.367641 9.9973E-05 0.0247216 9.9973E-05 9.9973E-05 0.0126262
0.455766 0.43912 9.9973E-05 0.0448443 9.9973E-05 9.9973E-05 0.0599698
0.48939 0.498199 9.9964E-05 9.9964E-05 9.9964E-05 9.9964E-05 0.0120109
0.0838017 0.0998377 0.0191294 9.9982E-05 0.796371 9.9982E-05 0.000660508
0.0360137 0.0210025 0.0823485 0.11139 0.749046 9.9982E-05 9.9982E-05
9.9964E-05 9.9964E-05 0.0742701 0.0368096 0.88852 9.9964E-05 9.9964E-05
0.0259433 0.0567852 9.9964E-05 9.9964E-05 0.916872 9.9964E-05 9.9964E-05
0.046676 0.409473 0.0352636 0.0579284 0.0215281 0.0292802 0.399851
0.0678942 0.384889 0.0651272 9.9982E-05 0.0809287 9.9982E-05 0.400961
9.9964E-05 0.403374 9.9964E-05 9.9964E-05 0.0366758 9.9964E-05 0.55955
9.9973E-05 0.486158 0.0371269 9.9973E-05 0.152141 9.9973E-05 0.324274
9.9991E-05 0.551731 0.0753236 0.137316 0.0279567 0.119653 0.0879196
9.9991E-05 0.120827 0.0384028 0.109166 0.00423983 0.114494 0.61277
9.9964E-05 0.478108 0.0749047 9.9964E-05 9.9964E-05 9.9964E-05 0.446587
0.0587801 0.294493 9.9973E-05 9.9973E-05 9.9973E-05 0.127165 0.519262
0.12626 0.429635 0.137774 0.054326 0.251806 9.9982E-05 9.9982E-05
0.147995 0.424099 0.0090208 0.0169314 9.9991E-05 0.0626912 0.339162
9.9973E-05 0.295816 0.00875721 0.133341 9.9973E-05 9.9973E-05 0.561785
0.0805928 0.534282 9.9964E-05 9.9964E-05 9.9964E-05 9.9964E-05 0.384725
0.13479 0.379054 9.9982E-05 0.0638344 0.0128591 9.9982E-05 0.409263
0.0695344 0.525687 9.9964E-05 9.9964E-05 9.9964E-05 9.9964E-05 0.404379
0.0508953 0.555648 9.9982E-05 9.9982E-05 0.062058 0.00367569 0.327523
0.0854825 0.017066 9.9973E-05 9.9973E-05 9.9973E-05 0.0463159 0.850836
0.0476609 0.193893 0.0178059 9.9991E-05 0.00789656 0.157394 0.57525
0.103906 0.303807 9.9973E-05 9.9973E-05 0.055679 9.9973E-05 0.536308
0.0750616 9.9964E-05 9.9964E-05 9.9964E-05 9.9964E-05 0.174902 0.749637
0.0454994 0.368452 0.0512308 0.0901173 0.0273346 9.9991E-05 0.417266
0.0313051 9.9982E-05 0.00711519 0.0200727 9.9982E-05 0.249119 0.692188
0.120521 9.9973E-05 9.9973E-05 9.9973E-05 0.00942865 0.236397 0.633354
0.0497999 0.559042 0.00673365 9.9982E-05 0.0256491 9.9982E-05 0.358576
0.0253119 0.136212 9.9982E-05 0.124071 0.0711282 9.9982E-05 0.643077
9.9973E-05 0.327146 0.133392 0.0745763 9.9973E-05 9.9973E-05 0.464585
9.9982E-05 0.548175 0.0875781 9.9982E-05 0.093782 0.0448079 0.225457
9.9973E-05 0.455104 0.0157601 0.142205 9.9973E-05 9.9973E-05 0.38663
0.213035 0.244479 0.099561 0.299418 9.9991E-05 0.101645 0.0417626
0.0307068 0.478297 0.0179401 0.106069 9.9982E-05 9.9982E-05 0.366787
9.9991E-05 0.491837 0.0249605 0.0671958 0.017035 0.0127702 0.386101
9.9964E-05 0.299587 9.9964E-05 9.9964E-05 9.9964E-05 0.0348515 0.665162
0.136175 0.564813 0.00786815 0.0390695 0.0929077 9.9991E-05 0.159066
0.0291638 9.9982E-05 0.0121258 0.285577 0.617113 0.0558203 9.9982E-05
9.9982E-05 0.0295571 9.9982E-05 0.103927 0.789768 0.0211204 0.0554276
0.00239775 9.9973E-05 9.9973E-05 0.139939 0.807853 0.0495105 9.9973E-05
0.00866137 9.9982E-05 9.9982E-05 0.134635 0.795153 0.040111 0.0212403
9.9973E-05 0.0647254 9.9973E-05 0.206926 0.714475 0.0135729 9.9973E-05
9.9973E-05 0.0447395 9.9973E-05 0.157312 0.0439708 9.9973E-05 0.753678
0.100505 0.103138 9.9982E-05 0.0665508 0.0534465 9.9982E-05 0.67616
9.9973E-05 0.0975387 0.0134373 9.9973E-05 9.9973E-05 0.0964688 0.792255
0.0360487 0.516553 0.0550872 0.112166 0.108637 0.0118148 0.159693
0.0611702 0.555843 9.9991E-05 0.0196264 0.0985159 0.00213042 0.262614
0.0752329 0.277081 0.00376394 9.9991E-05 0.0577763 0.114179 0.471866
0.0569351 0.510334 0.0466061 0.00258182 0.0368869 0.0232432 0.323413
9.9982E-05 0.264734 0.0888282 9.9982E-05 0.057644 0.00523808 0.583356
0.00156636 0.537446 9.9991E-05 0.101459 0.0577263 0.0414646 0.260237
9.9982E-05 0.573762 9.9982E-05 0.0140095 0.0151634 0.0200045 0.37686
9.9973E-05 0.147516 0.0692206 0.101843 9.9973E-05 9.9973E-05 0.681121
9.9973E-05 0.298985 9.9973E-05 0.0939636 9.9973E-05 0.0226048 0.584147
9.9973E-05 0.323408 9.9973E-05 0.118088 0.0300577 9.9973E-05 0.528146
9.9982E-05 0.581998 0.0293469 0.0403969 0.136044 0.212014 9.9982E-05
9.9964E-05 0.34615 9.9964E-05 0.0128426 9.9964E-05 9.9964E-05 0.640608
0.0123552 0.476613 9.9991E-05 0.031857 0.0385921 0.0081538 0.432329
9.9982E-05 0.492784 0.360187 0.038953 0.0362105 0.0716662 9.9982E-05
9.9982E-05 0.368549 0.426983 9.9982E-05 0.141635 0.051682 0.0109505
0.0767676 0.368482 0.40474 9.9982E-05 0.116767 9.9982E-05 0.033043
9.9982E-05 0.314949 0.427793 9.9982E-05 0.129437 0.110659 0.016962
0.0981388 0.405946 0.288346 9.9982E-05 0.0717588 0.135611 9.9982E-05
9.9973E-05 0.437986 0.0324318 9.9973E-05 9.9973E-05 0.219706 0.309576
9.9964E-05 0.0787935 0.629656 9.9964E-05 0.291151 9.9964E-05 9.9964E-05
0.022716 0.399856 0.401033 9.9973E-05 0.176095 9.9973E-05 9.9973E-05
9.9982E-05 0.353794 0.188289 9.9982E-05 0.134515 0.213798 0.109403
9.9973E-05 0.609056 9.9973E-05 0.0265491 0.135556 0.228539 9.9973E-05
0.0428548 0.424173 9.9991E-05 0.105021 0.0760597 0.287793 0.0639987
9.9964E-05 0.666573 9.9964E-05 9.9964E-05 0.0996437 0.233384 9.9964E-05
9.9991E-05 0.622946 0.0030084 0.0381039 0.0882743 0.172146 0.0754218
9.9973E-05 0.39143 0.372396 9.9973E-05 0.200767 0.0351074 9.9973E-05
9.9982E-05 0.349615 0.394978 0.104083 0.103674 9.9982E-05 0.0474496
9.9973E-05 0.460378 0.424651 9.9973E-05 0.067353 0.0473181 9.9973E-05
0.0212797 0.411953 0.293544 0.143642 0.0837456 0.0457356 9.9991E-05
0.0277536 0.197749 0.559236 9.9991E-05 0.128578 0.0557795 0.0308036
0.0769392 0.454462 0.246638 0.0145626 0.108522 0.0801778 0.0186984
0.0407297 0.341043 0.469523 9.9982E-05 0.142055 0.00644983 9.9982E-05
0.0769079 0.347524 0.409973 0.0487567 0.073703 0.0430352 9.9991E-05
9.9973E-05 0.524658 9.9973E-05 9.9973E-05 0.048661 0.399348 0.027033
0.0157294 0.419649 0.320583 0.100648 0.139467 9.9991E-05 0.00382397
9.9973E-05 0.208832 0.640666 9.9973E-05 0.149957 0.000245496 9.9973E-05
0.0505649 0.327486 0.281414 0.11331 0.103089 0.00641617 0.117721
9.9982E-05 0.190803 9.9982E-05 0.221166 0.119741 0.362722 0.105368
9.9973E-05 0.608823 0.0217903 0.0748341 9.9973E-05 0.294252 9.9973E-05
9.9982E-05 0.485353 0.248028 0.08204 0.104512 0.0798666 9.9982E-05
9.9991E-05 0.583153 0.0111514 0.0674012 0.116248 0.190176 0.0317695
9.9982E-05 0.517536 9.9982E-05 0.0303214 0.120559 0.278099 0.0532849
9.9982E-05 0.351201 0.212391 9.9982E-05 0.190746 0.182823 0.0626383
0.170045 0.27679 0.324096 9.9982E-05 0.219714 0.00915596 9.9982E-05
9.9982E-05 0.601118 0.0665498 9.9982E-05 0.0581827 0.204292 0.0696572
0.0185121 0.423098 0.382705 0.0163397 0.0374711 0.0507291 0.0711452
0.0462486 0.417102 0.427217 9.9982E-05 0.0943977 0.0148352 9.9982E-05
9.9982E-05 0.149917 0.614876 0.00610117 0.161508 0.0673972 9.9982E-05
0.0622317 0.639312 9.9991E-05 0.00622056 0.0587738 0.199146 0.0342167
9.9982E-05 0.431907 9.9982E-05 0.128427 0.0881798 0.250234 0.101053
0.0343506 0.199181 9.9982E-05 9.9982E-05 0.084916 0.658596 0.0227561
0.0816225 0.670216 9.9991E-05 0.0698868 0.108734 0.0263726 0.043069
0.0154839 0.359507 0.0870474 0.158793 0.093021 0.155617 0.130531
0.041812 0.30106 0.232054 0.0324478 0.148939 0.036798 0.20689
0.0580252 0.511996 0.0630643 0.0468624 0.0745346 0.245417 9.9991E-05
9.9964E-05 9.9964E-05 0.177041 9.9964E-05 0.254307 0.568252 9.9964E-05
0.00271114 9.9973E-05 0.104433 9.9973E-05 0.237162 0.655394 9.9973E-05
0.0906227 0.322382 0.0624601 0.0611406 0.119575 0.343719 9.9991E-05
0.0594998 9.9982E-05 0.180014 9.9982E-05 0.27476 0.44408 0.041446
9.9964E-05 9.9964E-05 0.204482 9.9964E-05 0.349895 0.445223 9.9964E-05
0.122301 0.392954 0.0945382 9.9991E-05 0.109409 0.253891 0.0268064
0.0757534 0.406289 0.071112 9.9982E-05 0.249858 0.196787 9.9982E-05
0.00616946 0.166014 0.221222 9.9991E-05 0.260207 0.273263 0.0730233
9.9973E-05 0.0826696 0.16208 9.9973E-05 0.244167 0.510783 9.9973E-05
0.0254374 0.459146 0.133436 9.9991E-05 0.106761 0.216313 0.0588059
0.059299 0.20156 0.106615 9.9991E-05 0.181252 0.409701 0.0414725
9.9964E-05 9.9964E-05 0.0579237 9.9964E-05 0.378522 0.563154 9.9964E-05
0.0686183 0.448775 0.197326 0.132073 0.0524263 0.07786 0.0229215
0.0850924 0.273472 0.295496 0.0136984 0.128224 0.202308 0.00170906
9.9991E-05 0.407955 0.142436 0.0322918 0.312097 0.0517268 0.0533932
9.9964E-05 0.62345 0.177552 9.9964E-05 0.198598 9.9964E-05 9.9964E-05
0.156613 0.502461 0.0327639 9.9982E-05 0.173449 9.9982E-05 0.134514
9.9991E-05 0.529954 0.203072 0.0478125 0.0976718 0.105033 0.0163563
0.111174 0.432459 0.266925 9.9991E-05 0.15414 0.0196689 0.0155344
9.9973E-05 0.398399 0.193605 9.9973E-05 0.316711 0.0909859 9.9973E-05
9.9991E-05 0.531368 0.139248 0.0414264 0.201111 0.0444562 0.0422898
9.9991E-05 0.551683 0.18179 0.0199991 0.225855 0.014549 0.00602414
0.013969 0.312103 0.203484 0.0327735 0.255343 0.108688 0.0736391
0.0106723 0.217497 0.180942 0.114919 0.160074 0.00666694 0.309228
9.9991E-05 0.557293 0.120993 0.0539843 0.131027 0.132999 0.00360324
0.0526076 0.489605 0.121976 0.082376 0.142861 9.9991E-05 0.110474
0.0908407 0.585671 0.04896 0.0122715 0.130705 0.0147802 0.116771
9.9982E-05 0.390391 0.246132 0.0277709 0.235258 0.100249 9.9982E-05
0.0368888 0.528479 0.15531 9.9982E-05 0.180169 0.0989537 9.9982E-05
0.055032 0.14938 0.217686 9.9982E-05 0.342676 0.235026 9.9982E-05
0.0736569 0.507645 0.149269 9.9973E-05 0.269129 9.9973E-05 9.9973E-05
0.0457061 0.285571 0.246611 9.9982E-05 0.222486 0.199427 9.9982E-05
9.9982E-05 9.9982E-05 0.0212907 0.127804 0.77507 0.0627309 0.0129045
0.000903324 0.128212 9.9991E-05 0.694038 0.121573 0.0198349 0.0353377
9.9955E-05 9.9955E-05 9.9955E-05 0.974624 0.0248767 9.9955E-05 9.9955E-05
9.9964E-05 0.000192242 9.9964E-05 0.981818 0.0175894 9.9964E-05 9.9964E-05
9.9955E-05 9.9955E-05 0.00765223 0.991848 9.9955E-05 9.9955E-05 9.9955E-05
9.9964E-05 0.0568519 9.9964E-05 0.927798 0.0149506 9.9964E-05 9.9964E-05
9.9964E-05 0.0892704 9.9964E-05 0.88251 0.0278194 9.9964E-05 9.9964E-05
9.9955E-05 9.9955E-05 9.9955E-05 0.931714 0.0677862 9.9955E-05 9.9955E-05
9.9973E-05 0.0133565 0.0116269 0.773982 0.200735 9.9973E-05 9.9973E-05
9.9973E-05 0.0414337 0.0491618 0.0191355 0.889969 9.9973E-05 9.9973E-05
9.9964E-05 0.0929733 9.9964E-05 0.0886352 0.817992 9.9964E-05 9.9964E-05
9.9973E-05 9.9973E-05 0.070237 0.00545188 0.872453 9.9973E-05 0.0515579
0.0181951 0.028818 9.9982E-05 0.132594 0.805796 0.0143967 9.9982E-05
9.9982E-05 0.0283471 0.0388043 0.00453082 0.865734 0.062384 9.9982E-05
0.0354212 9.9964E-05 9.9964E-05 0.0819231 0.882256 9.9964E-05 9.9964E-05
9.9982E-05 0.0661235 0.0923702 0.0378942 0.711167 0.0922449 9.9982E-05
0.041272 0.017978 0.0696912 0.00914665 0.861712 9.9982E-05 9.9982E-05
0.0490849 0.058684 0.0405288 0.138282 0.713221 9.9982E-05 9.9982E-05
0.00826981 0.0493052 0.0296077 9.9982E-05 0.898814 9.9982E-05 0.0138035
0.000969737 9.9973E-05 9.9973E-05 0.0277878 0.933652 9.9973E-05 0.0372903
9.9973E-05 9.9973E-05 0.0671989 0.0550279 0.82313 9.9973E-05 0.0543435
9.9982E-05 0.0155888 0.00261119 0.0242348 0.943957 0.0134087 9.9982E-05
0.00477831 0.05847 0.0320454 0.0293966 0.857751 0.0174583 9.9991E-05
0.0125256 0.0724211 0.0425734 9.9982E-05 0.860551 9.9982E-05 0.0117293
9.9955E-05 0.154878 9.9955E-05 9.9955E-05 0.844622 9.9955E-05 9.9955E-05
9.9964E-05 0.149747 0.0812059 9.9964E-05 0.768647 9.9964E-05 9.9964E-05
9.9964E-05 0.173759 0.0562622 9.9964E-05 0.769579 9.9964E-05 9.9964E-05
9.9964E-05 0.165544 0.0050775 9.9964E-05 0.828979 9.9964E-05 9.9964E-05
9.9982E-05 0.461713 9.9982E-05 0.100815 0.136438 0.271654 0.029181
0.0301102 0.668373 9.9982E-05 9.9982E-05 0.0822241 0.129339 0.0897538
0.0702078 0.537732 0.0846715 0.00585678 0.154576 0.0409707 0.105986
0.0225842 0.176704 9.9982E-05 0.00615164 9.9982E-05 0.790026 0.00433503
9.9982E-05 0.53132 9.9982E-05 0.146393 0.0819961 0.208052 0.0320389
9.9964E-05 0.147603 9.9964E-05 9.9964E-05 0.0780674 0.773929 9.9964E-05
9.9964E-05 0.707515 9.9964E-05 0.019398 9.9964E-05 0.272687 9.9964E-05
9.9982E-05 0.422025 9.9982E-05 0.162593 0.0817977 0.279833 0.0535511
9.9982E-05 0.445928 9.9982E-05 0.106302 0.0651377 0.240623 0.141809
0.0483976 0.499882 0.0122598 9.9982E-05 0.0228866 9.9982E-05 0.416374
9.9982E-05 0.462435 9.9982E-05 0.117628 0.0469875 0.304503 0.0682466
0.0145598 0.627672 9.9982E-05 0.0209541 0.0103001 0.326314 9.9982E-05
9.9982E-05 0.603711 9.9982E-05 0.129962 0.0877358 0.168018 0.0103728
0.135635 9.9982E-05 0.0695932 0.478666 9.9982E-05 0.114459 0.201446
0.0178349 9.9973E-05 9.9973E-05 0.0705222 9.9973E-05 0.897933 0.0134101
9.9964E-05 0.21422 9.9964E-05 0.0564348 9.9964E-05 0.728945 9.9964E-05
0.0886579 0.613258 0.0283925 0.17652 0.0627778 0.0266899 0.00370391
9.9991E-05 0.597726 0.0011031 0.00148308 0.0165445 0.370671 0.0123726
9.9982E-05 0.545479 9.9982E-05 0.0144766 0.120531 0.278012 0.0413014
