9.9973E-05 0.0374953 9.9973E-05 0.0407883 9.9973E-05 0.00165004 0.893652 0.0261146
9.9964E-05 9.9964E-05 0.0362733 9.9964E-05 0.0282474 9.9964E-05 0.911426 0.0236537
0.100908 9.9964E-05 0.0450922 0.0526672 9.9964E-05 9.9964E-05 0.800933 9.9964E-05
0.0214087 0.0536932 0.0616706 0.0906054 9.9973E-05 9.9973E-05 0.772322 9.9973E-05
0.0358528 9.9973E-05 0.0531263 0.061738 0.0219159 9.9973E-05 0.827067 9.9973E-05
9.9973E-05 9.9973E-05 0.12935 0.107806 9.9973E-05 0.0586623 0.551538 0.152343
9.9973E-05 0.00631693 0.0776754 9.9973E-05 9.9973E-05 0.0573642 0.800593 0.057751
9.9982E-05 9.9982E-05 0.168065 0.042336 0.0416301 0.0167342 0.678977 0.0520582
9.99729E-05 0.077114 0.0460737 9.99729E-05 9.99729E-05 0.0286065 0.818415 0.0294911
0.143004 9.9982E-05 0.0985807 0.0397428 0.00559392 0.0307458 0.682132 9.9982E-05
0.0338633 0.0302967 0.127433 9.9982E-05 9.9982E-05 0.0786709 0.706435 0.0231015
0.146571 0.607372 9.9973E-05 0.0745583 9.9973E-05 0.0155705 9.9973E-05 0.155628
0.492923 0.315672 0.0212918 0.0130831 0.0304276 0.125075 9.9991E-05 0.00142765
0.211125 0.515214 9.9991E-05 0.0652127 0.0648417 0.0715539 0.0321795 0.0397734
0.220645 0.463905 0.0396872 0.152774 0.07851 0.0403909 9.9991E-05 0.00398775
0.332352 0.297661 0.00878498 0.140654 9.9991E-05 0.0565961 0.101196 0.0626562
0.533991 0.277983 9.9982E-05 0.107859 0.0267444 0.0170036 0.0362191 9.9982E-05
0.384745 0.35258 9.9982E-05 0.0750655 9.9982E-05 0.0671512 0.0272805 0.0929776
0.187216 0.459052 9.9982E-05 0.129207 9.9982E-05 0.0232038 0.0724785 0.128643
9.9982E-05 0.741302 9.9982E-05 0.0489389 0.0452896 0.0739421 0.0294391 0.0608884
0.385903 0.308556 0.0373136 0.0637131 0.0928872 9.9991E-05 0.0162577 0.0952688
0.448573 0.211843 0.0491072 0.0206355 0.0783598 0.123511 9.9991E-05 0.0678706
0.527732 0.219514 0.0227676 0.0247445 0.0456069 0.044392 0.00670295 0.10854
0.24113 0.375613 9.9973E-05 0.104033 9.9973E-05 0.0835912 9.9973E-05 0.195333
0.64825 0.229899 9.9973E-05 0.039352 0.0671205 9.9973E-05 0.0150781 9.9973E-05
0.492957 0.307863 9.9982E-05 0.0951172 9.9982E-05 0.0322055 0.0346643 0.0369932
0.112677 0.613848 9.9982E-05 0.113759 0.0273156 0.00518114 9.9982E-05 0.127019
0.0677311 0.589534 9.9973E-05 0.233256 9.9973E-05 0.0302518 9.9973E-05 0.078927
0.219333 0.596996 9.9973E-05 9.9973E-05 0.0393105 0.0720909 9.9973E-05 0.0719698
0.150396 9.9955E-05 9.9955E-05 0.0183496 9.9955E-05 9.9955E-05 0.830755 9.9955E-05
0.178474 0.00708059 9.9955E-05 9.9955E-05 9.9955E-05 9.9955E-05 0.813945 9.9955E-05
0.139 0.0498761 9.9964E-05 0.00330706 9.9964E-05 9.9964E-05 0.807417 9.9964E-05
0.185574 9.9973E-05 9.9973E-05 0.0320628 9.9973E-05 0.0169699 0.751853 0.0132403
0.499883 0.113361 0.0253692 0.00165105 9.9982E-05 9.9982E-05 0.0601889 0.299347
0.428929 0.0160335 0.126729 0.106065 9.9982E-05 9.9982E-05 0.0921188 0.229925
0.55659 9.9973E-05 0.00241643 0.0106319 9.9973E-05 9.9973E-05 0.0506693 0.379393
0.159729 0.652822 0.0503131 9.9973E-05 9.9973E-05 9.9973E-05 0.0760708 0.0607657
0.228845 0.0059035 9.9973E-05 0.0633567 9.9973E-05 0.0720379 9.9973E-05 0.629557
0.481444 0.141885 9.9982E-05 0.0102068 0.0626023 9.9982E-05 0.131916 0.171745
0.629752 9.9973E-05 9.9973E-05 0.0337002 0.0896653 9.9973E-05 0.0119777 0.234605
0.582802 0.0374448 0.0992147 9.9991E-05 0.0627166 0.0409544 0.0932512 0.0835163
0.626379 0.0065566 0.155024 9.9982E-05 9.9982E-05 0.0190078 0.069954 0.122879
0.0570759 0.187961 9.9973E-05 0.0189996 9.9973E-05 9.9973E-05 0.0392194 0.696445
0.538708 0.00175714 0.0919755 0.100273 0.00163254 0.158737 0.0439762 0.0629401
0.478067 0.0426854 9.9973E-05 0.0775808 9.9973E-05 9.9973E-05 0.0677491 0.333618
0.474148 0.0688321 0.00495947 0.114494 9.9991E-05 0.0425915 0.0835073 0.211368
0.3077 0.0146988 9.9964E-05 9.9964E-05 0.0503272 9.9964E-05 9.9964E-05 0.626875
0.621188 9.9982E-05 9.9982E-05 0.0133277 0.0672737 0.0693994 0.0150096 0.213602
0.390712 0.0346617 0.0788239 0.126503 0.0128827 0.0904423 0.0725615 0.193412
9.9955E-05 9.9955E-05 9.9955E-05 9.9955E-05 9.9955E-05 0.256981 0.0657596 0.67676
0.135462 0.404563 0.0753525 9.9982E-05 0.0574937 0.10586 9.9982E-05 0.221068
0.0904476 0.195155 9.9973E-05 9.9973E-05 0.0491902 0.406768 9.9973E-05 0.258139
0.491012 0.219195 9.9991E-05 0.0437447 0.0447861 0.0707688 0.0687181 0.0616756
0.637733 0.0436114 0.0635201 0.0470575 0.07966 0.0839216 0.0443963 9.9991E-05
0.603163 0.0496136 0.087932 0.0800045 9.9982E-05 0.145469 9.9982E-05 0.033618
0.101601 0.345651 0.0824684 9.9982E-05 0.152551 9.9982E-05 0.138545 0.178984
0.581691 0.191121 9.9973E-05 0.0192576 9.9973E-05 0.112096 9.9973E-05 0.0955346
0.537142 0.197878 9.9982E-05 0.0892542 9.9982E-05 0.130685 0.021192 0.0236481
0.37214 0.30549 9.9982E-05 9.9982E-05 0.0132541 0.146855 0.0623963 0.0996644
0.0540086 0.337093 0.0668985 0.0762429 0.00450811 0.189731 0.166575 0.104944
0.553605 0.122323 0.00836648 0.031645 0.00119678 0.0531901 0.0563376 0.173336
0.271106 0.341119 0.0498871 0.168365 0.106792 0.0112623 0.0293633 0.0221054
9.9973E-05 0.526948 0.0663862 9.9973E-05 9.9973E-05 0.122307 0.0557386 0.22832
0.441186 0.263152 0.0527696 0.00093942 0.132566 0.0996885 0.00959825 9.9991E-05
0.731103 0.060884 9.9982E-05 0.00401875 9.9982E-05 0.149739 0.0222682 0.0317865
0.544313 0.220052 9.9982E-05 0.00512278 9.9982E-05 0.101301 0.0837071 0.0453041
0.263804 0.330882 9.9982E-05 0.0380056 9.9982E-05 0.153164 0.055431 0.158513
0.356888 0.310895 0.0110615 0.0728931 0.0329292 0.085423 9.9991E-05 0.12981
0.430041 0.0702582 0.0433473 0.102738 0.150673 9.9991E-05 0.0851436 0.1177
0.165154 0.447558 0.0168978 9.9991E-05 0.0581576 0.144106 0.00835097 0.159675
0.508878 0.0231285 0.049914 9.9973E-05 0.0442403 9.9973E-05 9.9973E-05 0.373539
0.233175 0.129832 0.0157299 0.0167612 9.9973E-05 9.9973E-05 9.9973E-05 0.604202
0.525419 0.126415 0.0256934 0.033932 9.9991E-05 0.0349305 0.0700901 0.18342
9.9955E-05 9.9955E-05 9.9955E-05 9.9955E-05 0.0359816 0.129075 9.9955E-05 0.834444
9.9973E-05 0.0332655 0.0100937 9.9973E-05 0.0113692 0.098589 9.9973E-05 0.846383
0.256102 9.9973E-05 0.00124725 0.0036591 0.0308825 9.9973E-05 9.9973E-05 0.707809
0.44215 9.9955E-05 0.0748957 9.9955E-05 9.9955E-05 9.9955E-05 9.9955E-05 0.482454
0.65861 9.9973E-05 0.0644448 0.0576213 9.9973E-05 9.9973E-05 0.105916 0.113108
0.453521 0.0512929 0.0411318 0.0311622 9.9991E-05 0.0276426 0.00162309 0.393526
0.0976571 0.133094 9.9973E-05 0.075888 9.9973E-05 9.9973E-05 0.0210572 0.672003
0.185442 0.164279 0.163899 0.0222528 0.0218277 9.9982E-05 9.9982E-05 0.442099
0.507895 0.028777 0.0340857 0.0362359 0.0100858 0.0127788 0.0985794 0.271563
0.295352 0.106049 0.0289322 0.0274933 0.00869266 9.9991E-05 0.0256379 0.507743
0.380821 0.0505106 0.0159108 0.0234873 9.9982E-05 9.9982E-05 0.0461609 0.482909
0.399592 9.9964E-05 9.9964E-05 9.9964E-05 0.0527712 0.0119347 9.9964E-05 0.535303
9.9973E-05 0.0262885 0.00756457 9.9973E-05 0.0686141 0.241709 9.9973E-05 0.655524
0.537079 0.0641525 0.0319441 0.0163332 0.0279863 0.0353697 0.014401 0.272735
0.121541 0.0645567 9.9964E-05 0.00840516 9.9964E-05 9.9964E-05 0.805098 9.9964E-05
0.117268 9.9946E-05 9.9946E-05 9.9946E-05 9.9946E-05 9.9946E-05 0.882132 9.9946E-05
0.0930893 9.9955E-05 9.9955E-05 0.0425568 9.9955E-05 9.9955E-05 0.863854 9.9955E-05
0.0501677 9.9955E-05 9.9955E-05 9.9955E-05 9.9955E-05 0.0734622 0.87587 9.9955E-05
0.0852496 9.9973E-05 0.0161567 9.9973E-05 9.9973E-05 0.00661014 0.873074 0.0186098
0.0661946 9.9982E-05 0.0382361 0.0473475 9.9982E-05 0.0166998 0.829 0.00232224
0.108209 9.99551E-05 9.99551E-05 9.99551E-05 9.99551E-05 0.00459312 0.886698 9.99551E-05
0.483846 9.9982E-05 0.0289172 0.0971794 0.0455243 9.9982E-05 0.126233 0.2181
0.566939 0.100786 9.9991E-05 0.0637089 0.00102965 0.0980596 0.115031 0.0543456
0.0170734 0.138499 9.9973E-05 9.9973E-05 0.0483759 9.9973E-05 0.0261449 0.769607
0.481058 0.139832 9.9991E-05 0.0662442 0.0147385 0.159404 0.0412431 0.0973799
0.355996 0.138654 9.9973E-05 0.0585313 9.9973E-05 9.9973E-05 0.0336047 0.412914
0.608861 9.9964E-05 9.9964E-05 9.9964E-05 0.010964 9.9964E-05 0.0573228 0.322453
0.420743 0.0877599 0.00110569 0.0740696 0.0557201 0.0171274 0.0345778 0.308896
0.437157 9.9973E-05 9.9973E-05 0.118888 0.00814253 0.0587953 9.9973E-05 0.376717
9.9964E-05 0.207072 0.0782246 9.9964E-05 9.9964E-05 9.9964E-05 0.0364402 0.677863
0.390226 9.9982E-05 0.131102 0.117665 9.9982E-05 0.00846183 0.0939315 0.258414
0.52652 0.0174823 9.9982E-05 0.081577 0.0514858 9.9982E-05 0.0263789 0.296356
0.451821 0.0323353 0.101254 0.0727465 0.0282319 9.9991E-05 0.0723046 0.241207
0.222354 0.0297467 9.9991E-05 0.049112 0.0350748 0.145259 0.00331605 0.515038
0.521546 9.9964E-05 0.0341711 9.9964E-05 0.0224841 9.9964E-05 9.9964E-05 0.421398
0.341821 0.144862 9.9982E-05 0.0406179 9.9982E-05 0.0145154 0.0362265 0.421758
0.297541 9.9964E-05 0.0386297 0.0774515 9.9964E-05 9.9964E-05 9.9964E-05 0.585978
0.368374 0.116162 0.00744786 9.9973E-05 9.9973E-05 9.9973E-05 0.0987881 0.408929
0.551133 0.129044 0.0268136 9.9973E-05 9.9973E-05 9.9973E-05 0.095991 0.196718
0.171389 0.411869 9.9991E-05 0.0345537 0.152397 0.092022 0.0177391 0.11993
0.382426 0.306188 0.0778523 0.0320718 9.9982E-05 0.0956556 0.105607 9.9982E-05
0.552764 0.12622 0.0168357 0.00673333 0.102761 0.0421535 0.122723 0.0298106
0.515008 0.201985 9.9973E-05 0.147845 9.9973E-05 9.9973E-05 0.0383186 0.0965429
0.434811 0.434215 9.9964E-05 9.9964E-05 0.118537 9.9964E-05 9.9964E-05 0.0120373
0.566453 0.2654 9.9982E-05 0.0439711 0.0968234 0.0175752 0.00957719 9.9982E-05
0.457444 0.36827 0.0637835 9.9973E-05 0.0646154 9.9973E-05 0.0455869 9.9973E-05
0.569617 0.131745 0.00469562 9.9991E-05 0.0913102 0.06128 0.0863829 0.0548691
0.574288 0.16304 0.0271398 0.0618551 9.9991E-05 0.0837502 0.0591557 0.030671
0.487549 0.314999 9.9982E-05 9.9982E-05 0.0781708 0.020288 0.0341829 0.0646105
0.480787 0.377116 0.0184543 9.9964E-05 0.123243 9.9964E-05 9.9964E-05 9.9964E-05
0.5822 0.0761247 0.0797065 0.0183932 0.0909283 0.0551083 0.0126328 0.0849067
0.610933 0.0965827 0.0736037 9.9991E-05 0.0887852 0.0731753 0.055029 0.00179133
0.484714 0.177057 0.0523279 0.0713204 0.184213 9.9982E-05 9.9982E-05 0.0301669
0.593581 0.0930426 0.0178582 9.9982E-05 0.111244 0.134287 0.0497881 9.9982E-05
0.514401 0.15591 0.0281304 0.0318684 0.195667 9.9991E-05 0.0293844 0.044539
0.303852 0.331677 0.0460239 9.9982E-05 0.16064 0.0706747 0.0869318 9.9982E-05
0.59997 0.219372 0.00561403 0.0473307 0.00706206 0.118123 9.9991E-05 0.00242775
0.68475 0.0746359 0.0617676 0.00540914 0.0827053 0.069575 0.0210573 9.9991E-05
0.171456 0.44121 0.0281897 0.0864841 0.0921321 9.9991E-05 0.0249599 0.155468
0.137969 0.285493 0.0329491 0.000361592 0.241511 0.256319 9.9991E-05 0.0452961
0.504527 0.219834 0.118163 0.0228107 9.9991E-05 0.0414997 0.0278343 0.0652311
9.9982E-05 0.186849 0.0803391 0.0748987 0.27819 0.13519 9.9982E-05 0.244333
0.213227 0.489164 9.9982E-05 0.0055919 0.0609746 9.9982E-05 0.0377056 0.193137
0.389674 0.334102 0.0455953 9.9982E-05 0.0567653 0.0122041 9.9982E-05 0.161459
0.350666 0.469493 0.0368081 9.9982E-05 0.0614269 9.9982E-05 0.0241215 0.0572848
0.19176 0.580218 0.0150268 0.0611555 0.0308628 9.9982E-05 9.9982E-05 0.120777
0.584254 0.210533 9.9982E-05 9.9982E-05 0.000259099 0.0585899 0.0105921 0.135572
0.423313 0.091429 0.0302901 0.14702 9.9991E-05 0.114864 0.0258334 0.167151
0.480175 0.225948 0.00728568 0.0294117 0.0872322 0.0266062 0.0443117 0.0990289
0.0940474 0.346843 9.9982E-05 0.0538031 0.17682 0.240203 9.9982E-05 0.088084
0.538462 0.0802045 0.0804252 9.9991E-05 0.00868877 0.024291 0.165406 0.102423
0.404959 0.0547258 0.0822885 0.0410568 0.0497792 0.196334 0.00207001 0.168787
9.9982E-05 0.0515484 0.117128 9.9982E-05 0.128888 0.420275 0.0914347 0.190526
0.624269 9.9982E-05 9.9982E-05 0.0054918 0.0912778 0.142214 0.0607391 0.0758087
0.336352 9.9991E-05 0.00950397 0.0383057 0.133375 0.248397 0.0276615 0.206305
0.557531 9.9982E-05 0.0504839 9.9982E-05 0.0605422 0.223467 0.0655353 0.0422408
0.250125 0.0752173 0.0573299 9.9991E-05 0.128524 0.312273 0.0613044 0.115126
0.199169 0.143344 0.0678074 9.9991E-05 0.1497 0.301233 0.0343821 0.104264
0.43711 0.0733291 0.0963067 0.00424198 0.161478 0.186742 0.00392057 0.0368717
0.472655 0.132492 0.00603495 0.0409643 0.132658 0.0509991 0.114501 0.0496958
0.401058 0.0912299 0.0424328 0.0698179 0.0859152 0.00172725 0.151429 0.156389
9.9982E-05 0.0966662 9.9982E-05 0.163956 0.0765904 0.348413 0.0451458 0.269029
0.525201 0.0761177 9.9991E-05 0.0845801 0.0301193 0.11879 0.106538 0.0585546
0.336779 0.114904 0.0243786 9.9982E-05 0.0892603 0.264805 9.9982E-05 0.169673
0.468242 0.133796 9.9973E-05 9.9973E-05 0.0874343 0.108555 9.9973E-05 0.201673
0.536531 0.116693 0.0749814 0.0691557 9.9982E-05 0.161886 9.9982E-05 0.0405535
0.128547 0.0377667 9.9982E-05 0.235329 9.9982E-05 0.247759 0.2971 0.0532976
9.9955E-05 9.9955E-05 9.9955E-05 0.150667 9.9955E-05 0.376101 0.472732 9.9955E-05
9.9955E-05 9.9955E-05 9.9955E-05 0.127613 9.9955E-05 0.496968 0.374918 9.9955E-05
0.0510331 0.0490236 9.9973E-05 0.330846 9.9973E-05 0.248078 0.320719 9.9973E-05
0.629805 9.9973E-05 0.0147187 9.9973E-05 0.0420071 0.201935 9.9973E-05 0.111234
0.47257 0.04981 0.0112702 0.0714348 0.157431 0.0964272 0.0946529 0.046404
0.213218 0.0659678 9.9964E-05 0.690408 9.9964E-05 9.9964E-05 9.9964E-05 0.0300066
0.299421 0.143503 9.9982E-05 0.42306 0.0654082 9.9982E-05 0.0667087 0.00169957
0.335136 0.0384646 9.9982E-05 0.417262 9.9982E-05 0.108329 0.0256198 0.0749893
0.336021 9.9973E-05 0.0280465 9.9973E-05 0.236083 0.316066 9.9973E-05 0.0834827
0.395959 0.126448 9.9982E-05 0.13176 0.0680715 0.146771 9.9982E-05 0.13079
0.188057 0.0507669 0.037405 9.9982E-05 0.224184 0.413006 9.9982E-05 0.0863807
0.56698 0.0153259 0.0181095 9.9991E-05 0.0576146 0.211551 0.0290152 0.101303
0.432209 0.154412 9.9973E-05 9.9973E-05 0.231274 0.153266 9.9973E-05 0.0285389
0.592391 0.00874027 0.0507028 0.0336883 0.0762928 0.163888 9.9991E-05 0.0741971
0.190819 0.0324117 0.0330467 9.9982E-05 0.178407 0.381978 9.9982E-05 0.183138
0.60655 9.9991E-05 0.00126898 0.0641553 0.0354579 0.10963 0.0356315 0.147206
0.545284 0.166157 9.9991E-05 0.0429446 0.0874912 0.0956641 0.00981782 0.0525419
9.9946E-05 9.9946E-05 9.9946E-05 0.928015 9.9946E-05 9.9946E-05 9.9946E-05 0.0713851
0.0624544 0.0150642 0.00480022 0.893708 0.0236737 9.9973E-05 9.9973E-05 9.9973E-05
0.227708 0.0625142 9.9982E-05 0.570311 0.0633232 0.009672 0.066272 9.9982E-05
0.267088 9.9973E-05 0.0510587 0.6671 0.0101452 9.9973E-05 0.00430808 9.9973E-05
0.10166 0.00275103 0.0619635 0.81927 9.9982E-05 9.9982E-05 0.000317265 0.0138387
9.994E-05 9.994E-05 9.994E-05 0.9993 9.994E-05 9.994E-05 9.994E-05 9.994E-05
9.9964E-05 0.0729673 0.00441724 0.911136 9.9964E-05 9.9964E-05 0.0110798 9.9964E-05
0.123349 9.9964E-05 0.0252575 0.831512 0.019482 9.9964E-05 9.9964E-05 9.9964E-05
0.0158706 0.00406542 9.9964E-05 0.952309 9.9964E-05 9.9964E-05 9.9964E-05 0.0273556
9.994E-05 9.994E-05 9.994E-05 0.9993 9.994E-05 9.994E-05 9.994E-05 9.994E-05
9.994E-05 9.994E-05 9.994E-05 0.9993 9.994E-05 9.994E-05 9.994E-05 9.994E-05
0.17145 0.024488 9.9973E-05 0.764845 9.9973E-05 0.0106619 0.028255 9.9973E-05
0.0541625 0.0331817 0.0616266 0.817923 9.9982E-05 0.0103201 0.0225859 9.9982E-05
9.9946E-05 9.9946E-05 9.9946E-05 0.992113 9.9946E-05 9.9946E-05 9.9946E-05 0.0072875
0.357979 0.0585526 0.0685435 0.402696 0.0371498 9.9991E-05 0.000223508 0.0747557
0.171907 0.0251324 9.9973E-05 0.630424 9.9973E-05 9.9973E-05 0.0754329 0.096804
0.199126 0.0460419 9.9973E-05 0.747474 9.9973E-05 0.00441819 0.00263947 9.9973E-05
0.00766255 0.00675924 0.0281439 0.918972 0.017587 9.9982E-05 9.9982E-05 0.0206756
0.00143598 9.9955E-05 9.9955E-05 0.983128 9.9955E-05 9.9955E-05 0.0149366 9.9955E-05
0.00515738 0.0512196 0.0313832 0.879959 9.9973E-05 9.9973E-05 0.0319809 9.9973E-05
9.994E-05 9.994E-05 9.994E-05 0.9993 9.994E-05 9.994E-05 9.994E-05 9.994E-05
0.198158 0.0162732 0.0596915 0.634203 0.0706323 9.9991E-05 0.0197714 0.00117098
9.9973E-05 0.003704 9.9973E-05 0.878899 0.0582128 9.9973E-05 0.0272136 0.0316703
9.9973E-05 9.9973E-05 9.9973E-05 0.0195844 0.0349018 0.531971 0.287219 0.126025
0.362768 0.0983863 0.0536713 0.0453451 0.078596 0.142564 0.157791 0.0608794
0.385781 9.9982E-05 0.0670589 9.9982E-05 0.0285231 0.19701 0.253213 0.0682145
0.221248 9.9991E-05 0.0199761 0.0529504 0.0236648 0.460156 0.155977 0.0659283
0.432808 9.9991E-05 0.0933743 0.127355 0.0156067 0.0833524 0.115729 0.131675
0.284823 9.9982E-05 9.9982E-05 0.00825919 0.0435631 0.435824 0.20997 0.0173606
0.409373 9.9991E-05 0.148628 0.0707146 0.0431674 0.176945 0.142836 0.00823584
0.355456 9.9973E-05 0.107597 0.125188 9.9973E-05 0.318582 0.0928772 9.9973E-05
0.437327 9.9982E-05 9.9982E-05 0.13498 0.0550275 0.164924 0.185437 0.0221044
0.386312 9.9964E-05 9.9964E-05 0.165316 9.9964E-05 0.346038 0.101934 9.9964E-05
0.402252 0.133027 0.0232329 0.135034 9.9991E-05 0.115124 0.13043 0.0607983
0.0464129 0.0594314 0.0170375 9.9982E-05 0.0250042 0.0478766 0.804037 9.9982E-05
9.9955E-05 9.9955E-05 9.9955E-05 0.0589448 0.0359799 9.9955E-05 0.904576 9.9955E-05
9.9964E-05 0.072593 9.9964E-05 9.9964E-05 9.9964E-05 0.00339798 0.921996 0.00161282
0.0211501 0.0288267 0.0215661 9.9964E-05 9.9964E-05 9.9964E-05 0.928057 9.9964E-05
0.0284288 0.0584856 9.9973E-05 0.0362491 9.9973E-05 0.0283782 0.848158 9.9973E-05
9.9973E-05 9.9973E-05 9.9973E-05 0.0841528 0.0206832 0.0047836 0.874991 0.0150894
0.0434523 9.9964E-05 0.0220658 0.0535953 9.9964E-05 9.9964E-05 0.880487 9.9964E-05
0.0132815 0.0435516 9.9982E-05 9.9982E-05 0.037364 0.035517 0.86672 0.00336611
0.00800399 9.9973E-05 9.9973E-05 0.00866681 0.0719976 9.9973E-05 0.895807 0.0152248
9.9955E-05 9.9955E-05 9.9955E-05 0.111288 9.9955E-05 0.0938565 0.794356 9.9955E-05
9.9973E-05 0.222844 0.0886537 9.9973E-05 0.0159252 9.9973E-05 0.59939 0.0728872
9.9982E-05 0.159632 0.196037 9.9982E-05 0.00113293 0.0192532 0.55442 0.0693246
9.9982E-05 0.166442 0.0697898 9.9982E-05 0.0621681 0.109734 0.517481 0.0741849
9.9982E-05 0.328097 0.0728155 9.9982E-05 0.0130648 0.00705695 0.473345 0.105421
0.567229 0.223652 9.9982E-05 0.00639295 9.9982E-05 0.0207206 0.0108247 0.170982
0.505527 9.9982E-05 0.109071 0.0729947 0.0564655 9.9982E-05 0.00103569 0.254706
0.45632 0.234331 0.0561752 0.107973 0.046286 9.9982E-05 9.9982E-05 0.0987143
0.330174 0.302872 9.9973E-05 9.9973E-05 9.9973E-05 0.101844 0.0647052 0.200105
0.154809 0.616137 0.0861821 0.0133184 0.0197572 9.9982E-05 9.9982E-05 0.109597
0.536161 9.9982E-05 0.052384 0.0334679 9.9982E-05 0.0191177 0.0943696 0.2643
0.544684 0.0970712 9.9973E-05 9.9973E-05 0.121827 9.9973E-05 0.00242004 0.233698
0.367841 0.06624 0.0691939 0.0858294 0.0591902 0.0147389 9.9991E-05 0.336867
0.344816 9.9973E-05 0.00696556 0.0271915 0.0745416 9.9973E-05 9.9973E-05 0.546185
0.553058 9.9982E-05 0.151467 0.0410921 0.0148967 9.9982E-05 0.0889724 0.150314
0.373929 0.142812 0.0730187 9.9982E-05 0.0352151 0.0103236 9.9982E-05 0.364502
9.9964E-05 0.0246233 9.9964E-05 9.9964E-05 0.271911 0.0236369 9.9964E-05 0.679429
0.610082 0.148143 0.0653574 9.9982E-05 9.9982E-05 0.0606902 0.0468979 0.0686288
0.214604 0.0203612 0.0230181 9.9991E-05 0.141859 0.0990049 0.0208436 0.480209
0.498542 0.0150147 0.0397389 9.9973E-05 0.0447086 9.9973E-05 9.9973E-05 0.401696
0.0664426 0.190094 0.0373119 9.9973E-05 9.9973E-05 9.9973E-05 0.0573992 0.648452
0.0486882 0.0230318 0.8471 9.9973E-05 9.9973E-05 0.0488571 0.0320234 9.9973E-05
9.9946E-05 9.9946E-05 0.980659 0.0187409 9.9946E-05 9.9946E-05 9.9946E-05 9.9946E-05
9.994E-05 9.994E-05 0.9993 9.994E-05 9.994E-05 9.994E-05 9.994E-05 9.994E-05
9.9955E-05 0.0523397 0.913418 9.9955E-05 9.9955E-05 9.9955E-05 0.0337429 9.9955E-05
9.9964E-05 0.0233832 0.899117 9.9964E-05 0.0504114 0.026688 9.9964E-05 9.9964E-05
9.9946E-05 9.9946E-05 0.918519 0.0808811 9.9946E-05 9.9946E-05 9.9946E-05 9.9946E-05
0.0930368 9.9973E-05 0.0238072 0.0158918 9.9973E-05 9.9973E-05 0.855957 0.0110072
0.00566007 0.0875637 9.9964E-05 0.118728 9.9964E-05 9.9964E-05 0.787649 9.9964E-05
0.127832 9.9964E-05 0.0325261 0.118686 9.9964E-05 9.9964E-05 0.720556 9.9964E-05
0.005366 0.123061 9.9973E-05 0.1433 9.9973E-05 0.00265902 0.725315 9.9973E-05
9.9964E-05 0.0834574 9.9964E-05 0.13233 9.9964E-05 0.0305124 0.7533 9.9964E-05
9.9973E-05 0.335653 0.236184 9.9973E-05 9.9973E-05 0.0376949 0.377635 0.0125341
9.9982E-05 0.17031 0.249608 9.9982E-05 0.0184351 0.0077854 0.468492 0.0851703
9.9973E-05 0.252381 0.29561 9.9973E-05 0.0192795 9.9973E-05 0.420674 0.0117553
0.1242 0.0456787 9.9964E-05 0.0197886 9.9964E-05 9.9964E-05 0.809933 9.9964E-05
9.9973E-05 0.181137 0.390366 9.9973E-05 9.9973E-05 0.0263937 0.346613 0.0551904
0.290658 9.9982E-05 0.000174213 0.32471 0.0112609 0.197474 0.175523 9.9982E-05
0.475483 0.0842806 9.9991E-05 0.188942 0.000632592 0.0762176 0.123639 0.0507051
0.567845 0.0217114 9.9964E-05 0.205769 9.9964E-05 9.9964E-05 0.204274 9.9964E-05
0.217648 9.9982E-05 0.0507954 0.294519 9.9982E-05 0.0525873 0.213397 0.170854
0.488912 9.9982E-05 9.9982E-05 0.22327 0.0979193 0.0992874 0.0241846 0.066226
9.9973E-05 9.9973E-05 0.0125658 0.306876 0.00783017 0.269882 0.402546 9.9973E-05
0.356883 0.361963 0.095942 0.0224321 0.0911399 0.0127129 9.9991E-05 0.058827
0.313223 0.287641 9.9973E-05 9.9973E-05 0.177033 0.139363 9.9973E-05 0.0824399
0.271361 0.513904 0.107132 0.0267713 9.9991E-05 0.0406706 0.0273972 0.0126642
0.449999 0.126469 0.0473033 9.9982E-05 0.298534 0.0699632 9.9982E-05 0.00753218
9.9973E-05 0.140781 0.018925 9.9973E-05 0.268108 0.321855 9.9973E-05 0.250031
0.495629 0.192465 9.9991E-05 0.0508415 0.155436 0.0147807 0.0482181 0.0425297
0.506785 0.212292 9.9982E-05 9.9982E-05 0.147551 0.00189031 0.0461753 0.0851074
0.310063 0.535417 9.9991E-05 0.00608211 0.100558 0.00476349 0.0218229 0.0211941
0.46248 0.268399 9.9982E-05 0.0335023 0.0601695 0.0597178 0.115531 9.9982E-05
0.14426 0.297051 9.9973E-05 9.9973E-05 0.0949565 0.271689 9.9973E-05 0.191743
0.393338 0.121753 0.0707393 0.0532845 0.103701 0.200982 9.9991E-05 0.0561021
0.546963 0.260032 0.105092 9.9973E-05 0.0177848 9.9973E-05 9.9973E-05 0.0698277
0.258221 0.0671374 0.0883131 0.213933 0.0266159 0.0245995 0.13088 0.1903
0.380051 0.279315 0.0380989 9.9973E-05 0.194312 0.107923 9.9973E-05 9.9973E-05
0.434725 0.224124 0.066907 0.0123296 0.218495 0.0174304 0.0258893 9.9991E-05
0.390466 0.150928 9.9982E-05 0.138254 0.17881 0.0773941 9.9982E-05 0.0639483
0.530363 0.214761 0.0747322 9.9982E-05 0.0982264 0.0369693 9.9982E-05 0.0447485
0.655833 0.182093 0.013783 0.0237328 0.0810776 0.0432799 9.9982E-05 9.9982E-05
0.523174 0.119832 9.9991E-05 0.0198774 0.084927 0.106538 0.130387 0.0151641
0.474279 0.154143 0.0275811 0.112812 0.0293402 0.0725674 0.0607005 0.0685776
0.144221 9.9955E-05 9.9955E-05 0.0731497 9.9955E-05 9.9955E-05 0.78213 9.9955E-05
0.0372991 9.9973E-05 9.9973E-05 0.0467116 0.0481734 9.9973E-05 0.830811 0.0367051
0.0432623 0.0777623 9.9973E-05 9.9973E-05 9.9973E-05 0.0474364 0.751817 0.079422
9.9964E-05 9.9964E-05 0.0933451 0.0529884 9.9964E-05 9.9964E-05 0.79159 0.0616764
0.161099 9.9964E-05 0.018319 0.00327187 9.9964E-05 9.9964E-05 0.81691 9.9964E-05
0.108815 0.665901 0.0479107 0.0425067 9.9982E-05 0.05916 9.9982E-05 0.0755071
0.361744 0.181198 9.9991E-05 0.0725269 0.117395 0.0384955 0.078701 0.149839
0.456113 0.0339023 9.9991E-05 0.156436 0.00547125 0.0956129 0.197329 0.0550362
0.631148 0.17725 9.9982E-05 0.0278223 0.0703027 0.0704068 0.0228703 9.9982E-05
0.513358 0.224998 0.0444791 9.9991E-05 0.0249586 0.0533404 0.0593001 0.0794661
0.22569 0.394011 0.0148589 0.0267735 0.219309 0.119158 9.9982E-05 9.9982E-05
0.0044246 0.668488 9.9973E-05 9.9973E-05 9.9973E-05 0.113728 0.13802 0.0750396
0.579481 0.278293 0.0481562 9.9982E-05 0.0376963 9.9982E-05 0.0398272 0.0163455
0.0259237 0.523361 0.0957109 0.104184 0.163531 9.9991E-05 0.0468226 0.0403663
0.309616 0.150964 0.118263 0.0600261 0.10734 0.0495539 0.0229625 0.181274
0.00652375 0.490825 0.077096 0.0715851 0.183699 9.9991E-05 0.115929 0.0542423
0.587237 0.130451 0.0614736 0.0424502 0.0080549 0.0704343 0.0907944 0.00910462
0.166895 0.573514 0.0192211 0.0162795 0.0577866 0.0297205 0.0621535 0.0744299
0.338803 0.349132 9.99817E-05 0.0176118 0.168076 0.126078 9.99817E-05 9.99817E-05
0.55457 0.12361 9.9991E-05 0.0321372 0.0958957 0.028585 0.136531 0.0285707
0.291042 0.103668 0.106695 9.9982E-05 0.11379 0.373354 9.9982E-05 0.0112502
0.547774 0.0215018 0.140428 9.9991E-05 0.00266913 0.115764 0.040419 0.131345
0.553039 0.0531232 0.0560294 9.9991E-05 0.0474185 0.0999319 0.124122 0.0662365
0.303982 0.053607 0.0299179 9.9982E-05 0.140414 0.341266 9.9982E-05 0.130613
0.447509 0.0252335 0.0778274 0.00966089 0.14315 0.171331 0.125188 9.9991E-05
0.530539 9.9982E-05 0.0889642 9.9982E-05 0.0960007 0.175098 0.0306245 0.078574
0.0674353 0.00684384 0.11206 9.9982E-05 0.115537 0.458233 9.9982E-05 0.239691
0.283818 9.9973E-05 0.0382635 9.9973E-05 0.0731615 0.512039 9.9973E-05 0.0924178
0.511359 9.9973E-05 0.0648034 9.9973E-05 0.0286875 0.34773 9.9973E-05 0.0471203
0.148936 0.103166 0.102823 9.9982E-05 0.0983686 0.347661 9.9982E-05 0.198845
0.492991 0.0803305 0.000123015 9.9973E-05 9.9973E-05 0.256341 9.9973E-05 0.169915
0.0477948 0.671486 0.0426877 0.0157815 0.0651991 9.9991E-05 0.0212264 0.135724
0.239694 0.35985 9.9982E-05 0.00209532 0.268813 0.0683453 9.9982E-05 0.0610031
0.285531 0.473232 0.0250845 0.0834642 0.0680239 9.9982E-05 9.9982E-05 0.0644645
0.634369 0.24014 0.02969 0.0346698 0.03634 9.9991E-05 0.0205916 0.00410016
0.24128 0.505967 0.0526661 0.0317613 9.9973E-05 9.9973E-05 9.9973E-05 0.168026
0.431836 0.0585197 0.0869545 0.119751 0.169425 0.133314 9.9982E-05 9.9982E-05
0.511623 0.288085 9.9964E-05 0.0470909 9.9964E-05 9.9964E-05 0.152801 9.9964E-05
0.338248 0.310782 9.9973E-05 0.0731545 0.126495 9.9973E-05 9.9973E-05 0.15102
0.411687 0.302632 0.0212265 0.119612 0.087785 9.9982E-05 9.9982E-05 0.0568579
0.370952 0.294163 0.110611 0.0318036 0.0582649 9.9982E-05 9.9982E-05 0.134005
0.180801 0.542026 0.0214951 0.0940387 0.00948789 9.9982E-05 9.9982E-05 0.151951
0.286026 0.49977 0.0298814 0.0890048 0.00716082 9.9982E-05 9.9982E-05 0.0879565
0.606181 0.171562 9.9982E-05 0.0139205 0.0374383 0.0729528 9.9982E-05 0.0977453
0.481518 0.23129 9.9982E-05 0.109801 0.0770716 0.0543657 0.0457537 9.9982E-05
0.423271 0.196556 0.0620574 9.9982E-05 0.15741 0.133157 0.0273485 9.9982E-05
0.481475 0.176776 0.0533992 0.0886118 0.16597 0.0199875 9.9991E-05 0.0136793
0.355279 0.496532 9.9964E-05 9.9964E-05 9.9964E-05 0.092446 0.0553423 9.9964E-05
0.620295 0.254674 0.0115322 0.00132493 0.0370316 0.0482936 0.0267485 9.9991E-05
0.517171 0.310156 0.0332394 0.0360587 0.0618696 9.9982E-05 9.9982E-05 0.0413051
0.488293 0.158655 0.0696079 0.151345 0.0303203 0.00177853 0.0641282 0.0358724
0.357839 0.117325 9.9982E-05 0.1283 9.9982E-05 0.0496853 0.324679 0.0219713
0.350599 9.9982E-05 9.9982E-05 0.252154 0.0635022 0.0895907 0.173384 0.0705703
0.502249 0.0197112 9.9982E-05 0.167204 0.0287595 0.132621 0.149256 9.9982E-05
0.586525 0.00605768 0.0293724 0.0952586 0.077615 0.111866 0.0932054 9.9991E-05
0.489467 0.0238369 9.9982E-05 0.229795 0.0258006 9.9982E-05 0.178091 0.05281
0.398589 0.218664 0.079218 9.9982E-05 0.213214 0.0799277 9.9982E-05 0.010187
0.469766 0.0759615 9.9991E-05 0.130963 0.0300684 0.0449077 0.168781 0.0794527
0.0142877 0.0718458 9.9982E-05 0.1027 9.9982E-05 0.509622 0.186022 0.115322
0.47545 0.150066 9.9973E-05 0.13377 9.9973E-05 0.103056 0.137358 9.9973E-05
0.512392 0.0848227 0.0590893 0.0989395 0.102711 0.0240244 0.101374 0.0166476
0.429701 0.0257226 0.101522 0.246225 0.0839858 0.0534387 0.0557488 0.00365662
0.303325 0.130773 9.9991E-05 0.0825887 0.119779 0.129962 0.188812 0.0446601
0.506858 0.0428142 9.9973E-05 0.106032 9.9973E-05 0.12994 0.214055 9.9973E-05
0.52154 9.9973E-05 9.9973E-05 0.114841 0.0556657 0.100495 0.207158 9.9973E-05
9.9955E-05 9.9955E-05 9.9955E-05 0.174256 9.9955E-05 0.371316 0.453929 9.9955E-05
0.594478 9.9973E-05 9.9973E-05 0.157463 9.9973E-05 0.0430011 0.163982 0.0407765
0.559436 9.9973E-05 9.9973E-05 0.17024 0.0801682 0.0905999 0.099257 9.9973E-05
0.514823 0.0368267 9.9991E-05 0.0596619 0.0156955 0.0944668 0.152351 0.126075
0.493331 0.0303614 9.9973E-05 0.238738 9.9973E-05 0.0982731 0.138996 9.9973E-05
0.40744 0.115163 9.9982E-05 0.175581 0.0922544 0.0274949 0.181866 9.9982E-05
0.385801 0.0804793 0.00186413 0.0360808 0.411259 9.9982E-05 9.9982E-05 0.0843156
0.437954 0.160699 9.9991E-05 0.106187 0.221642 0.0291516 0.0378469 0.00641955
9.9955E-05 0.147243 9.9955E-05 9.9955E-05 0.818749 9.9955E-05 9.9955E-05 0.0335083
9.9973E-05 0.0384587 0.00645229 9.9973E-05 0.883109 9.9973E-05 0.00575625 0.0659243
0.435863 0.125232 9.9982E-05 0.125367 0.233689 9.9982E-05 0.0350511 0.0445982
0.320879 0.0306498 0.0133165 0.327996 0.119763 0.157047 0.0302481 9.9991E-05
0.291151 9.9982E-05 9.9982E-05 0.339365 0.151799 0.073738 0.122203 0.0215439
0.192794 0.0226448 9.9982E-05 0.28221 0.141447 0.143666 0.217037 9.9982E-05
0.263071 0.051625 9.9982E-05 0.286757 0.204582 0.00948104 0.184285 9.9982E-05
0.0332513 9.9982E-05 0.0218751 0.0969506 0.659217 0.146302 0.042204 9.9982E-05
0.131987 9.9973E-05 9.9973E-05 0.0678478 0.606295 0.0740405 0.11953 9.9973E-05
0.489288 9.9973E-05 0.00520925 0.115163 0.350066 9.9973E-05 9.9973E-05 0.0399747
0.447113 0.0035695 0.00521824 0.0721743 0.436252 9.9982E-05 0.0354726 9.9982E-05
0.106344 9.9964E-05 9.9964E-05 0.0987917 0.698379 9.9964E-05 0.096086 9.9964E-05
0.449584 9.9973E-05 9.9973E-05 0.122227 0.272154 9.9973E-05 0.0454028 0.110332
0.495967 0.0104208 9.9973E-05 0.12713 0.319104 9.9973E-05 0.0470792 9.9973E-05
0.433578 0.0994515 0.0459495 0.163867 0.179721 9.9982E-05 0.0772336 9.9982E-05
0.256994 0.0095117 0.0449017 9.9973E-05 0.651973 9.9973E-05 9.9973E-05 0.036319
0.323773 0.101902 9.9991E-05 0.0217126 0.435275 0.0210488 0.0156337 0.0805556
0.410416 0.0553082 0.0637708 0.0688947 0.237851 9.9982E-05 9.9982E-05 0.163559
0.346372 9.9982E-05 0.11669 0.0182196 0.40877 0.0211211 0.0886272 9.9982E-05
0.387452 0.147041 9.9991E-05 0.105824 0.147606 0.0501563 0.111154 0.0506672
0.45976 0.0111891 0.0102178 9.9982E-05 0.381833 0.136156 9.9982E-05 0.000644361
0.17741 0.00503408 0.0883857 9.9964E-05 0.72877 9.9964E-05 9.9964E-05 9.9964E-05
0.52364 9.9973E-05 9.9973E-05 0.024376 0.336179 0.00831113 9.9973E-05 0.107194
0.430375 9.9982E-05 0.0773399 0.111302 0.178876 9.9982E-05 0.0924584 0.109449
0.166726 0.0298345 0.0346684 9.9973E-05 0.690974 9.9973E-05 9.9973E-05 0.0774964
0.403781 9.9964E-05 0.102397 9.9964E-05 0.492754 9.9964E-05 0.000667707 9.9964E-05
0.469444 0.0527648 0.0416064 0.0132712 0.293818 9.9991E-05 0.0776042 0.0513911
0.476086 0.036473 9.9991E-05 0.00312158 0.35358 0.0271447 0.0266913 0.0768041
0.469878 9.9982E-05 0.0379943 0.137587 0.150044 9.9982E-05 0.192539 0.0117582
0.328851 0.071726 9.9982E-05 0.119171 0.203172 9.9982E-05 0.170123 0.106758
0.250027 0.0815445 0.0420317 0.225208 0.0764671 0.125625 0.14749 0.0516071
0.327171 0.0388258 0.0691979 0.201194 0.190211 0.0706734 0.102626 9.9991E-05
0.471899 9.9982E-05 0.0864471 0.136851 0.0921585 9.9982E-05 0.197299 0.0151454
0.299995 0.0351884 0.109568 0.310208 0.164659 9.9991E-05 0.0753447 0.00493607
9.9964E-05 9.9964E-05 0.0497585 0.135271 0.622174 9.9964E-05 0.192396 9.9964E-05
0.582312 0.0223816 0.0270138 0.203771 0.129843 9.9982E-05 0.0344796 9.9982E-05
9.9964E-05 9.9964E-05 9.9964E-05 0.0730925 0.439761 0.124016 0.362731 9.9964E-05
0.435831 9.9964E-05 9.9964E-05 0.20609 0.312088 9.9964E-05 0.0455918 9.9964E-05
0.0298263 9.9973E-05 0.000826356 9.9973E-05 0.791535 0.0135985 9.9973E-05 0.163914
9.9946E-05 9.9946E-05 9.9946E-05 9.9946E-05 0.908068 9.9946E-05 9.9946E-05 0.0913319
0.454868 0.00129788 9.9964E-05 9.9964E-05 0.469565 9.9964E-05 9.9964E-05 0.0738691
0.627107 9.9946E-05 9.9946E-05 9.9946E-05 0.372293 9.9946E-05 9.9946E-05 9.9946E-05
0.333906 0.068721 9.9955E-05 9.9955E-05 0.596873 9.9955E-05 9.9955E-05 9.9955E-05
0.437908 9.9973E-05 0.0102127 0.00908985 0.392303 9.9973E-05 9.9973E-05 0.150186
0.441814 9.9955E-05 9.9955E-05 9.9955E-05 0.491101 9.9955E-05 9.9955E-05 0.0665851
0.0892438 0.0118258 9.9982E-05 0.0588504 0.0559704 9.9982E-05 0.760972 0.0229376
9.9973E-05 0.0970043 0.0504657 0.124 0.0185012 9.9973E-05 0.709728 9.9973E-05
9.9955E-05 0.042769 9.9955E-05 0.0690906 9.9955E-05 9.9955E-05 0.887641 9.9955E-05
0.0291992 9.9964E-05 9.9964E-05 9.9964E-05 0.030124 0.017433 0.922844 9.9964E-05
0.462523 9.9982E-05 0.0186023 0.0215618 0.108549 9.9982E-05 0.0464188 0.342145
0.440119 0.0233277 0.0255428 0.0745739 9.9982E-05 9.9982E-05 0.0337706 0.402466
0.485285 0.0297291 9.9955E-05 9.9955E-05 9.9955E-05 9.9955E-05 9.9955E-05 0.484486
0.50154 0.00166459 0.0314676 0.00547243 9.9982E-05 9.9982E-05 0.136649 0.323006
0.541475 9.9982E-05 0.155521 9.9982E-05 0.0150041 0.0760079 0.0256747 0.186117
0.17368 0.14124 0.0535031 9.9973E-05 9.9973E-05 0.0573794 9.9973E-05 0.573898
0.603423 9.9955E-05 9.9955E-05 0.0171044 9.9955E-05 9.9955E-05 9.9955E-05 0.378973
0.358713 9.9973E-05 0.0174255 9.9973E-05 0.109995 0.0687658 9.9973E-05 0.444802
0.47722 0.0424353 0.0193486 0.163588 0.00346956 0.0575643 0.236275 9.9991E-05
0.376287 0.0366297 0.0308216 0.0370958 0.0694988 0.0605692 9.9991E-05 0.388997
0.307263 0.0630779 0.10587 9.9964E-05 9.9964E-05 9.9964E-05 9.9964E-05 0.523389
0.484158 0.0384301 0.0244394 9.9973E-05 0.16464 9.9973E-05 9.9973E-05 0.288033
0.429492 0.0912995 0.00129507 9.9982E-05 0.0690797 0.00433676 9.9982E-05 0.404297
0.588289 9.9973E-05 0.000790536 9.9973E-05 0.0744755 0.00931659 9.9973E-05 0.326829
0.519719 9.9973E-05 0.102291 9.9973E-05 0.0339256 9.9973E-05 0.0719184 0.271846
0.0398626 9.9955E-05 9.9955E-05 9.9955E-05 0.0560106 9.9955E-05 9.9955E-05 0.903627
0.164552 9.9982E-05 0.0442059 0.107731 0.00198704 0.0281912 9.9982E-05 0.653133
0.271382 9.9955E-05 9.9955E-05 9.9955E-05 0.0771493 9.9955E-05 9.9955E-05 0.650969
9.9955E-05 9.9955E-05 9.9955E-05 9.9955E-05 0.0690011 0.126463 9.9955E-05 0.804036
0.38332 0.0594798 0.051789 0.0136807 0.00232273 9.9991E-05 0.0200703 0.469237
0.0556961 9.9964E-05 0.00114705 9.9964E-05 9.9964E-05 0.291157 9.9964E-05 0.6516
9.9955E-05 9.9955E-05 9.9955E-05 9.9955E-05 0.0716061 0.253103 9.9955E-05 0.674791
0.612293 0.027855 0.00443035 9.9973E-05 9.9973E-05 0.11507 9.9973E-05 0.240052
0.140906 0.215348 9.9973E-05 9.9973E-05 0.0579522 9.9973E-05 0.0525267 0.532967
0.382087 0.133965 0.00985465 0.0541329 9.9982E-05 0.00400823 9.9982E-05 0.415752
0.467758 0.0302223 0.0725234 0.136335 9.9982E-05 9.9982E-05 0.0549074 0.238054
0.54491 0.105264 0.0318143 9.9964E-05 9.9964E-05 9.9964E-05 9.9964E-05 0.317612
0.257954 0.338585 9.9982E-05 0.0807098 0.25544 0.0488606 9.9982E-05 0.0182496
0.477034 0.0930855 9.9982E-05 0.0868869 0.0268674 9.9982E-05 0.011873 0.304054
0.491414 0.104138 9.9973E-05 9.9973E-05 9.9973E-05 0.0276161 0.0349093 0.341623
0.280665 9.9964E-05 0.0247331 9.9964E-05 9.9964E-05 0.0743225 9.9964E-05 0.61988
0.475955 0.103463 0.102754 0.078405 0.0421223 9.9982E-05 9.9982E-05 0.1971
0.0105281 0.234072 0.104012 0.000645075 9.9991E-05 0.0432166 0.586928 0.0204984
0.0421351 0.112156 0.0368911 9.9982E-05 9.9982E-05 0.018186 0.738968 0.0514638
9.9964E-05 0.106587 0.0199802 9.9964E-05 9.9964E-05 0.0576108 0.815422 9.9964E-05
9.9982E-05 0.0986394 0.0662207 9.9982E-05 0.00232466 0.0524392 0.765473 0.0147033
0.0220314 0.167264 0.113436 9.9973E-05 9.9973E-05 0.0138775 0.683091 9.9973E-05
0.0792396 0.166726 9.9964E-05 9.9964E-05 9.9964E-05 9.9964E-05 0.0821428 0.671492
0.0854013 0.137588 9.9982E-05 9.9982E-05 0.0325216 0.00931226 0.0735049 0.661472
0.0670167 9.9973E-05 9.9973E-05 0.0382073 0.0203657 0.0934046 9.9973E-05 0.780706
0.34582 0.039384 9.9982E-05 0.207667 0.0886491 9.9982E-05 0.0337531 0.284527
0.58544 9.9982E-05 9.9982E-05 0.0720471 0.078487 0.0563739 0.123899 0.0835526
0.195029 9.9973E-05 9.9973E-05 0.0266332 0.0475218 9.9973E-05 0.0871963 0.64332
0.5248 9.9982E-05 0.022082 0.0521312 0.0461387 9.9982E-05 0.026093 0.328555
0.297968 9.9991E-05 0.0385446 0.0222761 0.0434356 0.0214142 0.111006 0.465256
0.609683 0.0979334 0.0259877 9.9973E-05 9.9973E-05 0.0882148 9.9973E-05 0.177882
0.567191 0.100934 0.0347221 9.9982E-05 0.0212109 9.9982E-05 0.0529745 0.222768
0.228819 0.176357 0.00485562 0.0218411 9.9973E-05 9.9973E-05 9.9973E-05 0.567827
0.359459 0.0820076 0.0204404 9.9973E-05 9.9973E-05 9.9973E-05 0.0663713 0.471421
0.279792 0.151642 9.9964E-05 9.9964E-05 9.9964E-05 9.9964E-05 0.0349857 0.53318
0.589912 0.0104518 0.0308883 9.9991E-05 0.0217377 0.180885 0.0855166 0.0805082
0.376927 0.0622118 9.9964E-05 9.9964E-05 9.9964E-05 9.9964E-05 0.0139882 0.546473
0.501102 0.0385105 0.00606139 9.9982E-05 0.00409454 9.9982E-05 0.0473895 0.402642
0.334406 0.0308772 9.9982E-05 0.451186 0.0745383 0.0335106 0.0752811 9.9982E-05
0.323034 9.9973E-05 9.9973E-05 0.401272 0.132652 0.0202327 0.12251 9.9973E-05
0.410394 9.9982E-05 0.00689671 0.45514 0.0261012 0.0345918 0.066677 9.9982E-05
0.223302 9.9982E-05 9.9982E-05 0.513245 0.0431147 0.119339 0.085784 0.015016
0.448466 0.0116729 9.9982E-05 0.27848 0.0475438 0.120031 0.0936066 9.9982E-05
0.554674 9.9964E-05 9.9964E-05 9.9964E-05 9.9964E-05 0.149002 0.00831094 0.287614
0.0143379 9.9964E-05 9.9964E-05 0.67175 9.9964E-05 0.0393702 0.274142 9.9964E-05
0.329736 9.9982E-05 0.00731494 0.433718 0.0119068 9.9982E-05 0.177341 0.0397837
0.486984 9.9991E-05 0.0182688 0.129049 0.0220731 0.254791 0.0804843 0.00824939
0.534518 0.085859 9.9964E-05 9.9964E-05 9.9964E-05 0.238377 0.140846 9.9964E-05
0.455663 0.103463 0.0468786 9.9991E-05 0.0329776 0.238998 0.0708071 0.0511123
0.619057 0.00208643 0.142721 9.9982E-05 9.9982E-05 0.171248 0.0485725 0.0161149
0.534834 9.9991E-05 0.0659094 0.0331678 0.0272317 0.131862 0.0743233 0.132572
0.348357 9.9964E-05 9.9964E-05 0.389249 9.9964E-05 9.9964E-05 0.240232 0.0217621
0.308782 0.154487 9.9973E-05 0.363397 0.0765394 9.9973E-05 0.0964951 9.9973E-05
0.406106 0.00247849 9.9982E-05 0.509326 0.0203658 0.00592307 0.0556002 9.9982E-05
0.441402 0.0396342 0.0209334 0.253395 0.102756 9.9991E-05 0.122704 0.0190756
0.284627 0.0380052 9.9973E-05 0.528527 9.9973E-05 0.0482258 0.100315 9.9973E-05
0.407552 9.9991E-05 0.00817469 0.249734 0.105214 0.0203897 0.156985 0.0518501
0.239394 0.0633545 9.9973E-05 0.550983 9.9973E-05 0.046477 0.0994915 9.9973E-05
0.306541 0.104608 0.0335894 0.317926 0.0687306 0.0644211 0.104083 9.9991E-05
0.600464 0.043068 0.0143056 9.9982E-05 9.9982E-05 0.275428 0.0644697 0.00206525
0.385223 9.9982E-05 0.013648 0.315726 0.0533833 9.9982E-05 0.166594 0.0652255
0.176058 9.9973E-05 0.00326416 0.600112 9.9973E-05 0.0650268 0.155239 9.9973E-05
0.297482 0.0349291 9.9991E-05 0.337048 0.0988648 0.079393 0.0749371 0.077247
0.191441 0.126927 0.165621 9.9982E-05 9.9982E-05 0.313381 0.0860282 0.116402
0.592734 0.0973275 0.00351092 0.0228935 9.9973E-05 0.283234 9.9973E-05 9.9973E-05
0.400767 0.00989871 0.00355998 0.257048 0.0687518 0.0145006 0.232128 0.0133463
0.585716 0.135236 0.0325294 9.9973E-05 9.9973E-05 0.120876 0.125342 9.9973E-05
0.534798 0.0680413 0.0433977 9.9973E-05 9.9973E-05 0.213981 0.139482 9.9973E-05
0.347726 0.00654246 0.0327437 0.228454 0.0452241 0.0737225 0.162104 0.103484
0.274046 0.0549325 0.00881513 0.300164 0.114012 0.0204516 0.227479 9.9991E-05
0.57662 0.000802363 9.9982E-05 0.0975378 9.9982E-05 0.0649038 0.119769 0.140167
0.307454 0.045754 0.00492253 0.372251 9.9991E-05 0.00134922 0.152507 0.115662
0.334279 9.9973E-05 9.9973E-05 0.50005 0.0775395 0.0451508 0.0426806 9.9973E-05
0.166017 9.9964E-05 9.9964E-05 0.579828 9.9964E-05 0.0902526 0.163503 9.9964E-05
0.621646 0.0298715 0.043278 0.0543935 9.9991E-05 0.161701 0.0640702 0.0249399
0.45435 0.161346 0.0200678 9.9982E-05 9.9982E-05 0.2147 0.0669475 0.0823885
0.195055 9.9982E-05 0.0420709 9.9982E-05 0.0352284 0.649354 0.0137352 0.0643565
0.584827 0.0284742 0.0104689 0.0700716 9.9991E-05 0.123812 0.138045 0.0442016
0.3434 0.258432 0.0487491 0.103462 0.0416754 0.156071 0.0481105 9.9991E-05
0.455345 0.00112576 9.9991E-05 0.122025 0.000112862 0.219441 0.194518 0.0073318
0.352406 0.154237 0.0368135 0.131401 9.9991E-05 0.208133 0.0517127 0.0651963
9.9955E-05 9.9955E-05 9.9955E-05 0.14951 9.9955E-05 0.667899 0.182091 9.9955E-05
9.9955E-05 9.9955E-05 9.9955E-05 0.065836 9.9955E-05 0.750126 0.183538 9.9955E-05
