0.911747 0.0114801 0.076773
0.975319 9.9991E-05 0.0245814
0.803162 9.9991E-05 0.196738
0.869569 0.00812272 0.122309
0.849263 9.9991E-05 0.150637
0.633406 0.249076 0.117518
0.85083 0.10079 0.0483796
0.78496 0.178612 0.0364284
0.948892 0.0510085 9.9991E-05
0.675108 0.163165 0.161727
0.820224 0.176927 0.00284871
0.0436913 0.799465 0.156844
0.0592397 0.648362 0.292398
0.100069 0.698934 0.200997
0.125785 0.589698 0.284517
0.173562 0.529468 0.29697
0.0723648 0.610715 0.31692
0.140707 0.644976 0.214317
0.22548 0.77442 9.9991E-05
0.0223417 0.703627 0.274031
0.0701143 0.631651 0.298235
0.0720007 0.649214 0.278785
0.0912766 0.704769 0.203954
0.0815027 0.534738 0.383759
0.127136 0.718867 0.153997
0.0889746 0.656994 0.254031
0.147202 0.80498 0.047818
0.756627 9.9991E-05 0.243273
0.785106 9.9991E-05 0.214794
0.767695 0.0556307 0.176674
0.711425 0.0707349 0.21784
0.0150124 0.774668 0.210319
9.9991E-05 0.647736 0.352164
0.259791 0.740109 9.9991E-05
0.0102455 0.827569 0.162186
9.9991E-05 0.578685 0.421215
0.0354571 0.617285 0.347258
0.0765378 0.592061 0.331401
0.0453493 0.90753 0.0471206
9.9991E-05 0.631825 0.368075
9.9991E-05 0.885095 0.114805
0.174208 0.825692 9.9991E-05
0.0725548 0.918153 0.00929241
0.126688 0.818674 0.0546378
0.174642 0.798532 0.0268256
9.9991E-05 0.669727 0.330173
0.129414 0.710006 0.16058
0.325063 0.648316 0.0266204
0.0837459 0.60708 0.309175
0.210104 0.789796 9.9991E-05
9.9991E-05 0.760171 0.239729
9.9991E-05 0.556858 0.443042
0.124349 0.764336 0.111314
0.04187 0.641812 0.316318
0.152881 0.79606 0.0510587
9.9991E-05 0.739507 0.260393
0.012926 0.874342 0.112732
0.0539114 0.945989 9.9991E-05
9.999E-05 0.9998 9.999E-05
9.9991E-05 0.882713 0.117187
9.9991E-05 0.742559 0.257341
9.9991E-05 0.728855 0.271045
0.0937287 0.818661 0.0876108
0.0851292 0.856385 0.0584862
0.0314526 0.827092 0.141456
0.0243488 0.757619 0.218032
9.9991E-05 0.811166 0.188734
0.0542165 0.945683 9.9991E-05
0.780267 0.0738783 0.145854
0.884221 9.9991E-05 0.115679
0.864821 9.9991E-05 0.135079
0.925076 9.9991E-05 0.0748236
0.846818 9.9991E-05 0.153082
0.870476 9.9991E-05 0.129424
0.909046 9.9991E-05 0.0908542
0.0434916 0.956408 9.9991E-05
0.0076183 0.773857 0.218525
0.0114065 0.629076 0.359518
9.9991E-05 0.667932 0.331968
9.9991E-05 0.682512 0.317388
0.0927332 0.907167 9.9991E-05
0.0113449 0.809678 0.178977
0.003372 0.742327 0.254301
0.0196967 0.737503 0.2428
9.9991E-05 0.769385 0.230515
0.110591 0.763839 0.125569
0.0868426 0.804023 0.109134
0.148535 0.634599 0.216866
0.0658559 0.691953 0.242191
9.9991E-05 0.703037 0.296863
0.0942706 0.698822 0.206907
0.0321646 0.645242 0.322593
0.0409119 0.748539 0.210549
9.9991E-05 0.630608 0.369292
9.9991E-05 0.68918 0.31072
0.132042 0.626976 0.240982
0.0134213 0.604995 0.381583
9.9991E-05 0.610676 0.389224
0.113191 0.728388 0.158421
0.115191 0.833826 0.0509834
0.0623715 0.866258 0.0713701
0.0949367 0.850181 0.0548827
0.0535316 0.778807 0.167662
0.112153 0.791208 0.0966391
0.0871695 0.776937 0.135894
0.0812864 0.569572 0.349142
0.134124 0.754837 0.111039
0.0476759 0.601346 0.350978
0.309739 0.690161 9.9991E-05
0.138678 0.632226 0.229095
0.10222 0.547325 0.350455
0.153087 0.731733 0.11518
0.193055 0.796863 0.0100816
0.0784955 0.725715 0.195789
0.231629 0.647155 0.121216
0.0135332 0.844568 0.141899
9.9991E-05 0.771342 0.228558
0.358337 0.30038 0.341283
0.720461 0.0872303 0.192309
0.660374 0.163548 0.176078
0.451958 0.120179 0.427863
9.9991E-05 0.676154 0.323746
0.00737959 0.116741 0.875879
0.0436762 0.802371 0.153953
0.0615139 0.823307 0.115179
9.9991E-05 0.647829 0.352071
0.0379419 0.735937 0.226121
9.9991E-05 0.627703 0.372197
0.0668892 0.858623 0.0744877
0.0197364 9.9991E-05 0.980164
9.9991E-05 0.0663326 0.933567
9.9991E-05 0.0932509 0.906649
0.0777759 0.0443682 0.877856
0.000640766 9.9991E-05 0.999259
0.0481948 9.9991E-05 0.951705
9.9991E-05 0.0135907 0.986309
9.999E-05 9.999E-05 0.9998
9.999E-05 9.999E-05 0.9998
9.999E-05 9.999E-05 0.9998
9.9991E-05 0.123318 0.876582
0.0973193 0.0235206 0.87916
0.0176979 9.9991E-05 0.982202
0.135971 0.0275274 0.836501
0.0300544 9.99946E-05 0.969846
0.0385406 9.9991E-05 0.961359
0.0353727 9.9991E-05 0.964527
0.00976286 9.9991E-05 0.990137
0.0779955 0.181972 0.740033
0.0498501 9.9991E-05 0.95005
0.500423 0.464233 0.0353434
0.18958 0.530865 0.279555
0.242578 0.452213 0.305209
0.287 0.456621 0.256379
0.266974 0.496241 0.236785
0.170274 0.482734 0.346992
0.144966 0.454257 0.400777
0.213447 0.368303 0.41825
0.896162 0.0567443 0.0470933
0.891816 9.9991E-05 0.108084
0.983393 9.9991E-05 0.0165073
0.936097 9.9991E-05 0.0638035
0.921056 9.9991E-05 0.0788436
0.884634 9.9991E-05 0.115266
0.866416 9.9991E-05 0.133484
0.923854 0.00254015 0.0736061
0.878957 9.9991E-05 0.120943
0.891732 9.9991E-05 0.108168
0.707979 0.291921 9.9991E-05
0.720597 0.279303 9.9991E-05
0.662196 0.337704 9.9991E-05
0.598114 0.401786 9.9991E-05
0.0805087 0.667827 0.251665
9.9991E-05 0.690539 0.309361
0.00656109 0.645427 0.348012
0.0821312 0.706507 0.211362
0.143589 0.856311 9.9991E-05
0.000721529 0.61302 0.386259
9.9991E-05 0.673019 0.326881
9.9991E-05 0.721407 0.278493
9.9991E-05 0.769682 0.230218
0.0274243 0.806083 0.166492
0.0200856 0.979814 9.9991E-05
0.0409289 0.832627 0.126444
9.9991E-05 0.744163 0.255737
0.0906198 0.8995 0.00988013
0.32836 0.67154 9.9991E-05
0.296906 0.702994 9.9991E-05
0.271022 0.728878 9.9991E-05
0.350448 0.649452 9.9991E-05
0.250292 0.749608 9.9991E-05
0.282566 0.71413 0.00330427
0.857689 0.00629439 0.136017
0.830001 0.0281447 0.141854
0.773458 9.9991E-05 0.226442
0.780158 9.9991E-05 0.219742
0.77742 0.0145084 0.208071
0.575063 0.424837 9.9991E-05
0.635375 0.364525 9.9991E-05
0.611003 0.388897 9.9991E-05
0.784919 9.9991E-05 0.214981
0.532577 0.467323 9.9991E-05
0.264722 0.231064 0.504214
0.105547 0.220809 0.673644
0.219841 0.250885 0.529274
0.509462 0.0654032 0.425135
0.0424709 0.754001 0.203528
0.0728321 0.741407 0.185761
0.186286 0.739394 0.0743201
0.00595991 0.742433 0.251607
0.0833443 0.916556 9.9991E-05
0.0485875 0.694814 0.256598
0.120032 0.77878 0.101188
0.102971 0.896929 9.9991E-05
0.0140933 0.681551 0.304356
0.0303379 0.666887 0.302775
0.0777391 0.495007 0.427254
0.0201855 0.797345 0.18247
0.019663 0.736291 0.244046
9.9991E-05 0.633273 0.366627
0.0107034 0.734077 0.255219
0.0195092 0.582687 0.397804
0.763102 9.9991E-05 0.236798
0.832035 9.9991E-05 0.167865
0.834083 0.0842654 0.0816513
0.798918 0.109143 0.0919392
0.845803 0.00564048 0.148557
0.127147 0.787676 0.0851772
9.9991E-05 0.613179 0.386721
0.059555 0.716611 0.223834
0.129437 0.706215 0.164348
0.269756 0.730144 9.9991E-05
0.0573545 0.646471 0.296175
0.195026 0.750099 0.0548751
0.107278 0.662305 0.230417
0.271228 0.728672 9.99934E-05
0.244436 0.746501 0.0090631
0.11805 0.689563 0.192387
0.144085 0.746569 0.109346
0.0505088 0.663797 0.285694
0.0241063 0.82932 0.146574
0.114237 0.678011 0.207752
0.067843 0.932057 9.9991E-05
0.0509187 0.885175 0.0639061
0.0240989 0.726323 0.249578
0.107485 0.892415 9.9991E-05
0.0606829 0.797832 0.141485
0.139907 0.859993 9.9991E-05
9.9991E-05 0.900666 0.0992343
0.125518 0.664001 0.210481
0.0131552 0.587093 0.399751
0.0521069 0.856058 0.091835
0.0260015 0.616432 0.357566
0.0774924 0.717482 0.205026
0.0503642 0.77216 0.177475
0.0744211 0.699213 0.226366
9.9991E-05 0.6404 0.3595
0.0948441 0.64533 0.259826
9.9991E-05 0.682372 0.317528
0.0922303 0.695858 0.211912
9.9991E-05 0.64276 0.35714
0.276203 0.26951 0.454287
0.105442 0.355043 0.539515
0.0688097 0.519474 0.411716
0.144913 0.355065 0.500022
9.9991E-05 0.74206 0.25784
0.353158 0.51731 0.129533
0.0753671 0.436694 0.487939
0.0635411 0.441945 0.494514
0.287513 0.490272 0.222215
0.111447 0.350367 0.538186
0.586537 0.174292 0.239171
0.136387 0.343489 0.520123
0.0779413 0.446978 0.475081
9.9991E-05 0.686963 0.312937
0.0179751 0.981925 9.9991E-05
0.0953684 0.904532 9.9991E-05
0.123859 0.273686 0.602455
0.123105 0.310625 0.56627
0.28143 0.320917 0.397654
0.173026 0.322767 0.504207
0.159598 0.660588 0.179814
0.154755 0.627098 0.218147
9.9991E-05 0.588344 0.411556
0.00158366 0.602642 0.395775
0.0871998 0.669239 0.243562
0.0456616 0.564522 0.389816
0.00384296 0.608266 0.387891
0.0332202 0.813526 0.153254
0.0268072 0.771564 0.201629
0.0546144 0.735748 0.209637
9.9991E-05 0.757097 0.242803
0.0399683 0.867663 0.0923682
9.9991E-05 0.622789 0.377111
0.0501004 0.846442 0.103458
9.9991E-05 0.781815 0.218085
0.203366 0.318311 0.478323
0.225592 0.381969 0.392439
0.280093 0.560636 0.159271
0.020072 0.399453 0.580475
0.523101 0.2775 0.199399
0.0247243 0.495472 0.479804
9.9991E-05 0.975948 0.0239516
0.0814387 0.918461 9.9991E-05
9.9991E-05 0.738039 0.261861
9.9991E-05 0.613316 0.386584
9.9991E-05 0.808267 0.191633
9.9991E-05 0.724618 0.275282
9.9991E-05 0.724924 0.274976
0.799324 0.0267252 0.173951
0.750857 0.110031 0.139111
0.88657 9.9991E-05 0.11333
0.903646 9.9991E-05 0.096254
0.00903855 0.774484 0.216478
9.9991E-05 0.715826 0.284074
9.9991E-05 0.90324 0.0966596
9.9991E-05 0.684457 0.315443
9.9991E-05 0.869658 0.130242
0.254556 0.329251 0.416193
9.9991E-05 0.722095 0.277805
9.9991E-05 0.804885 0.195015
9.9991E-05 0.753722 0.246178
9.9991E-05 0.795865 0.204035
9.9991E-05 0.685587 0.314313
9.9991E-05 0.951998 0.0479022
0.00613429 0.872397 0.121469
9.9991E-05 0.780918 0.218982
0.017147 0.982753 9.9991E-05
0.019355 0.735224 0.245421
0.0495074 0.909964 0.0405287
0.0704459 0.929454 9.9991E-05
9.9991E-05 0.687635 0.312265
0.0641754 0.845926 0.0898991
0.0183775 0.728724 0.252899
9.9991E-05 0.690456 0.309444
9.9991E-05 0.759666 0.240234
9.9991E-05 0.69351 0.30639
9.9991E-05 0.704228 0.295672
9.9991E-05 0.871951 0.127949
0.782732 0.217168 9.9991E-05
0.793641 0.144715 0.0616435
0.949037 0.0508628 9.9991E-05
0.912323 0.0875774 9.9991E-05
0.798487 0.201413 9.9991E-05
0.0863508 0.881005 0.0326438
0.0924328 0.874037 0.0335298
9.9991E-05 0.898562 0.101338
0.0202709 0.812883 0.166846
9.9991E-05 0.635249 0.364651
0.0726478 0.655513 0.271839
9.9991E-05 0.645317 0.354583
0.0231016 0.848648 0.12825
9.9991E-05 0.871223 0.128677
9.9991E-05 0.887174 0.112726
0.0637561 0.574179 0.362065
0.0283209 0.807822 0.163857
0.00463422 0.734458 0.260908
0.0704343 0.186828 0.742738
0.155213 0.213864 0.630923
0.02377 0.701644 0.274586
0.287492 9.9991E-05 0.712408
0.186349 0.155911 0.65774
0.140063 0.431881 0.428056
0.161573 0.5194 0.319027
0.131195 0.611829 0.256976
0.232736 0.119631 0.647633
0.0725904 0.112886 0.814524
0.137622 0.113803 0.748575
0.174532 0.140998 0.68447
0.0739516 0.609248 0.3168
0.196007 9.9991E-05 0.803893
0.247866 0.703757 0.0483769
9.9991E-05 0.61226 0.38764
0.0722834 0.585066 0.34265
0.156961 0.559304 0.283735
0.22953 0.359525 0.410944
0.1891 0.333212 0.477688
0.252945 9.9991E-05 0.746955
0.122196 0.619427 0.258377
0.231004 0.650941 0.118055
0.158223 0.575102 0.266675
0.184269 0.439393 0.376337
0.447458 0.344786 0.207756
0.503752 0.354217 0.142031
0.163504 0.555125 0.281371
0.39328 0.356846 0.249873
0.560734 0.144904 0.294362
0.207854 0.460945 0.331201
0.176327 0.478188 0.345484
0.316476 0.384629 0.298895
0.390379 0.374128 0.235494
0.150535 0.493101 0.356364
0.255667 0.435332 0.309001
0.599796 0.268343 0.13186
0.227366 0.340812 0.431822
0.243072 0.3361 0.420828
0.1117 0.341965 0.546335
0.140418 0.301263 0.558319
0.331811 0.206636 0.461553
0.144479 0.386774 0.468746
0.200776 0.320145 0.479079
0.258865 0.244576 0.496559
0.174314 0.501032 0.324654
0.297987 0.187644 0.51437
0.406949 0.230118 0.362933
0.28703 0.194399 0.518571
0.863863 0.0977486 0.0383885
0.24719 0.75271 9.9991E-05
0.270854 0.729046 9.9991E-05
0.301963 0.697937 9.9991E-05
0.180949 0.818951 9.9991E-05
0.306303 0.693597 9.9991E-05
0.16716 0.83274 9.9991E-05
0.319107 0.680793 9.9991E-05
0.416074 0.583826 9.9991E-05
0.911583 9.9991E-05 0.0883165
0.866903 0.0589667 0.0741307
0.902684 9.9991E-05 0.0972158
0.853305 0.0814928 0.0652019
0.910564 9.9991E-05 0.0893356
0.918926 0.0483447 0.0327293
0.751181 0.0295963 0.219223
0.840774 9.9991E-05 0.159127
0.729434 0.0866475 0.183919
0.847047 9.9991E-05 0.152853
0.937751 0.00326785 0.0589814
0.860896 9.9991E-05 0.139004
0.947442 9.9991E-05 0.0524577
0.874269 9.9991E-05 0.125631
0.83491 9.9991E-05 0.16499
0.76677 9.9991E-05 0.23313
0.739512 9.9991E-05 0.260388
0.770173 9.9991E-05 0.229727
0.754779 9.9991E-05 0.245121
0.188057 0.640188 0.171755
0.0381795 0.642983 0.318837
0.119837 0.78343 0.0967329
0.0826235 0.626896 0.29048
0.27544 0.644317 0.0802427
0.0857842 0.582411 0.331804
0.0982884 0.70355 0.198161
0.0940102 0.653243 0.252747
0.0322225 0.61275 0.355028
0.114273 0.688465 0.197263
0.0958748 0.608059 0.296066
0.0769642 0.922936 9.9991E-05
0.179712 0.820188 9.9991E-05
0.17855 0.778469 0.0429804
0.0525907 0.642336 0.305073
0.0984863 0.606774 0.29474
0.152995 0.395834 0.451172
0.16678 0.382441 0.450779
0.449506 0.28989 0.260605
0.184302 0.401418 0.41428
0.512871 0.279356 0.207773
0.232593 0.352765 0.414642
0.357337 0.253882 0.388781
0.322584 0.363653 0.313762
0.100989 0.444972 0.45404
0.133314 0.490875 0.375812
0.433356 0.189227 0.377417
