9.9973E-05 0.011031 0.0598517 0.0680891 9.9973E-05 0.0290545 9.9973E-05 0.831674
9.9982E-05 0.0113261 0.0220046 9.9982E-05 0.0475652 0.00278024 0.0145672 0.901557
0.0568536 0.0422396 0.0505762 0.0403261 9.9982E-05 0.0328751 9.9982E-05 0.77693
0.0656773 0.013477 0.0407384 0.0902667 9.9982E-05 0.00651113 9.9982E-05 0.78313
0.0947978 9.9955E-05 9.9955E-05 0.0371631 9.9955E-05 9.9955E-05 9.9955E-05 0.867539
9.9982E-05 0.112498 0.0431806 0.12888 0.205073 9.9982E-05 0.0568235 0.453345
0.00137799 0.00732624 0.0532 0.0594419 0.125614 9.9982E-05 9.9982E-05 0.75284
9.9973E-05 0.024801 0.0307542 0.167734 0.13338 9.9973E-05 9.9973E-05 0.643031
9.99639E-05 9.99639E-05 0.00580393 0.118436 0.0596782 9.99639E-05 9.99639E-05 0.815682
0.0399696 0.109046 0.0704603 0.0791231 0.126467 9.9982E-05 9.9982E-05 0.574734
0.0885236 0.000819011 0.00231582 0.170667 0.0600261 9.9982E-05 9.9982E-05 0.677449
0.116229 0.0655381 9.9973E-05 9.9973E-05 9.9973E-05 0.770182 0.0241194 0.0236319
0.462314 0.0345784 0.0652954 0.0031636 0.0279274 0.406521 9.9982E-05 9.9982E-05
0.140065 0.0929461 0.0204503 9.9982E-05 0.0215527 0.703778 9.9982E-05 0.0210077
0.138752 0.134776 0.0172683 9.9973E-05 9.9973E-05 0.656095 9.9973E-05 0.0528097
0.293795 0.0979614 0.00549851 9.9982E-05 9.9982E-05 0.416275 0.00891964 0.17735
0.378849 0.0514845 0.0876753 0.0017146 0.0322301 0.371019 0.0769272 9.9991E-05
0.238977 0.0109699 0.0279138 9.9982E-05 9.9982E-05 0.576338 0.0169257 0.128676
9.9973E-05 9.9973E-05 0.01845 0.0231678 0.0818477 0.827137 9.9973E-05 0.049098
0.266101 0.113285 9.9991E-05 0.00188447 0.0462489 0.452912 0.0925548 0.0269148
0.334707 0.0682399 0.0505066 0.0426982 0.0549615 0.228688 0.126299 0.0939004
0.515775 0.0372356 0.0276195 0.0295603 0.0753214 0.216539 0.0315046 0.0664436
0.210342 0.0208376 0.0302296 9.9982E-05 0.0175043 0.6315 0.0893857 9.9982E-05
0.301216 0.15991 0.0371849 9.9982E-05 9.9982E-05 0.439721 0.0133267 0.048441
0.0934657 0.0306204 0.0350968 9.9973E-05 9.9973E-05 0.821664 9.9973E-05 0.018853
0.0246846 0.181018 9.9964E-05 9.9964E-05 9.9964E-05 0.76048 9.9964E-05 0.0334171
0.057497 9.9964E-05 9.9964E-05 9.9964E-05 0.10236 0.798136 9.9964E-05 0.0416073
9.994E-05 9.994E-05 0.9993 9.994E-05 9.994E-05 9.994E-05 9.994E-05 9.994E-05
9.994E-05 9.994E-05 0.9993 9.994E-05 9.994E-05 9.994E-05 9.994E-05 9.994E-05
0.119463 9.9964E-05 0.413503 9.9964E-05 9.9964E-05 9.9964E-05 0.0178316 0.448802
0.0497927 0.0347812 0.336917 0.0029344 9.9982E-05 9.9982E-05 0.110229 0.465145
0.57865 0.0413814 0.0131444 0.0765488 0.114454 0.0670432 0.105397 0.00338175
0.487706 0.103823 0.0249937 0.0472511 9.9982E-05 9.9982E-05 0.316744 0.0192825
0.0125101 9.9982E-05 0.0065738 0.086637 9.9982E-05 0.720234 0.0597194 0.114126
0.299478 0.0421537 9.9982E-05 9.9982E-05 0.0377287 0.0426693 0.555598 0.0221728
0.598141 0.0770573 0.0252624 0.048238 0.0619401 9.9991E-05 0.151715 0.0375458
0.631505 9.9982E-05 0.0612869 0.0324967 0.155834 0.0616689 0.057008 9.9982E-05
0.544522 0.0200739 0.0681238 0.0448847 0.0605899 0.0911546 0.109354 0.0612981
0.0965761 9.9982E-05 0.0364725 0.0350458 9.9982E-05 0.211776 0.613204 0.0067254
0.559373 0.0507302 9.9982E-05 0.0138309 0.205131 0.143173 9.9982E-05 0.0275617
0.341986 9.9955E-05 9.9955E-05 9.9955E-05 0.0959234 9.9955E-05 0.561591 9.9955E-05
9.9964E-05 9.9964E-05 9.9964E-05 9.9964E-05 0.317053 0.00477007 0.604328 0.073449
0.102297 9.9973E-05 9.9973E-05 0.15653 0.0885183 0.433387 0.218968 9.9973E-05
0.0776583 0.0205388 9.9991E-05 0.00631827 0.413277 0.331159 0.148297 0.00265099
0.0747019 9.9991E-05 0.0336446 0.170252 0.0474717 0.338868 0.268769 0.0661928
0.468759 0.0951275 0.0127228 0.0982136 0.0473338 0.277644 9.9982E-05 9.9982E-05
0.30302 0.0197918 0.0847878 0.0677271 0.119113 0.308424 0.0888807 0.0082555
0.0156966 0.0846975 0.0193885 0.122621 0.120282 0.403592 0.0540566 0.179665
0.350067 0.0570707 0.0547084 0.110346 0.0420645 0.376624 9.9991E-05 0.00901958
9.9982E-05 9.9982E-05 0.0843339 0.160055 0.0901075 0.528062 0.126996 0.0102462
0.457296 9.9973E-05 0.0360226 9.9973E-05 9.9973E-05 0.486399 0.00607669 0.0139061
0.527655 0.0882947 9.9982E-05 9.9982E-05 0.165729 0.163813 0.027154 0.0271538
0.154614 0.0938989 0.0266424 0.107571 0.0510207 0.41498 0.129182 0.0220903
0.413396 0.04583 0.0677072 0.00500701 0.024737 0.418363 0.0248597 9.9991E-05
0.125993 9.9982E-05 0.0790262 0.019606 0.138323 0.531357 0.105494 9.9982E-05
0.515163 9.9973E-05 0.0228848 0.0372555 9.9973E-05 0.0105688 0.413828 9.9973E-05
0.11235 0.00970889 0.012287 0.00985288 9.9991E-05 0.182238 0.644144 0.0293192
9.9955E-05 9.9955E-05 0.000494515 9.9955E-05 0.090597 9.9955E-05 0.908409 9.9955E-05
9.9955E-05 9.9955E-05 9.9955E-05 9.9955E-05 0.114969 0.0561598 0.828371 9.9955E-05
0.196683 9.9955E-05 9.9955E-05 9.9955E-05 9.9955E-05 0.0524524 0.750365 9.9955E-05
0.433559 9.9964E-05 0.0168194 9.9964E-05 9.9964E-05 9.9964E-05 0.499414 0.0498071
0.316435 0.0423113 0.069503 9.9982E-05 0.0202326 0.140427 0.410891 9.9982E-05
0.110941 0.0346925 9.9982E-05 0.133036 9.9982E-05 0.0685583 0.61844 0.0341322
0.188957 9.9973E-05 9.9973E-05 0.218062 9.9973E-05 0.0837322 0.480905 0.0280436
0.24915 0.0380223 0.0387366 0.0571251 9.9982E-05 0.051937 0.564829 9.9982E-05
0.363525 0.0581811 0.0235789 9.9982E-05 9.9982E-05 0.0648085 0.444811 0.0448951
0.369935 9.9955E-05 9.9955E-05 9.9955E-05 0.149994 9.9955E-05 0.479571 9.9955E-05
9.9964E-05 0.0232486 9.9964E-05 9.9964E-05 0.284677 0.00213268 0.689542 9.9964E-05
0.136528 9.9973E-05 0.0446689 0.0694985 9.9973E-05 0.00305455 9.9973E-05 0.74595
0.0788841 9.9955E-05 0.112353 9.9955E-05 9.9955E-05 9.9955E-05 9.9955E-05 0.808263
0.0561387 0.0411402 0.120713 9.9964E-05 9.9964E-05 9.9964E-05 9.9964E-05 0.781608
0.045711 0.00836851 0.0866143 9.9964E-05 9.9964E-05 9.9964E-05 9.9964E-05 0.858906
0.0447877 0.0319194 0.104998 9.9973E-05 0.0529624 9.9973E-05 9.9973E-05 0.765033
0.0270773 0.0605442 0.0631572 0.044443 0.000564126 9.9982E-05 9.9982E-05 0.804014
0.0711068 9.9955E-05 0.058641 9.9955E-05 9.9955E-05 9.9955E-05 9.9955E-05 0.869752
0.027593 9.9964E-05 9.9964E-05 9.9964E-05 0.0413174 0.185044 0.745646 9.9964E-05
0.435098 9.9973E-05 0.0592811 0.00689828 9.9973E-05 0.152994 0.345429 9.9973E-05
0.537065 0.0815241 0.00101875 9.9973E-05 9.9973E-05 9.9973E-05 0.335763 0.0443291
0.59857 0.0320073 0.0228995 0.000322525 0.0665678 0.0249498 0.183936 0.0707471
0.341485 0.100535 9.9955E-05 9.9955E-05 9.9955E-05 9.9955E-05 0.55748 9.9955E-05
9.9964E-05 9.9964E-05 9.9964E-05 0.0749629 9.9964E-05 0.148994 0.724987 0.0506559
0.222678 0.0321674 0.0290817 9.9982E-05 0.195711 9.9982E-05 0.500266 0.0198963
0.483986 0.00829799 0.0180123 0.0453708 0.0814153 9.9991E-05 0.347432 0.0153861
0.415755 0.0315363 0.058591 0.0120913 9.9982E-05 0.190663 0.291163 9.9982E-05
0.280815 0.150772 0.0234531 9.9964E-05 9.9964E-05 9.9964E-05 0.54456 9.9964E-05
0.386059 0.0161837 0.00160586 9.9991E-05 0.00392524 0.0978085 0.383529 0.110789
0.295353 0.010809 9.9973E-05 0.0249144 0.239105 0.429518 9.9973E-05 9.9973E-05
0.411555 0.011301 0.0145764 0.143667 0.0145147 0.301088 9.9991E-05 0.103198
0.386412 9.9973E-05 0.065042 0.0219839 9.9973E-05 0.501979 9.9973E-05 0.024283
0.476996 0.0628039 0.00144107 0.0868001 0.00318331 0.368576 9.9982E-05 9.9982E-05
0.447526 9.9964E-05 9.9964E-05 0.0436416 9.9964E-05 0.417996 9.9964E-05 0.0904365
0.577115 0.00392129 0.0161079 0.0427292 0.0454917 0.182092 0.074513 0.0580294
0.487636 9.9955E-05 9.9955E-05 0.115709 9.9955E-05 0.396155 9.9955E-05 9.9955E-05
0.406894 0.149428 9.9973E-05 0.0212238 9.9973E-05 0.373857 0.0482973 9.9973E-05
0.367179 0.0875701 0.0452634 0.108027 9.9982E-05 0.22119 0.170571 9.9982E-05
0.313658 9.9982E-05 0.0210047 0.0171098 0.152657 0.410584 9.9982E-05 0.0847863
0.556123 0.0675202 0.0178606 0.0362759 9.9991E-05 0.2507 0.0214957 0.0499243
0.625936 0.0635792 9.9964E-05 9.9964E-05 0.117818 0.192267 9.9964E-05 9.9964E-05
0.161218 0.0754515 9.9982E-05 0.116561 0.077016 0.412735 0.156818 9.9982E-05
0.132596 9.9982E-05 0.00226335 0.0332669 0.306488 0.476798 9.9982E-05 0.0483882
0.0325665 0.0503426 9.9982E-05 0.104205 0.330816 0.326873 0.154998 9.9982E-05
0.188431 9.99889E-05 0.019562 0.0990001 0.0558907 0.520736 0.11618 9.99889E-05
0.391779 9.9973E-05 9.9973E-05 0.0183256 9.9973E-05 0.447002 0.0785712 0.0640232
0.241988 9.9973E-05 0.0357877 0.155429 9.9973E-05 0.455846 0.11065 9.9973E-05
0.201638 0.0326652 9.9982E-05 0.101069 9.9982E-05 0.552351 0.0881946 0.0238819
0.641423 0.0278438 9.9991E-05 0.0760064 0.034183 0.108764 0.00101009 0.110669
0.150115 0.0485034 0.0198778 0.0922488 0.178085 0.385176 0.125895 9.9991E-05
0.608444 0.0614642 9.9973E-05 0.085714 0.204073 9.9973E-05 9.9973E-05 0.0400057
0.0660017 9.9991E-05 0.0063999 0.101884 0.557483 0.0659441 0.0637911 0.138396
0.3728 0.0322344 9.9982E-05 0.0601103 0.258765 9.9982E-05 0.206635 0.0692546
0.514271 0.0376824 0.00807026 9.9982E-05 0.214981 0.162788 9.9982E-05 0.0620076
0.299969 9.9991E-05 0.0485858 0.0767028 0.398052 0.0128699 0.118136 0.0455841
0.221568 9.9991E-05 0.0561721 0.0834182 0.430529 0.182949 0.00309006 0.0221731
0.487789 9.9982E-05 0.0359386 0.0541401 0.219292 0.0686848 0.133956 9.9982E-05
9.9982E-05 0.151109 0.044125 9.9982E-05 0.402848 0.158742 0.213246 0.0297302
0.362952 9.9973E-05 9.9973E-05 0.0664994 0.330635 0.0987001 0.140913 9.9973E-05
0.462881 9.9982E-05 0.00719977 0.0214987 0.15953 0.181252 0.167439 9.9982E-05
0.111316 0.300018 0.0610534 9.9982E-05 0.260793 0.0326054 9.9982E-05 0.234014
9.9964E-05 0.157002 0.00781426 9.9964E-05 0.336381 9.9964E-05 9.9964E-05 0.498402
9.9964E-05 0.157363 0.0210052 9.9964E-05 0.469865 9.9964E-05 9.9964E-05 0.351367
0.0397981 0.353501 0.0418115 9.9982E-05 0.190068 0.0632141 9.9982E-05 0.311408
0.72545 9.9955E-05 0.00143837 9.9955E-05 0.272612 9.9955E-05 9.9955E-05 9.9955E-05
0.128394 0.734768 9.9964E-05 9.9964E-05 9.9964E-05 0.0971356 0.039303 9.9964E-05
0.363861 9.9973E-05 0.0193544 0.00678939 0.481561 9.9973E-05 0.128133 9.9973E-05
0.279714 9.9964E-05 9.9964E-05 9.9964E-05 0.635697 0.0658157 0.0183737 9.9964E-05
0.648613 0.00261103 9.9982E-05 0.0110199 0.228577 9.9982E-05 0.0771649 0.0318146
0.493655 9.9982E-05 9.9982E-05 0.158173 0.296138 0.0119744 0.0196736 0.0201865
0.656747 0.00900762 0.00823062 0.049702 0.221815 0.0189963 9.9991E-05 0.0354011
0.28194 9.9973E-05 9.9973E-05 0.0269645 0.508442 0.0872999 0.0950545 9.9973E-05
9.9946E-05 0.989459 9.9946E-05 9.9946E-05 9.9946E-05 9.9946E-05 0.00994109 9.9946E-05
0.13703 0.857106 9.9955E-05 0.00536379 9.9955E-05 9.9955E-05 9.9955E-05 9.9955E-05
0.25554 0.686196 0.0053217 0.0525426 9.9964E-05 9.9964E-05 9.9964E-05 9.9964E-05
0.136893 0.780388 9.9964E-05 0.0452015 9.9964E-05 9.9964E-05 0.0371181 9.9964E-05
9.994E-05 0.9993 9.994E-05 9.994E-05 9.994E-05 9.994E-05 9.994E-05 9.994E-05
9.99682E-05 0.953901 9.99682E-05 0.0302641 0.0110985 9.99682E-05 0.00433632 9.99682E-05
0.141946 0.826824 9.9973E-05 0.000548499 9.9973E-05 0.0146636 0.0157182 9.9973E-05
9.9955E-05 0.974461 9.9955E-05 0.0217623 9.9955E-05 0.00327696 9.9955E-05 9.9955E-05
9.9946E-05 0.998808 9.9946E-05 0.00059234 9.9946E-05 9.9946E-05 9.9946E-05 9.9946E-05
9.9946E-05 0.973812 0.0255884 9.9946E-05 9.9946E-05 9.9946E-05 9.9946E-05 9.9946E-05
0.201885 0.707025 0.0732788 9.9964E-05 9.9964E-05 0.0174113 9.9964E-05 9.9964E-05
0.126582 0.717034 0.0206693 0.0341961 9.9973E-05 9.9973E-05 9.9973E-05 0.101219
9.9955E-05 0.946626 0.0237082 9.9955E-05 9.9955E-05 9.9955E-05 0.0291655 9.9955E-05
0.150704 0.752509 0.0246578 0.0442248 9.9973E-05 9.9973E-05 9.9973E-05 0.0276042
0.0932211 0.838831 0.0221136 9.9964E-05 9.9964E-05 0.0454348 9.9964E-05 9.9964E-05
0.0264698 0.972931 9.9946E-05 9.9946E-05 9.9946E-05 9.9946E-05 9.9946E-05 9.9946E-05
0.0980985 0.827685 0.024074 9.9973E-05 0.0111176 9.9973E-05 9.9973E-05 0.0387254
9.9946E-05 0.977089 0.0223111 9.9946E-05 9.9946E-05 9.9946E-05 9.9946E-05 9.9946E-05
0.235535 0.564118 0.0473996 0.065662 9.9982E-05 0.0828205 9.9982E-05 0.0042653
9.9964E-05 0.902367 9.9964E-05 9.9964E-05 9.9964E-05 0.0608354 0.0331758 0.00322205
0.000443229 0.0454223 9.9973E-05 9.9973E-05 0.57894 0.0327907 9.9973E-05 0.342104
0.476602 0.0488228 0.0554594 0.161234 0.112227 9.9982E-05 9.9982E-05 0.145455
0.480429 0.0585226 0.044058 0.0858692 0.187043 9.9982E-05 9.9982E-05 0.143879
0.261797 0.0534347 0.115379 0.0495032 0.35185 9.9982E-05 9.9982E-05 0.167837
0.205839 0.0665251 0.0380984 9.9991E-05 0.44631 0.055564 0.000113957 0.187449
0.362707 0.176058 9.9982E-05 0.0160894 0.307254 0.00273168 9.9982E-05 0.13496
0.393009 0.107952 0.133806 9.9982E-05 0.203047 0.118038 9.9982E-05 0.0439482
0.368461 0.163507 0.0456796 9.9982E-05 0.269173 9.9982E-05 0.0245358 0.128444
0.0457359 9.9955E-05 9.9955E-05 0.11555 9.9955E-05 9.9955E-05 9.9955E-05 0.838214
0.00340809 0.033614 0.0722536 0.0251417 0.0109638 9.9982E-05 9.9982E-05 0.854419
9.9973E-05 9.9973E-05 0.0263464 0.0325389 9.9973E-05 0.0122926 0.00828588 0.920236
9.9964E-05 9.9964E-05 0.0281475 0.0419838 9.9964E-05 0.0247786 9.9964E-05 0.90469
9.9964E-05 0.0075607 0.159557 9.9964E-05 9.9964E-05 0.0573508 9.9964E-05 0.775132
9.9973E-05 0.0489669 0.047731 9.9973E-05 0.0116182 9.9973E-05 0.029841 0.861543
0.0633163 0.0210718 0.0283291 0.021781 9.9973E-05 9.9973E-05 9.9973E-05 0.865202
0.00876794 9.9973E-05 0.0396504 9.9973E-05 0.103023 9.9973E-05 0.00383309 0.844426
0.0487301 9.9982E-05 0.0268336 9.9982E-05 0.00416476 0.0257552 0.00982375 0.884493
9.99779E-05 0.0580944 0.0122614 9.99779E-05 0.0310374 0.0294236 9.99779E-05 0.868883
9.9973E-05 9.9973E-05 0.067598 0.0966947 9.9973E-05 0.212521 0.0689511 0.553935
9.9982E-05 9.9982E-05 0.0322848 0.290706 0.0107015 0.0158168 0.106136 0.544155
9.9973E-05 9.9973E-05 0.039351 0.154169 0.129624 0.182704 9.9973E-05 0.493852
9.9973E-05 9.9973E-05 9.9973E-05 0.181049 0.0565146 0.240577 0.0540063 0.467553
0.500333 9.9973E-05 0.00658934 9.9973E-05 9.9973E-05 0.198625 0.264614 0.0295397
0.495594 0.0357628 9.9973E-05 0.0971794 9.9973E-05 9.9973E-05 0.274039 0.0971246
0.664948 9.9973E-05 9.9973E-05 0.0953642 9.9973E-05 0.0996106 0.0807245 0.0590529
0.332566 9.9973E-05 0.0656694 0.100118 9.9973E-05 0.307113 0.194234 9.9973E-05
0.0994941 9.9973E-05 0.0210214 0.202387 9.9973E-05 0.612131 0.0646666 9.9973E-05
0.510097 0.0402701 9.9973E-05 9.9973E-05 9.9973E-05 0.0360692 0.304141 0.109123
0.528557 0.0486155 9.9973E-05 9.9973E-05 9.9973E-05 0.0599964 0.329649 0.0328822
0.464429 0.0680541 0.0114678 0.043328 0.0190055 0.125258 0.268358 9.9991E-05
0.405213 0.0343041 9.9982E-05 0.0104786 0.00947689 9.9982E-05 0.523304 0.0170241
0.327851 9.9973E-05 0.0329526 0.108143 9.9973E-05 0.190736 0.340017 9.9973E-05
9.9955E-05 9.9955E-05 9.9955E-05 9.9955E-05 0.234581 0.0377543 0.727164 9.9955E-05
0.282938 9.9964E-05 9.9964E-05 9.9964E-05 0.207648 9.9964E-05 0.479797 0.0292177
0.453686 0.0626711 0.00682111 0.00831699 0.0285449 0.0946489 0.334459 0.010852
0.0289958 9.9973E-05 9.9973E-05 0.0840078 9.9973E-05 0.191558 0.663293 0.0318457
9.9973E-05 0.0219008 9.9973E-05 0.905035 0.0378057 9.9973E-05 0.00801185 0.0269469
0.0276773 0.031473 9.9964E-05 0.904223 0.0362265 9.9964E-05 9.9964E-05 9.9964E-05
9.994E-05 9.994E-05 9.994E-05 0.9993 9.994E-05 9.994E-05 9.994E-05 9.994E-05
9.9964E-05 9.9964E-05 9.9964E-05 0.916126 0.00183448 9.9964E-05 0.0294375 0.052202
0.0461028 0.038342 9.9955E-05 0.915055 9.9955E-05 9.9955E-05 9.9955E-05 9.9955E-05
0.0399217 0.0955467 9.9955E-05 0.864032 9.9955E-05 9.9955E-05 9.9955E-05 9.9955E-05
0.0980468 9.9955E-05 0.0686284 9.9955E-05 9.9955E-05 9.9955E-05 9.9955E-05 0.832825
0.0921821 0.0230139 0.0234798 0.0375507 9.9973E-05 9.9973E-05 9.9973E-05 0.823474
0.147374 0.0258469 0.0680487 9.9973E-05 9.9973E-05 0.0200182 9.9973E-05 0.738413
0.0297177 0.0783484 0.0456265 9.9973E-05 9.9973E-05 0.131907 9.9973E-05 0.7141
0.0757465 0.0915964 0.000584245 9.9973E-05 9.9973E-05 0.0622708 9.9973E-05 0.769502
9.9982E-05 9.9982E-05 0.0196769 0.482445 0.023996 0.0812703 0.0526143 0.339797
9.9973E-05 9.9973E-05 9.9973E-05 0.34541 0.0456332 0.0795803 0.0561827 0.472894
9.9982E-05 0.0119482 0.00907192 0.442647 0.0045945 9.9982E-05 0.129141 0.402397
9.994E-05 9.994E-05 0.9993 9.994E-05 9.994E-05 9.994E-05 9.994E-05 9.994E-05
9.9955E-05 9.9955E-05 9.9955E-05 0.445572 9.9955E-05 9.9955E-05 0.182123 0.371805
0.295213 0.35233 9.9964E-05 9.9964E-05 0.197233 9.9964E-05 9.9964E-05 0.154824
0.556627 0.182611 0.0265287 9.9964E-05 9.9964E-05 9.9964E-05 9.9964E-05 0.233833
0.317989 0.276558 9.9991E-05 0.00237613 0.0961761 0.0608452 0.043601 0.202355
9.9964E-05 0.372306 0.00315837 9.9964E-05 0.291994 9.9964E-05 9.9964E-05 0.332142
0.441678 0.0150503 9.9982E-05 0.139293 0.0432351 0.254718 0.105825 9.9982E-05
0.349787 9.9982E-05 9.9982E-05 0.0525436 0.167998 0.298795 0.104779 0.0258977
0.150387 9.9973E-05 0.00161809 0.0471917 9.9973E-05 0.689919 9.9973E-05 0.110584
0.499021 0.0317629 9.9982E-05 0.0337218 0.214169 0.167596 0.05353 9.9982E-05
9.9964E-05 9.9964E-05 9.9964E-05 0.0189045 0.541898 0.29132 0.147478 9.9964E-05
0.502091 0.0127858 9.9991E-05 0.0873433 0.152235 0.224651 0.0182582 0.00253633
0.265701 9.9982E-05 0.0466338 0.0165352 0.0345714 0.541733 0.0946254 9.9982E-05
0.0683148 9.9964E-05 9.9964E-05 9.9964E-05 0.334628 0.477458 0.119199 9.9964E-05
0.436556 0.0820198 9.9982E-05 0.0965694 0.264049 0.0849619 0.0356433 9.9982E-05
0.420328 0.127366 0.0143593 0.178004 9.9982E-05 0.16427 0.0954729 9.9982E-05
0.278467 0.262518 9.9991E-05 0.0684088 0.0652906 0.0664181 0.152136 0.106661
0.341487 0.0101485 9.9973E-05 0.0180549 0.224608 0.405402 9.9973E-05 9.9973E-05
0.46225 0.0565443 9.9973E-05 0.0742633 0.10151 0.305133 9.9973E-05 9.9973E-05
0.540958 0.0388673 9.9991E-05 0.0483722 0.101706 0.145759 0.0702861 0.053951
0.572763 9.9982E-05 9.9982E-05 0.080469 0.103469 0.15291 0.0418144 0.0483742
0.522538 0.17222 0.0517503 0.132382 0.0282251 0.0266498 0.0647791 0.00145621
0.161333 0.0565296 9.9955E-05 9.9955E-05 9.9955E-05 9.9955E-05 9.9955E-05 0.781637
0.0969757 0.0404363 0.0271487 9.9973E-05 9.9973E-05 9.9973E-05 0.0111549 0.823984
0.0765785 9.9982E-05 9.9982E-05 0.00220238 0.0497224 0.0339748 0.027119 0.810203
0.032408 0.058183 9.9982E-05 0.0503983 0.00118981 9.9982E-05 0.0751545 0.782466
0.123229 9.9955E-05 0.0695805 9.9955E-05 9.9955E-05 9.9955E-05 9.9955E-05 0.806691
0.0546951 0.0611013 9.9982E-05 0.0777842 0.00575967 0.755863 9.9982E-05 0.0445971
0.58933 0.113379 0.0377459 9.9982E-05 0.0390017 0.170766 0.0495766 9.9982E-05
0.417385 0.041114 0.00392142 0.0542822 9.9991E-05 0.331349 0.0984709 0.0533778
0.217225 0.0552524 0.0176101 0.0461732 0.249503 0.414037 9.9982E-05 9.9982E-05
9.9973E-05 9.9973E-05 0.0239957 0.0729777 0.0839955 0.737727 9.9973E-05 0.081004
0.510737 0.0267331 0.00867445 0.167442 0.0734359 0.19489 9.9991E-05 0.0179875
0.18096 9.9991E-05 0.00397831 0.18443 0.081065 0.448642 0.0183408 0.0824842
0.431709 0.0408221 9.9991E-05 0.0224472 0.204639 0.100356 0.119859 0.0800667
0.0183295 9.9982E-05 0.0269998 0.0874769 9.9982E-05 0.645982 0.0896154 0.131396
0.0236874 0.00463155 9.9991E-05 0.0678904 0.0342816 0.766042 0.0213975 0.08197
0.220633 0.0969688 0.0143356 0.0348862 0.175798 0.412012 0.0216016 0.0237642
0.340402 9.9982E-05 0.0210948 0.075463 0.514519 0.0370195 9.9982E-05 0.0113014
0.67342 9.9973E-05 9.9973E-05 0.0761713 0.176678 0.0244702 9.9973E-05 0.0489599
0.44742 9.9964E-05 9.9964E-05 0.0728764 0.454315 9.9964E-05 0.0249889 9.9964E-05
0.625422 9.9982E-05 0.0358369 0.0994141 0.173435 9.9982E-05 0.0635649 0.00212658
0.220096 9.9964E-05 9.9964E-05 0.110911 0.599455 9.9964E-05 0.0691383 9.9964E-05
0.346592 9.9955E-05 9.9955E-05 0.0665593 0.586349 9.9955E-05 9.9955E-05 9.9955E-05
0.545745 9.9964E-05 0.0286009 0.153837 0.271417 9.9964E-05 9.9964E-05 9.9964E-05
0.22209 9.9964E-05 9.9964E-05 0.0792937 0.587408 9.9964E-05 0.110808 9.9964E-05
0.520824 9.9973E-05 9.9973E-05 0.0870401 0.239415 0.106753 0.0456686 9.9973E-05
9.9991E-05 0.0267164 0.0027981 0.111074 0.0204597 0.721089 0.0949516 0.0228112
0.139517 0.0320299 9.9982E-05 0.0826904 0.207978 0.501503 0.0360826 9.9982E-05
0.213261 0.0538566 9.9982E-05 0.028426 9.9982E-05 0.460965 0.180781 0.06251
0.604162 0.0733212 9.9982E-05 0.0499352 9.9982E-05 0.245129 0.00504365 0.0222094
0.124132 0.0296031 0.00407894 0.155106 9.9982E-05 0.459583 0.227297 9.9982E-05
0.401332 0.121261 0.0235869 0.017954 0.0422931 0.371574 0.0218997 9.9991E-05
0.441694 9.9973E-05 0.0399268 0.150117 9.9973E-05 0.257167 0.110796 9.9973E-05
0.0541404 0.125521 9.9973E-05 0.104048 9.9973E-05 0.510078 0.205912 9.9973E-05
0.234167 0.140851 9.9973E-05 0.222246 9.9973E-05 0.366431 0.0360043 9.9973E-05
0.615723 0.0490767 0.0150898 0.010085 9.9982E-05 0.244765 0.0650602 9.9982E-05
0.386131 0.0234929 0.0301461 9.9991E-05 0.157405 0.350406 0.0359881 0.0163301
0.385767 0.147043 9.9973E-05 0.0777359 0.0382229 0.35093 9.9973E-05 9.9973E-05
0.339163 9.9982E-05 0.0209463 0.211226 0.0748663 0.335855 9.9982E-05 0.0177438
0.428745 0.153945 9.9973E-05 0.105657 0.0624104 0.248943 9.9973E-05 9.9973E-05
0.345313 0.136618 0.0379443 9.9982E-05 0.0834301 0.0771525 9.9982E-05 0.319343
0.363105 0.267938 0.0627376 9.9982E-05 0.114696 9.9982E-05 0.0892137 0.10211
0.540356 0.104145 0.0253944 0.0641451 0.095126 0.100245 0.0508364 0.0197522
0.470338 0.177933 0.0461594 9.9982E-05 9.9982E-05 0.112535 0.0329766 0.159858
0.508923 0.00478101 0.00627943 0.0540672 0.180283 0.245466 9.9982E-05 9.9982E-05
9.9973E-05 0.154998 9.9973E-05 9.9973E-05 0.399083 0.118605 0.113464 0.21355
0.368039 0.243754 0.0487119 9.9982E-05 0.0345255 0.25153 9.9982E-05 0.0532397
0.449739 0.239023 9.9973E-05 9.9973E-05 9.9973E-05 0.150082 0.0577295 0.103126
0.184783 0.134348 0.0480676 9.9991E-05 0.17327 0.150017 0.148932 0.160482
0.563291 0.17281 0.0316701 9.9982E-05 0.1136 0.00415553 9.9982E-05 0.114274
9.9964E-05 0.192457 0.0106474 9.9964E-05 0.373761 9.9964E-05 9.9964E-05 0.422734
0.558078 0.130982 0.0620653 9.9973E-05 0.0620443 9.9973E-05 9.9973E-05 0.18653
0.425035 0.124555 0.0464901 0.0187206 0.14383 0.0998623 0.0132797 0.128228
0.447755 0.0695313 0.0438501 0.023767 0.207102 0.0523985 0.155496 9.9991E-05
0.0222268 9.9964E-05 9.9964E-05 9.9964E-05 0.588169 0.201989 0.187215 9.9964E-05
0.122321 9.9973E-05 9.9973E-05 0.0352942 0.611457 0.0486006 0.182027 9.9973E-05
0.466844 0.248395 9.9973E-05 9.9973E-05 0.16608 0.0247403 9.9973E-05 0.0936402
0.31122 0.32466 0.0179814 9.9982E-05 0.179757 9.9982E-05 0.0682274 0.0979549
0.182211 0.29425 0.0261095 0.018596 0.288511 0.00945766 0.0342567 0.146608
0.314079 0.249813 0.0881756 9.9982E-05 0.193749 0.0513321 9.9982E-05 0.102651
0.198602 0.101913 9.9973E-05 9.9973E-05 0.69697 0.000196107 9.9973E-05 0.00201882
0.286838 0.0612679 0.0621949 9.9982E-05 0.548297 9.9982E-05 0.0210661 0.0201359
0.650461 0.0889661 0.0332549 9.9973E-05 0.157818 9.9973E-05 0.0692003 9.9973E-05
0.581091 0.138052 9.9973E-05 9.9973E-05 0.17825 9.9973E-05 0.0913497 0.0109576
0.316447 0.160476 9.9973E-05 0.0138705 0.474378 9.9973E-05 0.0345288 9.9973E-05
0.571539 0.109204 9.9982E-05 0.0459064 0.123525 0.101532 9.9982E-05 0.0480928
0.555883 0.123527 9.9964E-05 0.0395891 0.280601 9.9964E-05 9.9964E-05 9.9964E-05
0.465275 9.9982E-05 0.0303717 0.0449388 0.295388 0.107344 0.0564835 9.9982E-05
0.420875 9.99746E-05 0.0209141 9.99746E-05 0.318526 0.109674 0.129711 9.99746E-05
0.398927 0.00245151 0.0539147 0.0828252 0.261014 0.149082 0.0516856 9.9991E-05
0.559555 9.9964E-05 9.9964E-05 0.0595722 0.293043 0.0874293 9.9964E-05 9.9964E-05
0.357537 9.9973E-05 9.9973E-05 0.0386221 0.451315 0.0880155 0.0642106 9.9973E-05
0.623977 0.00665221 9.9982E-05 0.00740252 0.153973 9.9982E-05 0.182316 0.0254792
0.363583 9.9973E-05 9.9973E-05 0.00178381 0.447947 0.100422 0.0859644 9.9973E-05
0.46249 0.0346137 9.9973E-05 0.11605 0.305165 9.9973E-05 0.081382 9.9973E-05
0.337399 0.279718 0.0277587 0.04628 0.15374 0.0520875 9.9991E-05 0.102916
0.27078 0.238289 0.0632068 0.0627154 0.17623 0.0684892 9.9991E-05 0.120191
0.0303275 0.185677 0.0439149 0.0780536 0.571691 9.9982E-05 9.9982E-05 0.0901362
0.542157 0.209676 0.0765976 0.0579403 0.11333 9.9973E-05 9.9973E-05 9.9973E-05
9.9964E-05 0.162835 0.014841 9.9964E-05 0.540967 9.9964E-05 9.9964E-05 0.280957
0.589094 0.170804 0.0244876 9.9991E-05 0.152083 0.00925201 0.00205904 0.0521202
0.183967 9.9955E-05 9.9955E-05 9.9955E-05 0.584062 9.9955E-05 0.231471 9.9955E-05
0.0368488 9.9964E-05 9.9964E-05 9.9964E-05 0.662442 0.0533201 0.246989 9.9964E-05
0.561368 9.9973E-05 0.00238616 9.9973E-05 0.266905 0.0487001 0.120341 9.9973E-05
0.690094 0.0224413 0.0301523 9.9973E-05 0.141618 9.9973E-05 0.115395 9.9973E-05
0.508782 9.9973E-05 9.9973E-05 0.00144457 0.393173 0.029892 0.0664083 9.9973E-05
0.553532 9.9955E-05 9.9955E-05 9.9955E-05 0.230371 9.9955E-05 0.215598 9.9955E-05
0.647834 9.9964E-05 9.9964E-05 9.9964E-05 0.257421 0.033428 0.0609169 9.9964E-05
0.0603272 0.0654163 0.0696763 0.00048957 0.0849505 9.9991E-05 0.0633906 0.65565
9.9973E-05 0.0934703 0.0501604 0.0736641 9.9973E-05 0.123783 9.9973E-05 0.658622
0.0219468 0.0377591 0.0370668 0.0312975 9.9973E-05 9.9973E-05 9.9973E-05 0.87163
0.048228 9.9973E-05 0.135055 0.00356627 0.00556216 9.9973E-05 9.9973E-05 0.807289
0.467113 0.0393851 0.039296 0.0291965 0.01218 0.0727758 0.292707 0.0473468
0.452127 9.9964E-05 0.0728663 9.9964E-05 9.9964E-05 0.0718219 0.402785 9.9964E-05
0.257852 9.9973E-05 9.9973E-05 0.0972212 0.0995813 0.141406 0.403639 9.9973E-05
0.551732 0.028655 0.0530195 9.9964E-05 9.9964E-05 9.9964E-05 0.366194 9.9964E-05
0.34187 9.9973E-05 0.0431497 0.0550655 0.135012 9.9973E-05 0.424602 9.9973E-05
0.499776 0.169025 0.0406844 0.0345432 0.00285252 0.020227 9.9991E-05 0.232791
0.343369 0.101764 0.00753204 0.0110435 0.0732603 9.9982E-05 0.46283 9.9982E-05
0.359445 0.0232203 0.0117179 0.103005 9.9982E-05 9.9982E-05 0.467495 0.0349168
0.554048 0.0128528 9.9982E-05 0.0862712 9.9982E-05 0.0875773 0.254983 0.00406838
0.450056 9.9982E-05 0.0182511 0.0789049 9.9982E-05 0.116001 0.326022 0.0105651
0.578375 0.0396798 9.9973E-05 9.9973E-05 0.115152 9.9973E-05 0.248283 0.0182105
0.0348791 9.9964E-05 0.0110428 9.9964E-05 0.0418631 9.9964E-05 0.911815 9.9964E-05
0.240966 0.033821 9.9982E-05 9.9982E-05 0.0926652 0.0700222 0.559338 0.00298762
0.279678 0.00723823 0.0102354 0.0212341 0.00325247 0.110562 0.5677 9.9991E-05
9.9946E-05 9.9946E-05 9.9946E-05 9.9946E-05 0.236287 9.9946E-05 0.763114 9.9946E-05
0.391416 0.0348119 9.9982E-05 0.0850797 9.9982E-05 0.0331908 0.409466 0.0458356
0.106502 0.0032476 0.00214826 9.9973E-05 0.258568 9.9973E-05 0.629234 9.9973E-05
9.9946E-05 9.9946E-05 9.9946E-05 9.9946E-05 0.265949 9.9946E-05 0.733451 9.9946E-05
0.523386 0.0321416 0.0308139 9.9982E-05 0.01136 9.9982E-05 0.399473 0.00262473
0.249174 9.9982E-05 0.0181571 0.0137522 9.9982E-05 0.0977057 0.563191 0.0578204
0.397607 0.040645 9.9982E-05 0.103066 9.9982E-05 0.11325 0.334705 0.0105275
0.433485 0.0180802 9.9982E-05 0.0953959 9.9982E-05 0.098696 0.328556 0.0255863
0.317948 0.0966276 0.0451899 0.034473 0.120631 0.38493 9.9982E-05 9.9982E-05
0.470162 0.0539638 0.00690522 0.0725405 9.9982E-05 0.0749959 0.321233 9.9982E-05
0.431464 9.9982E-05 0.0166222 0.0495724 9.9982E-05 0.111294 0.32197 0.068877
0.330115 9.9964E-05 0.0136892 0.0108686 9.9964E-05 9.9964E-05 0.644927 9.9964E-05
9.9973E-05 9.9973E-05 0.0338722 0.210761 0.0402703 0.107293 9.9973E-05 0.607503
0.0405123 9.9991E-05 0.0888077 0.0579413 0.0566574 0.0748836 0.00613168 0.674966
9.9973E-05 9.9973E-05 0.1188 0.113898 0.0295214 0.0273757 9.9973E-05 0.710104
9.9964E-05 9.9964E-05 0.110995 0.163627 0.0430545 9.9964E-05 9.9964E-05 0.681924
0.0802385 9.9964E-05 0.0592075 0.235222 9.9964E-05 9.9964E-05 9.9964E-05 0.624932
0.0338259 0.0278231 9.9982E-05 0.0526464 9.9982E-05 0.104003 0.701935 0.0795669
0.131356 9.9991E-05 0.0376912 0.0713751 0.0232364 0.0637521 0.627743 0.044746
0.138376 0.00638939 9.9964E-05 9.9964E-05 0.0909648 9.9964E-05 0.76387 9.9964E-05
0.224735 0.0353669 9.9982E-05 0.0227294 0.13303 9.9982E-05 0.525871 0.0580674
0.648762 9.9982E-05 0.00151388 0.12127 0.0594173 9.9982E-05 0.157343 0.0114939
0.435002 9.9964E-05 9.9964E-05 9.9964E-05 0.163848 9.9964E-05 0.335605 0.0651452
0.568955 0.013022 9.9982E-05 0.035954 9.9982E-05 0.108347 0.234035 0.0394877
0.220356 0.0447255 9.9991E-05 0.110038 0.0170445 0.0850334 0.515758 0.00694438
0.342024 9.9973E-05 0.0150564 0.034112 9.9973E-05 0.0926884 0.515819 9.9973E-05
0.362944 9.9964E-05 9.9964E-05 0.111173 9.9964E-05 0.0706076 0.454875 9.9964E-05
0.570474 9.9973E-05 9.9973E-05 0.0780988 0.142425 0.0799384 9.9973E-05 0.128764
0.433656 9.9973E-05 0.0187251 0.0331209 9.9973E-05 0.0104059 0.503793 9.9973E-05
0.385809 0.0598709 0.00502153 9.9982E-05 9.9982E-05 0.150726 0.392059 0.00631369
0.434609 0.386552 9.9964E-05 9.9964E-05 0.0228814 9.9964E-05 9.9964E-05 0.155558
0.378678 0.400389 0.0510675 9.9973E-05 0.0583851 9.9973E-05 9.9973E-05 0.111181
0.432093 0.0442945 9.9991E-05 0.022956 0.178174 0.0530112 0.226075 0.0432965
0.105771 0.579242 0.0275108 9.9964E-05 9.9964E-05 9.9964E-05 9.9964E-05 0.287076
0.358425 0.40073 9.9964E-05 0.0653275 9.9964E-05 9.9964E-05 9.9964E-05 0.175117
0.369941 0.184562 0.0591948 0.0637261 0.149735 9.9991E-05 0.0780257 0.0947153
0.636788 9.9982E-05 0.0341848 0.00379688 0.143011 0.045488 9.9982E-05 0.136531
0.473969 9.9991E-05 0.011357 0.10934 0.200569 0.0652734 0.0159773 0.123416
0.274797 0.489572 0.00187426 9.9973E-05 9.9973E-05 9.9973E-05 0.0348708 0.198586
0.442658 0.463216 0.0135973 0.00732557 9.9973E-05 9.9973E-05 9.9973E-05 0.072903
0.30159 0.470229 0.0146744 0.0621344 0.00616859 9.9982E-05 9.9982E-05 0.145004
0.293168 0.474386 9.9964E-05 9.9964E-05 0.00979393 9.9964E-05 9.9964E-05 0.222252
0.503433 0.0749387 9.9982E-05 0.0504719 0.167297 9.9982E-05 0.0865962 0.117063
0.216764 0.580806 9.9964E-05 9.9964E-05 0.00722004 9.9964E-05 9.9964E-05 0.19481
0.257033 9.9982E-05 0.00428322 0.206268 0.322057 0.0971199 9.9982E-05 0.113039
0.568947 0.103192 0.011338 0.0490449 0.136316 0.130962 9.9982E-05 9.9982E-05
0.653635 9.9982E-05 0.0198377 0.075972 0.146681 0.0466994 9.9982E-05 0.0569752
0.566462 9.9991E-05 0.00661873 0.129241 0.171509 0.00749738 0.0191668 0.0994051
0.317542 0.228548 0.0795329 0.0440183 0.153206 0.0776583 0.0336766 0.0658176
0.326882 0.252716 0.0239538 9.9982E-05 0.0457985 0.111154 9.9982E-05 0.239296
0.223308 0.532289 0.0183465 9.9964E-05 9.9964E-05 9.9964E-05 9.9964E-05 0.225656
0.497781 9.9991E-05 0.0294609 0.0313477 0.198619 0.109688 0.0406921 0.0923123
0.266521 0.0119054 0.0373441 9.9973E-05 0.597003 9.9973E-05 9.9973E-05 0.0869263
0.398436 9.9964E-05 9.9964E-05 9.9964E-05 0.130868 0.32288 9.9964E-05 0.147416
0.479739 0.172995 0.063493 9.9991E-05 0.00227087 0.0521204 0.064912 0.164369
9.9964E-05 0.195557 0.000469093 9.9964E-05 0.50149 9.9964E-05 9.9964E-05 0.302084
9.9964E-05 0.095371 0.0356313 9.9964E-05 0.610887 9.9964E-05 9.9964E-05 0.257711
0.290961 0.067354 0.0250968 9.9991E-05 0.315148 0.146023 0.0146189 0.140699
0.0892378 0.166966 0.0245429 9.9982E-05 0.39921 9.9982E-05 0.0227811 0.297063
9.9955E-05 0.214561 9.9955E-05 9.9955E-05 0.357583 9.9955E-05 9.9955E-05 0.427355
0.369108 0.114825 0.0544083 9.9982E-05 0.26607 9.9982E-05 0.0966697 0.0987185
0.373952 0.124061 0.0182081 0.00973223 0.148351 0.122764 9.9991E-05 0.202831
0.237499 0.156159 9.9991E-05 0.0108808 0.218343 0.0016454 0.0591429 0.31623
0.123197 0.0974238 0.00966009 9.9982E-05 0.476139 0.016113 9.9982E-05 0.277267
0.471312 0.118876 0.00526989 0.0694736 0.15059 0.0345034 0.00890628 0.141069
0.150551 0.158987 0.0381369 9.9991E-05 0.396594 0.0407261 0.04214 0.172765
9.9964E-05 0.0626936 0.0609343 9.9964E-05 0.508494 9.9964E-05 9.9964E-05 0.367478
0.396562 0.164846 0.0119438 9.9991E-05 0.167281 0.00755508 0.0633949 0.188317
0.322392 0.0821762 0.0843772 9.9991E-05 0.091183 0.0842112 0.0354701 0.30009
0.567088 0.217722 0.0101731 9.9973E-05 9.9973E-05 0.0264189 9.9973E-05 0.178298
0.425342 0.223377 9.9982E-05 0.00245114 0.119183 0.0188894 9.9982E-05 0.210558
0.339151 0.182196 0.03586 9.9973E-05 9.9973E-05 0.0884094 9.9973E-05 0.354083
0.497724 0.138026 0.02605 9.9982E-05 9.9982E-05 0.122029 0.0303837 0.185587
0.418412 0.192756 0.0652006 9.9982E-05 9.9982E-05 0.0310567 0.0492807 0.243094
0.301728 0.284026 0.0924976 0.0295156 0.101262 9.9982E-05 9.9982E-05 0.190771
0.177382 0.133717 9.9982E-05 9.9982E-05 0.0386196 0.210782 0.244109 0.195191
0.291484 0.225428 0.052192 9.9982E-05 0.0844481 0.0753628 9.9982E-05 0.270884
0.107863 0.247672 9.9973E-05 9.9973E-05 0.262268 9.9973E-05 0.0253735 0.356523
0.170244 0.324323 0.0751869 9.9982E-05 0.18753 9.9982E-05 0.0779782 0.164539
9.9973E-05 9.9973E-05 0.0141203 0.127718 0.0746672 0.0241724 9.9973E-05 0.759022
0.056159 9.9973E-05 9.9973E-05 0.556653 9.9973E-05 0.298749 0.0136479 0.0744913
9.9955E-05 9.9955E-05 9.9955E-05 0.733542 9.9955E-05 0.254489 9.9955E-05 0.0114689
9.9955E-05 9.9955E-05 0.0361617 0.685896 9.9955E-05 0.277442 9.9955E-05 9.9955E-05
0.00930184 9.9955E-05 9.9955E-05 0.700475 9.9955E-05 0.289723 9.9955E-05 9.9955E-05
0.00283916 0.0730909 0.0380783 0.735292 9.9973E-05 0.1504 9.9973E-05 9.9973E-05
0.0883397 9.9964E-05 0.0359129 0.767443 9.9964E-05 0.107904 9.9964E-05 9.9964E-05
9.9964E-05 9.9964E-05 0.00761018 0.684955 9.9964E-05 0.290312 9.9964E-05 0.0167233
9.9973E-05 0.00833186 0.0377526 0.575045 9.9973E-05 0.235037 9.9973E-05 0.143533
0.0391927 0.00511137 0.0355261 9.9982E-05 9.9982E-05 0.0014903 0.000183903 0.918296
0.0412818 9.9982E-05 0.094032 0.0622118 9.9982E-05 0.0504226 0.0111293 0.740723
9.9973E-05 0.00378266 0.101594 0.0361647 0.0443461 9.9973E-05 9.9973E-05 0.813812
0.0197187 9.9973E-05 0.047991 0.0307986 9.9973E-05 0.126765 9.9973E-05 0.774427
0.0609354 9.9955E-05 9.9955E-05 9.9955E-05 9.9955E-05 9.9955E-05 0.0379583 0.900607
0.0399893 9.9973E-05 0.0178704 0.086875 9.9973E-05 9.9973E-05 0.00796623 0.846999
0.0387993 0.145394 0.0501952 0.0539083 0.00270764 9.9982E-05 9.9982E-05 0.708795
0.0515008 0.0640548 0.0719622 0.00224071 0.000198397 9.9991E-05 0.0251365 0.784807
0.0543839 0.0433131 0.0944532 0.182342 9.9991E-05 0.00714875 0.0182194 0.60004
0.0196181 0.0517555 0.0327608 9.9973E-05 9.9973E-05 9.9973E-05 0.0634001 0.832166
9.9982E-05 9.9982E-05 0.0715605 0.0234144 0.00272559 0.0237944 0.0160544 0.862251
0.00892837 0.0299984 0.0522301 9.9973E-05 9.9973E-05 0.0735282 9.9973E-05 0.835015
0.00446338 0.00893974 0.00920088 0.0558212 9.9973E-05 9.9973E-05 9.9973E-05 0.921275
0.0572384 0.00821516 0.0913107 0.0194968 9.9982E-05 0.00886586 9.9982E-05 0.814673
0.0276231 0.0717858 0.0791969 9.9973E-05 9.9973E-05 9.9973E-05 0.0405533 0.780541
0.0943252 0.0715141 0.0750137 9.9964E-05 9.9964E-05 9.9964E-05 9.9964E-05 0.758747
0.0673566 0.159734 0.0272665 9.9964E-05 9.9964E-05 9.9964E-05 9.9964E-05 0.745243
0.134329 0.0411062 0.100312 9.9964E-05 9.9964E-05 9.9964E-05 9.9964E-05 0.723854
0.115385 0.0724435 0.0810792 9.9973E-05 9.9973E-05 9.9973E-05 0.00174873 0.729044
0.363528 0.0666885 0.0329106 0.1138 0.23389 0.0124484 0.0876055 0.0891282
0.753461 9.9964E-05 0.0107256 9.9964E-05 0.115204 9.9964E-05 9.9964E-05 0.12021
0.27352 9.9973E-05 0.0150729 0.0384475 0.635758 9.9973E-05 0.0369024 9.9973E-05
0.509087 9.9982E-05 0.0799942 0.0472757 0.124003 0.149165 9.9982E-05 0.0902753
0.221204 9.9955E-05 9.9955E-05 9.9955E-05 0.656526 9.9955E-05 9.9955E-05 0.121771
0.644327 9.9964E-05 9.9964E-05 0.0270539 0.24814 9.9964E-05 9.9964E-05 0.0800791
0.459233 9.9982E-05 9.9982E-05 0.097455 0.143903 0.146109 0.0593424 0.0937574
0.621753 9.9991E-05 0.00262778 0.040473 0.146189 0.0893453 0.0259254 0.0735863
0.515651 9.9973E-05 9.9973E-05 0.0264006 9.9973E-05 0.063102 0.334794 0.0597526
0.490419 9.9973E-05 0.0327436 0.220651 0.238636 9.9973E-05 9.9973E-05 0.0172513
0.584779 0.00566568 0.0802526 0.0959648 0.180824 0.0523135 9.9982E-05 9.9982E-05
9.9973E-05 0.0269526 9.9973E-05 0.0987556 0.208502 0.441354 0.224136 9.9973E-05
0.0834351 9.9955E-05 9.9955E-05 0.133989 0.782076 9.9955E-05 9.9955E-05 9.9955E-05
0.284237 9.9964E-05 9.9964E-05 0.110675 0.584279 9.9964E-05 9.9964E-05 0.02041
0.637535 0.00917083 0.000467914 0.0858144 0.151734 0.0244341 9.9991E-05 0.0907444
0.557333 9.9973E-05 9.9973E-05 0.0196873 0.131511 9.9973E-05 0.140461 0.150708
0.500978 0.150897 9.9973E-05 9.9973E-05 0.10729 9.9973E-05 0.0207534 0.219781
0.42576 0.148151 0.0545517 9.9982E-05 9.9982E-05 0.199658 0.0466318 0.125048
0.0886185 0.164209 0.0176275 0.033183 0.0740036 0.254955 9.9991E-05 0.367304
0.286036 0.253643 9.9991E-05 0.0532361 0.0403702 0.0878905 0.111203 0.167521
9.9955E-05 0.213795 9.9955E-05 9.9955E-05 0.464276 9.9955E-05 9.9955E-05 0.321429
0.256279 0.2195 0.0565087 9.9982E-05 0.17596 9.9982E-05 0.056603 0.234949
0.221498 0.192369 0.0253966 9.9991E-05 0.0083955 0.151558 0.0492726 0.351411
0.345694 0.0721463 0.0670278 0.0291355 9.9982E-05 0.204751 9.9982E-05 0.281045
0.362777 0.226765 0.00925212 0.0621254 0.0919188 0.106876 0.0137689 0.126516
0.450063 0.174591 0.0537853 9.9982E-05 0.203352 0.035521 9.9982E-05 0.082488
0.159847 0.176465 0.0469502 9.9991E-05 0.00399266 0.152837 0.0373445 0.422464
