0.0740737 0.0212202 0.0210642 9.9973E-05 0.06675 0.80472 0.0118716 9.9973E-05 9.9973E-05
0.0707967 9.9973E-05 9.9973E-05 0.00465198 0.0381446 0.847462 0.00591049 0.0327345 9.9973E-05
0.0595479 9.9973E-05 0.0589782 0.0119987 0.00673997 0.726916 9.9973E-05 9.9973E-05 0.135519
0.0642501 9.9964E-05 0.107702 9.9964E-05 0.0885793 0.696461 9.9964E-05 9.9964E-05 0.0426076
9.9955E-05 9.9955E-05 0.0510479 9.9955E-05 0.0688895 0.852138 9.9955E-05 9.9955E-05 0.0274253
0.0406279 9.9982E-05 0.0189146 0.131483 0.127535 0.547549 0.0142444 9.9982E-05 0.119447
0.0519898 0.0219929 9.9982E-05 0.108479 0.0208122 0.779954 9.9982E-05 0.0118944 0.00467784
0.0597002 9.9982E-05 0.0390179 0.101128 0.134369 0.643011 9.9982E-05 0.00150407 0.0210701
0.0167154 0.0753435 9.99729E-05 0.0216191 0.0198138 0.80491 0.0612978 9.99729E-05 9.99729E-05
0.0651508 0.0436227 0.06187 0.0411442 9.9982E-05 0.640669 9.9982E-05 0.0630626 0.0842804
0.010979 9.9964E-05 9.9964E-05 0.0786667 0.131092 0.683451 9.9964E-05 9.9964E-05 0.0954111
9.9964E-05 0.76004 0.0654705 9.9964E-05 0.0242562 9.9964E-05 0.0478575 9.9964E-05 0.101976
0.0367594 0.426494 0.0382711 9.9964E-05 9.9964E-05 9.9964E-05 0.00565 9.9964E-05 0.492426
0.0366934 0.68224 0.080451 9.9973E-05 9.9973E-05 0.0334172 9.9973E-05 0.078754 0.0881445
9.9955E-05 0.608334 0.154991 9.9955E-05 0.006438 9.9955E-05 9.9955E-05 9.9955E-05 0.229738
0.00614978 0.42637 0.163473 0.0558765 9.9982E-05 0.0703248 0.057227 9.9982E-05 0.220378
0.056751 0.352484 0.112542 9.9982E-05 0.00367314 0.00152279 9.9982E-05 0.0103288 0.462498
0.0412686 0.455137 0.0778687 9.9964E-05 9.9964E-05 9.9964E-05 0.0915513 9.9964E-05 0.333775
0.0169215 0.627483 0.0729841 9.9973E-05 9.9973E-05 0.0616465 0.0124207 9.9973E-05 0.208245
0.0145598 0.791582 0.018754 0.0486059 0.0562835 0.0699144 9.9973E-05 9.9973E-05 9.9973E-05
0.0322515 0.479495 0.118502 9.9964E-05 9.9964E-05 9.9964E-05 0.117072 9.9964E-05 0.252279
0.0141067 0.245391 0.0260227 0.179963 9.9982E-05 9.9982E-05 0.00566806 0.0974833 0.431165
9.9973E-05 0.276087 0.0403987 9.9973E-05 9.9973E-05 0.0443598 0.0892224 0.113462 0.436171
9.9964E-05 0.637334 0.11877 0.0162828 9.9964E-05 9.9964E-05 0.0587089 9.9964E-05 0.168504
9.9982E-05 0.129823 0.101719 0.0601518 0.0160877 0.0487164 0.0609386 9.9982E-05 0.582364
0.0269813 0.397061 0.0858824 9.9955E-05 9.9955E-05 9.9955E-05 9.9955E-05 9.9955E-05 0.489576
0.0443602 0.832803 0.0679503 9.9964E-05 9.9964E-05 0.0167757 0.0377109 9.9964E-05 9.9964E-05
9.9946E-05 0.806434 0.191476 0.00148971 9.9946E-05 9.9946E-05 9.9946E-05 9.9946E-05 9.9946E-05
9.9964E-05 0.780717 0.0379589 0.0805927 9.9964E-05 9.9964E-05 9.9964E-05 0.0597001 0.0406309
0.999201 9.993E-05 9.993E-05 9.993E-05 9.993E-05 9.993E-05 9.993E-05 9.993E-05 9.993E-05
0.999201 9.993E-05 9.993E-05 9.993E-05 9.993E-05 9.993E-05 9.993E-05 9.993E-05 9.993E-05
0.373529 9.9964E-05 0.00761446 9.9964E-05 9.9964E-05 0.460191 0.067234 9.9964E-05 0.0910315
0.332547 9.9973E-05 0.122069 9.9973E-05 0.0288011 0.423426 0.0812777 9.9973E-05 0.0115791
9.9973E-05 0.0554939 9.9973E-05 0.0590486 0.0940329 9.9973E-05 0.232382 0.00914268 0.5496
0.00485676 0.141087 9.9982E-05 0.0196994 9.9982E-05 0.0759937 0.286026 0.0129556 0.459181
0.0209528 9.9964E-05 9.9964E-05 9.9964E-05 0.01975 0.0208571 0.399383 9.9964E-05 0.538657
0.00675466 0.705198 9.9982E-05 0.0194841 0.0827985 0.102082 0.0127975 9.9982E-05 0.0706846
0.0333229 9.9973E-05 0.00563754 0.0728346 0.00834721 9.9973E-05 0.578059 9.9973E-05 0.301499
0.0118902 0.0747513 0.0136244 9.9991E-05 0.0419981 0.114439 0.284269 0.0264834 0.432445
0.0447875 9.9964E-05 0.0146909 0.0189076 9.9964E-05 9.9964E-05 0.246878 9.9964E-05 0.674337
9.9973E-05 0.0445448 9.9973E-05 0.0872813 0.0629789 0.122962 0.115186 9.9973E-05 0.566747
0.0638378 0.0164746 9.9973E-05 9.9973E-05 0.0876431 0.0459788 0.179141 9.9973E-05 0.606624
0.0276493 0.227729 0.0302868 0.00190129 0.0110278 0.00614594 0.630618 9.9991E-05 0.064542
0.0312797 0.155802 0.0345587 0.1757 9.9982E-05 0.0543766 0.0642272 9.9982E-05 0.483856
0.011109 0.00676334 0.0954329 9.9973E-05 0.0791886 9.9973E-05 0.289258 9.9973E-05 0.517948
0.0589439 0.0711247 0.0298788 0.0624799 0.0261347 0.0864149 0.0684107 0.0189712 0.577641
0.00130288 9.9955E-05 9.9955E-05 0.0192321 9.9955E-05 9.9955E-05 0.660384 9.9955E-05 0.318581
9.9964E-05 9.9964E-05 0.0402435 0.00533025 9.9964E-05 0.0557978 0.221353 9.9964E-05 0.676876
0.0387747 0.130056 0.116413 9.9982E-05 0.00661174 0.0364089 0.227588 9.9982E-05 0.443947
9.9946E-05 9.9946E-05 9.9946E-05 0.221958 9.9946E-05 0.0778184 0.699624 9.9946E-05 9.9946E-05
9.9973E-05 0.499896 9.9973E-05 0.0717818 0.124347 9.9973E-05 0.190121 0.0152674 0.0982869
9.9982E-05 0.285379 0.014529 0.233007 9.9982E-05 0.0338452 0.169855 0.22641 0.036774
0.0571887 0.195238 0.0231167 9.9982E-05 0.00313015 9.9982E-05 0.0728992 0.05266 0.595567
0.0628695 0.083591 9.9982E-05 0.0498745 0.0308248 0.0224377 9.9982E-05 0.116973 0.633229
0.0163539 0.0571857 0.0153401 0.0877235 9.9991E-05 0.0267142 0.041934 0.0562157 0.698433
0.0217325 0.289351 9.9991E-05 0.104039 0.116573 0.0567105 0.213814 0.0636404 0.134039
0.00101997 0.304957 9.9982E-05 9.9982E-05 0.0802989 0.0157566 0.0701449 0.0337448 0.493878
9.9982E-05 0.151125 0.0970548 0.00413359 0.0318419 0.0806765 0.0738998 9.9982E-05 0.561069
0.0347937 0.306147 9.9982E-05 0.0601237 9.9982E-05 0.136623 0.120948 0.0802168 0.260947
0.0500023 0.397086 0.00677089 0.170339 0.0371479 0.141471 0.0887381 0.0411822 0.0672629
0.02741 0.128552 0.0409308 0.0992886 0.0813082 9.9991E-05 0.133339 0.0132778 0.475794
0.0338362 0.268978 0.0319361 0.0550189 0.00775035 0.0543598 9.9991E-05 0.15654 0.391481
0.112237 0.59024 9.9973E-05 0.0753993 0.0718064 9.9973E-05 0.130663 0.0193545 9.9973E-05
0.0457968 0.404721 9.9964E-05 9.9964E-05 9.9964E-05 9.9964E-05 0.0350684 0.098725 0.415289
9.9982E-05 0.0824771 9.9982E-05 0.0622781 0.0375256 0.0801522 0.0225676 0.130919 0.583881
0.0384191 0.0973323 0.082904 0.120931 0.0423088 0.00873051 0.11918 0.00574396 0.48445
0.0346969 0.435134 0.105011 0.0723345 9.9982E-05 9.9982E-05 0.175593 0.0550407 0.121991
0.046709 0.318175 9.9973E-05 0.0702665 0.019619 9.9973E-05 9.9973E-05 0.061048 0.483882
0.0668023 0.063324 0.00840391 9.9991E-05 0.146634 0.0220902 0.0505264 0.086183 0.555936
0.0231036 0.52231 9.9982E-05 0.146397 0.0159439 9.9982E-05 0.0934947 0.0677199 0.130831
9.9955E-05 0.0753125 9.9955E-05 9.9955E-05 0.00658593 9.9955E-05 0.448605 9.9955E-05 0.468996
0.0405865 0.170664 9.9964E-05 9.9964E-05 9.9964E-05 0.0225322 0.606093 9.9964E-05 0.159724
9.9964E-05 0.0704288 0.0234324 9.9964E-05 9.9964E-05 0.104494 0.292992 9.9964E-05 0.508254
9.9964E-05 9.9964E-05 9.9964E-05 0.106752 0.0273763 0.00898599 0.822954 0.033532 9.9964E-05
9.9955E-05 0.0930401 9.9955E-05 0.112772 9.9955E-05 9.9955E-05 0.76374 0.0299476 9.9955E-05
9.99461E-05 0.0589023 9.99461E-05 9.99461E-05 9.99461E-05 9.99461E-05 0.703203 9.99461E-05 0.237295
0.0127246 0.0410986 9.9964E-05 9.9964E-05 0.050288 9.9964E-05 0.502832 9.9964E-05 0.392657
0.0455304 9.9991E-05 0.134331 0.0883839 0.000642125 0.0861532 0.144033 0.0188544 0.481972
0.0484297 0.131394 0.0694685 9.9964E-05 9.9964E-05 9.9964E-05 0.42722 9.9964E-05 0.323088
9.9973E-05 0.213733 0.0398325 9.9973E-05 0.060201 0.0485424 0.547535 9.9973E-05 0.0898564
0.0032292 0.127553 9.9973E-05 9.9973E-05 0.167863 0.0488272 0.50221 9.9973E-05 0.150017
9.9982E-05 0.100679 0.0528541 9.9982E-05 0.0423576 0.0769889 0.238933 0.0612378 0.42675
0.0305662 0.117965 0.0403139 9.9982E-05 9.9982E-05 0.0133776 0.537429 0.113574 0.146575
0.0270622 0.157504 9.9982E-05 0.0143677 0.00106761 0.00368548 0.41105 9.9982E-05 0.385064
9.9946E-05 9.9946E-05 9.9946E-05 0.0551293 9.9946E-05 9.9946E-05 0.534852 9.9946E-05 0.409419
9.9964E-05 9.9964E-05 0.0300047 0.191801 0.018759 9.9964E-05 0.692682 0.0663532 9.9964E-05
0.0471836 9.9991E-05 0.00756447 0.0484502 0.0421479 0.0103403 0.251144 0.0180972 0.574972
0.0544809 0.0434744 0.0519445 9.9973E-05 0.00218271 0.741247 9.9973E-05 9.9973E-05 0.106371
0.145726 9.9946E-05 9.9946E-05 9.9946E-05 9.9946E-05 0.770854 9.9946E-05 9.9946E-05 0.0828208
0.131665 0.008564 0.0128672 9.9973E-05 9.9973E-05 0.748543 0.00390218 9.9973E-05 0.0941579
0.117318 9.9964E-05 0.017398 0.0163147 9.9964E-05 0.793806 9.9964E-05 9.9964E-05 0.054764
0.124628 9.9973E-05 0.0194744 9.9973E-05 0.00201349 0.753971 9.9973E-05 0.0461698 0.0534433
0.0767744 9.9982E-05 0.0263965 0.0122914 0.0356016 0.769149 9.9982E-05 0.0239602 0.0556269
0.055897 9.99461E-05 9.99461E-05 9.99461E-05 9.99461E-05 0.853672 9.99461E-05 9.99461E-05 0.0898312
0.0769717 0.0810996 0.0578631 9.9991E-05 0.0389016 0.0132459 0.181835 0.0543737 0.495609
9.9973E-05 9.9973E-05 0.148924 0.0371018 0.075315 0.0675308 0.227188 9.9973E-05 0.44364
9.9964E-05 0.146586 9.9964E-05 9.9964E-05 9.9964E-05 0.0460139 0.772979 0.0161961 0.0178252
0.0339107 0.152816 9.9982E-05 9.9982E-05 0.0283737 0.109115 0.12647 0.021645 0.527469
0.00086012 0.202896 9.9964E-05 9.9964E-05 9.9964E-05 0.00209841 0.410302 9.9964E-05 0.383443
9.9973E-05 9.9973E-05 0.00625364 0.0184799 9.9973E-05 0.0645892 0.265078 0.0704502 0.574849
9.9982E-05 0.00661242 0.0254251 0.089616 0.028268 9.9982E-05 0.288079 0.0643276 0.497472
0.0119315 9.9955E-05 0.143123 9.9955E-05 9.9955E-05 9.9955E-05 0.536205 9.9955E-05 0.308241
9.9955E-05 0.126897 9.9955E-05 9.9955E-05 0.0272945 0.0934096 0.751899 9.9955E-05 9.9955E-05
9.9964E-05 0.0511724 0.0253779 9.9964E-05 9.9964E-05 0.162488 0.268339 9.9964E-05 0.492223
0.0085761 0.00322962 0.104133 9.9982E-05 0.0466708 9.9982E-05 0.22158 0.023392 0.592219
0.0971573 0.058921 0.04646 0.00603311 0.142067 0.0265961 0.0573106 0.0385705 0.526884
0.0280309 0.0420893 9.9973E-05 0.149151 9.9973E-05 9.9973E-05 0.503616 0.0109633 0.265849
0.00196626 9.9964E-05 9.9964E-05 9.9964E-05 9.9964E-05 0.0127065 0.329517 0.130014 0.525397
0.0490272 0.14133 0.00112846 9.9973E-05 0.0461255 9.9973E-05 0.406606 9.9973E-05 0.355482
9.9946E-05 9.9946E-05 0.0803527 9.9946E-05 9.9946E-05 9.9946E-05 0.695057 9.9946E-05 0.223991
9.9964E-05 0.136154 9.9964E-05 9.9964E-05 0.0251385 0.0542938 0.44921 9.9964E-05 0.334804
0.103777 0.0359098 9.9973E-05 9.9973E-05 0.0342344 0.0891891 0.217308 9.9973E-05 0.519283
0.0161878 0.444456 0.0349453 0.0216822 9.9982E-05 0.0525679 9.9982E-05 0.298206 0.131755
0.0423174 0.313712 0.0790499 0.121489 0.113261 9.9973E-05 9.9973E-05 9.9973E-05 0.32987
9.9991E-05 0.0987064 0.024847 0.118692 0.00826601 0.0802595 0.0753257 0.11232 0.481484
0.0497295 0.0999274 0.0791523 9.9991E-05 0.0525871 0.0469644 0.111021 0.00862497 0.551894
0.0710743 0.414738 9.9964E-05 9.9964E-05 9.9964E-05 9.9964E-05 0.0328962 0.123047 0.357845
0.0102567 0.354808 0.0405066 9.9982E-05 0.0342354 9.9982E-05 0.0181911 0.0668115 0.474991
9.9964E-05 0.434885 0.019991 9.9964E-05 0.146724 9.9964E-05 9.9964E-05 0.0613476 0.336652
0.00950506 0.0600527 0.0561004 0.00343588 0.0706391 0.0784134 0.228645 0.0667741 0.426434
9.9982E-05 0.193258 0.100708 0.0333649 0.129165 0.0368751 0.043838 9.9982E-05 0.46259
0.0630548 0.282507 0.0140971 0.0164061 0.0508839 9.9982E-05 0.0125112 9.9982E-05 0.56034
9.9955E-05 0.460359 9.9955E-05 9.9955E-05 0.0707746 9.9955E-05 9.9955E-05 0.0536988 0.414668
0.00145246 0.0229365 0.151067 0.0517305 0.0746925 9.9991E-05 0.0597412 0.0903735 0.547906
0.0130641 0.068331 0.0210979 0.0951961 9.9991E-05 0.109459 0.103983 0.00247851 0.58629
9.9973E-05 0.21612 0.0641254 9.9973E-05 0.0253306 9.9973E-05 0.0806084 0.11018 0.503335
0.029564 0.0694247 9.9991E-05 0.094865 0.0617848 0.0434798 0.00208327 0.108034 0.590665
0.0142753 0.25298 0.0977903 9.9991E-05 0.086238 0.00242826 0.0910933 0.070931 0.384164
0.0640774 0.318561 0.0355841 0.0701107 0.0502619 0.0473185 9.9991E-05 0.148256 0.26573
9.9982E-05 0.196678 0.0807963 0.0332371 0.0822675 9.9982E-05 0.0237597 0.0730815 0.509979
9.9964E-05 0.192397 9.9964E-05 0.0465844 0.0267843 9.9964E-05 9.9964E-05 0.07877 0.655064
9.9982E-05 0.479238 0.0401684 9.9982E-05 0.0750533 0.0153108 0.133549 0.0966818 0.159798
9.9991E-05 0.368094 0.0664429 0.24733 0.0161709 0.0258989 0.0237444 0.203463 0.0487563
0.0515913 0.141747 0.0171722 0.0193345 0.10871 0.0108524 0.0742332 0.0550274 0.521332
9.9982E-05 0.187474 0.0715503 0.104193 0.177977 9.9982E-05 0.151791 0.263894 0.0429204
9.9973E-05 0.512507 9.9973E-05 9.9973E-05 0.0372478 0.0569363 0.118201 0.125027 0.149782
9.9973E-05 0.401671 9.9973E-05 9.9973E-05 0.00668157 0.0387619 0.117574 0.0382059 0.396806
0.0200261 0.591913 9.9964E-05 9.9964E-05 9.9964E-05 0.0487087 0.141273 9.9964E-05 0.19768
9.9991E-05 0.689267 0.00176322 0.038047 0.00507904 0.0103244 0.0390219 0.0015493 0.214848
0.0541946 0.127311 9.9964E-05 9.9964E-05 9.9964E-05 0.068412 0.0540623 9.9964E-05 0.69562
9.9991E-05 0.102675 0.122282 0.063749 0.0910646 0.0125323 0.0273569 0.105768 0.474472
0.0561993 0.34033 9.9982E-05 0.0145298 9.9982E-05 0.0274599 0.0481491 0.0649331 0.448198
0.00279621 0.336673 0.0505606 0.254842 0.0892622 9.9991E-05 0.153988 0.0200669 0.091711
0.0533296 0.123366 0.0399502 0.102419 0.0507232 0.0528706 0.119009 9.9991E-05 0.458233
0.0280772 0.0658311 0.0874059 0.192356 9.9991E-05 0.00162263 0.106584 0.072347 0.445676
9.9982E-05 0.121805 9.9982E-05 0.365749 0.0188033 0.161991 0.157906 0.173109 0.000437139
0.0455641 9.9982E-05 9.9982E-05 0.0714981 0.047302 0.0854623 0.089005 0.0503368 0.610632
9.9973E-05 9.9973E-05 9.9973E-05 0.251805 0.0644288 0.0385362 0.142934 0.067604 0.434392
9.9982E-05 0.117521 0.0225052 0.145119 9.9982E-05 0.0688685 0.0432144 0.0674573 0.535115
0.0258959 0.116939 9.9982E-05 0.398402 0.0759172 9.9982E-05 0.108486 0.02988 0.24428
0.0238356 0.199853 9.9982E-05 0.384793 0.0684639 9.9982E-05 0.115136 0.0551515 0.152567
9.9991E-05 0.0602257 0.00496888 0.130865 0.141667 0.0144852 0.0260372 0.223879 0.397772
0.00412675 0.0694173 0.022237 0.143611 0.0615655 0.0473687 0.10601 0.11483 0.430834
0.0217491 0.167556 0.0665392 0.148415 9.9991E-05 0.0830441 0.158179 0.0117744 0.342643
0.00901903 0.0944725 0.131259 0.438234 0.0142336 0.0211633 0.154288 0.0997144 0.0376162
9.9982E-05 9.9982E-05 0.0408335 0.0579092 0.0845935 0.127614 0.0373873 0.192956 0.458507
9.9973E-05 0.123084 9.9973E-05 0.272394 0.00910304 9.9973E-05 0.16674 0.0304491 0.39793
9.9973E-05 0.0451965 9.9973E-05 0.121679 0.0655286 9.9973E-05 0.166481 0.118069 0.482746
9.9973E-05 9.9973E-05 0.0511172 0.0581636 0.0845884 0.0818548 0.189985 9.9973E-05 0.533991
0.0612802 0.0519622 0.242569 0.285585 9.9973E-05 0.241748 9.9973E-05 9.9973E-05 0.116556
0.0180788 9.9955E-05 0.114559 0.424167 9.9955E-05 0.442695 9.9955E-05 9.9955E-05 9.9955E-05
0.0456148 9.9955E-05 0.118995 0.510861 9.9955E-05 0.324029 9.9955E-05 9.9955E-05 9.9955E-05
0.0125814 0.0279653 0.317721 0.238692 9.9973E-05 0.345908 9.9973E-05 9.9973E-05 0.0568329
0.0177684 0.0451393 9.9973E-05 0.179956 0.00910411 9.9973E-05 0.0401023 9.9973E-05 0.70763
0.0223303 9.9991E-05 0.0943798 0.086178 0.093955 0.0432141 0.0414212 0.065179 0.553242
0.0114236 0.0840397 0.680638 9.9955E-05 9.9955E-05 9.9955E-05 9.9955E-05 9.9955E-05 0.223399
0.0300212 0.136349 0.434249 9.9982E-05 0.0758313 0.0311349 0.0592857 9.9982E-05 0.232928
9.9973E-05 9.9973E-05 0.396436 0.0567834 0.00764821 0.0881094 9.9973E-05 0.0959602 0.354763
0.0179338 0.0333717 9.9973E-05 0.358466 9.9973E-05 9.9973E-05 0.116213 0.153166 0.32055
0.0362793 9.9991E-05 0.0468061 0.119289 0.0703524 0.00745655 0.167866 0.0673724 0.484478
9.9964E-05 0.139812 9.9964E-05 0.469463 9.9964E-05 9.9964E-05 0.0687651 0.148661 0.172899
9.9973E-05 0.0358002 9.9973E-05 0.272865 9.9973E-05 0.00780613 0.0854043 0.00239071 0.595433
9.9973E-05 0.0679485 9.9973E-05 0.205869 9.9973E-05 0.0078482 0.187868 0.115801 0.414366
9.9982E-05 9.9982E-05 0.0518615 0.175226 0.0602617 0.0180153 0.0632997 0.0860499 0.545086
9.9973E-05 0.074236 9.9973E-05 0.422742 0.0309814 9.9973E-05 0.1292 0.157117 0.185424
0.0437542 9.9964E-05 9.9964E-05 0.189909 9.9964E-05 0.0251837 0.0875295 9.9964E-05 0.653224
9.9973E-05 9.9973E-05 9.9973E-05 0.0879259 0.0696049 0.0566586 0.0215382 0.175375 0.588597
9.9955E-05 0.00272733 0.950487 9.9955E-05 9.9955E-05 9.9955E-05 0.0200109 0.0262746 9.9955E-05
9.9973E-05 0.0239519 0.871449 9.9973E-05 0.0264366 9.9973E-05 0.0147001 0.000782806 0.0623797
9.9964E-05 0.201802 0.578911 9.9964E-05 9.9964E-05 0.0219784 9.9964E-05 0.0186767 0.178232
9.9937E-05 9.9937E-05 0.671309 9.9937E-05 9.9937E-05 9.9937E-05 9.9937E-05 9.9937E-05 0.327991
9.99818E-05 9.99818E-05 0.805707 0.0157538 0.0580053 0.00604598 0.0109812 9.99818E-05 0.103206
9.993E-05 9.993E-05 0.999201 9.993E-05 9.993E-05 9.993E-05 9.993E-05 9.993E-05 9.993E-05
9.9946E-05 9.9946E-05 0.964003 9.9946E-05 0.0328141 9.9946E-05 0.00258353 9.9946E-05 9.9946E-05
9.9955E-05 0.0350834 0.83225 9.9955E-05 9.9955E-05 9.9955E-05 0.00137204 9.9955E-05 0.130795
9.9964E-05 0.0154997 0.939162 9.9964E-05 0.0190653 9.9964E-05 0.00611126 9.9964E-05 0.0197617
9.993E-05 9.993E-05 0.999201 9.993E-05 9.993E-05 9.993E-05 9.993E-05 9.993E-05 9.993E-05
0.0410018 9.9937E-05 0.958299 9.9937E-05 9.9937E-05 9.9937E-05 9.9937E-05 9.9937E-05 9.9937E-05
0.0766219 0.0177196 0.716275 9.9964E-05 0.0276022 9.9964E-05 9.9964E-05 9.9964E-05 0.161381
9.9964E-05 9.9964E-05 0.8023 9.9964E-05 0.0838046 0.0467428 9.9964E-05 0.00674187 0.060011
9.9937E-05 9.9937E-05 0.942105 9.9937E-05 9.9937E-05 9.9937E-05 0.0571954 9.9937E-05 9.9937E-05
0.0245046 0.0494323 0.382589 0.00700479 0.0352242 0.0736474 0.100492 9.9991E-05 0.327006
0.105842 9.9973E-05 0.583987 9.9973E-05 0.073182 9.9973E-05 0.0316036 0.0103527 0.194732
0.0410754 9.9982E-05 0.713154 0.0323863 0.0615577 0.00669105 0.0147927 9.9982E-05 0.130143
0.00855298 0.0585967 0.883322 9.9955E-05 9.9955E-05 0.0490284 9.9955E-05 9.9955E-05 9.9955E-05
9.993E-05 9.993E-05 0.999201 9.993E-05 9.993E-05 9.993E-05 9.993E-05 9.993E-05 9.993E-05
9.9946E-05 9.9946E-05 0.88904 9.9946E-05 9.9946E-05 0.0692105 0.0411502 9.9946E-05 9.9946E-05
0.0252521 9.9937E-05 0.974048 9.9937E-05 9.9937E-05 9.9937E-05 9.9937E-05 9.9937E-05 9.9937E-05
9.9973E-05 0.0454254 0.519027 9.9973E-05 0.0158452 0.0844568 9.9973E-05 0.0572757 0.27767
9.9955E-05 0.0115858 0.898394 9.9955E-05 0.0243267 9.9955E-05 0.0651934 9.9955E-05 9.9955E-05
9.9955E-05 0.0696418 0.0373243 0.613271 9.9955E-05 0.279263 9.9955E-05 9.9955E-05 9.9955E-05
0.0415199 0.0928932 0.120907 0.220846 0.0848693 0.0720853 9.9991E-05 0.0157725 0.351007
9.9982E-05 0.0163708 0.0156034 0.238559 0.0368809 0.170237 0.066267 9.9982E-05 0.455882
0.0585826 9.9982E-05 0.0740966 0.530659 0.0250153 0.0867178 9.9982E-05 0.0244739 0.200255
9.9991E-05 0.0196407 0.0998196 0.116669 0.0081592 0.177301 0.0580008 0.132206 0.388104
0.0577478 0.00814356 0.103069 0.397458 9.9991E-05 0.149402 0.0436595 0.0366972 0.203723
9.9982E-05 0.0536025 0.0942222 0.217736 0.0477312 0.078293 9.9982E-05 0.0402758 0.467939
0.0350024 9.9982E-05 0.169304 0.37558 0.0168489 0.0727786 0.0511424 9.9982E-05 0.279144
0.099452 0.029362 0.100849 0.186931 0.0544868 0.0559765 0.00752489 0.00399639 0.461421
0.0604939 9.9973E-05 0.207512 0.327686 9.9973E-05 0.0295188 9.9973E-05 0.0681883 0.306301
9.9973E-05 0.173232 0.109502 0.144855 9.9973E-05 0.113105 0.0113405 9.9973E-05 0.447666
9.9955E-05 9.9955E-05 9.9955E-05 0.0185476 0.0819362 0.846059 9.9955E-05 9.9955E-05 0.0529575
0.0679665 9.9964E-05 0.021664 9.9964E-05 9.9964E-05 0.857185 9.9964E-05 0.0349496 0.0178354
0.0219496 0.00892975 9.9964E-05 9.9964E-05 9.9964E-05 0.945 0.0232075 9.9964E-05 0.000513136
0.0202906 9.9955E-05 9.9955E-05 9.9955E-05 0.0561433 0.905142 9.9955E-05 9.9955E-05 0.017924
0.13299 0.067516 9.9955E-05 9.9955E-05 9.9955E-05 0.795057 9.9955E-05 9.9955E-05 0.00393713
0.0484898 9.9955E-05 0.0841387 9.9955E-05 9.9955E-05 0.823225 9.9955E-05 0.0436472 9.9955E-05
0.0643274 9.9964E-05 0.109528 9.9964E-05 0.018845 0.787935 9.9964E-05 9.9964E-05 0.0189645
0.026447 9.9973E-05 9.9973E-05 0.0707477 9.9973E-05 0.837669 0.0290075 0.0280754 0.00775335
0.00618452 9.9955E-05 9.9955E-05 9.9955E-05 9.9955E-05 0.882096 9.9955E-05 0.0399712 0.0712487
0.00933035 9.9955E-05 0.107624 0.0850265 9.9955E-05 0.797519 9.9955E-05 9.9955E-05 9.9955E-05
0.0508509 0.243641 9.99765E-05 0.0136825 0.0295554 0.577104 0.0848655 9.99765E-05 9.99765E-05
0.0527229 0.156651 9.9973E-05 9.9973E-05 0.20626 0.52398 0.0403173 0.0197691 9.9973E-05
0.0447289 0.250769 9.9973E-05 0.0397686 0.0898215 0.476698 9.9973E-05 0.0979143 9.9973E-05
9.9973E-05 0.312568 9.9973E-05 0.0206345 0.136871 0.498249 0.0268836 0.00449427 9.9973E-05
0.0218106 0.184825 0.0274107 0.0227617 0.0521276 0.0038781 0.155527 0.0340028 0.497656
9.9964E-05 9.9964E-05 0.0505796 9.9964E-05 0.0755508 9.9964E-05 0.393065 0.0665349 0.41387
0.00726012 0.128562 0.0324785 0.0734502 0.0705066 9.9982E-05 0.176013 9.9982E-05 0.51153
0.026577 0.348275 9.9973E-05 9.9973E-05 0.0415679 0.0622859 0.180326 9.9973E-05 0.340668
0.0170431 0.651748 9.9982E-05 0.017499 0.148485 9.9982E-05 0.0527691 0.0447834 0.0674718
9.9991E-05 0.0124608 0.0315325 0.0055499 0.0310792 0.0709138 0.210728 0.0552406 0.582395
9.9973E-05 0.11502 0.0373472 9.9973E-05 0.0285814 9.9973E-05 0.296044 0.0266557 0.496052
9.9982E-05 0.0772925 0.0326877 0.106313 9.9982E-05 0.017283 0.328844 0.0196295 0.41775
9.9964E-05 9.9964E-05 0.110447 0.00903549 0.00357563 9.9964E-05 0.653756 9.9964E-05 0.222787
9.9973E-05 9.9973E-05 9.9973E-05 0.0459857 0.143411 0.0818454 0.0793994 0.0295673 0.619491
0.0374529 0.0654604 0.00375778 9.9982E-05 0.133805 9.9982E-05 0.339154 0.0289693 0.3912
9.9964E-05 0.0842937 9.9964E-05 0.0390153 0.0353442 9.9964E-05 0.641419 0.199528 9.9964E-05
9.9982E-05 0.0473342 9.9982E-05 0.0923092 0.0998435 0.100626 0.129528 0.0716054 0.458554
9.9964E-05 9.9964E-05 9.9964E-05 0.187037 0.0568228 9.9964E-05 0.459985 0.0557745 0.239981
0.039884 0.0114979 9.9982E-05 0.0251647 0.018523 9.9982E-05 0.345037 0.0723107 0.487383
9.9964E-05 0.217782 9.9964E-05 9.9964E-05 0.0116871 0.0507543 0.660896 9.9964E-05 0.0584813
9.9955E-05 9.9955E-05 0.0316296 0.0759386 0.853215 0.0387168 9.9955E-05 9.9955E-05 9.9955E-05
9.9964E-05 9.9964E-05 0.0372807 0.0526901 0.849378 0.0131042 9.9964E-05 9.9964E-05 0.0471474
9.9937E-05 9.9937E-05 9.9937E-05 9.9937E-05 0.98801 9.9937E-05 9.9937E-05 0.0112904 9.9937E-05
9.9946E-05 9.9946E-05 9.9946E-05 9.9946E-05 0.90975 0.0456553 0.0439949 9.9946E-05 9.9946E-05
9.9964E-05 9.9964E-05 0.0366919 0.0272915 0.896726 9.9964E-05 9.9964E-05 0.00121984 0.0376713
9.9946E-05 9.9946E-05 0.0862392 9.9946E-05 0.874679 9.9946E-05 9.9946E-05 9.9946E-05 0.0384825
0.0345222 9.9946E-05 9.9946E-05 9.9946E-05 9.9946E-05 0.861963 9.9946E-05 9.9946E-05 0.102915
9.99461E-05 0.0684506 9.99461E-05 9.99461E-05 9.99461E-05 0.816004 9.99461E-05 9.99461E-05 0.114946
0.0357361 9.9973E-05 0.0917626 9.9973E-05 0.0195669 0.70089 9.9973E-05 0.00177394 0.149971
0.0200083 0.0727176 0.0922256 9.9964E-05 9.9964E-05 0.754485 9.9964E-05 9.9964E-05 0.0601641
9.9964E-05 0.037829 0.0641628 9.9964E-05 9.9964E-05 0.792782 0.0039101 9.9964E-05 0.100917
0.0899846 0.121849 9.9973E-05 0.0552061 0.398447 0.321669 0.0125435 9.9973E-05 9.9973E-05
0.00248383 0.0605067 9.9982E-05 0.0383255 0.396994 0.422163 0.0366145 0.0427118 9.9982E-05
0.0301442 0.00602704 0.0025618 9.9982E-05 0.444076 0.380974 0.0304685 0.105549 9.9982E-05
0.999201 9.993E-05 9.993E-05 9.993E-05 9.993E-05 9.993E-05 9.993E-05 9.993E-05 9.993E-05
0.0371791 0.0454584 0.0211236 0.0109944 0.460611 0.28567 0.100032 0.0388312 9.9991E-05
0.00591721 9.9982E-05 0.331899 0.108154 0.0206101 0.23873 9.9982E-05 0.0235733 0.270916
0.040062 9.9982E-05 0.308784 0.0245275 9.9982E-05 0.0803986 0.0174704 0.0556762 0.472881
0.0426297 0.0130135 0.26472 9.9964E-05 9.9964E-05 0.180888 9.9964E-05 9.9964E-05 0.498349
9.9964E-05 9.9964E-05 0.200224 0.054654 9.9964E-05 0.23868 0.189909 9.9964E-05 0.316134
9.9973E-05 0.0535864 0.150464 9.9973E-05 0.0541926 0.136064 9.9973E-05 0.148733 0.456661
9.9946E-05 9.9946E-05 0.28389 0.280614 9.9946E-05 0.434896 9.9946E-05 9.9946E-05 9.9946E-05
9.9973E-05 0.26414 9.9973E-05 0.026147 0.111071 9.9973E-05 0.12328 0.0863387 0.388724
9.9982E-05 0.17357 9.9982E-05 0.166609 0.0471774 0.0189352 0.101532 0.175374 0.316601
0.0551047 0.57799 9.9973E-05 9.9973E-05 0.102681 0.042372 9.9973E-05 0.0259223 0.19563
9.9982E-05 0.118028 9.9982E-05 0.0566346 0.0293591 0.00675612 0.0867686 0.246259 0.455995
9.9964E-05 0.0919378 9.9964E-05 0.232568 0.0251674 9.9964E-05 0.210609 0.439318 9.9964E-05
9.9982E-05 0.199449 0.0287711 0.0407841 9.9982E-05 0.117841 0.0809704 0.0343792 0.497605
0.0139263 0.157088 9.9991E-05 0.021024 0.0761421 0.0499998 0.00541305 0.215598 0.460709
0.0247227 0.63428 9.9973E-05 9.9973E-05 0.0251737 0.0232163 9.9973E-05 0.07719 0.215117
9.9991E-05 0.169447 0.119718 0.0540838 0.0411277 0.0778976 0.0368166 0.0758387 0.424971
9.9973E-05 0.396183 9.9973E-05 0.29133 0.010926 9.9973E-05 0.12948 0.103231 0.06855
0.0230441 0.0334968 0.0274677 0.0788227 0.1248 9.9991E-05 0.130118 0.146271 0.43588
0.0311563 0.221859 0.0125862 0.00179227 0.115256 9.9991E-05 0.102185 0.0478091 0.467257
9.9982E-05 0.0568473 0.152035 0.0970865 0.0630555 0.115389 0.0915378 9.9982E-05 0.423849
9.9964E-05 0.377157 9.9964E-05 0.0892329 0.0241814 9.9964E-05 9.9964E-05 0.196922 0.312107
9.9973E-05 0.273909 9.9973E-05 0.0186685 0.0931374 9.9973E-05 0.072149 0.136566 0.405271
9.9973E-05 0.25807 0.0620213 0.0742004 9.9973E-05 9.9973E-05 0.124042 0.083776 0.39759
9.9982E-05 0.195068 9.9982E-05 0.104072 0.0247018 0.00407012 0.0207804 0.0730888 0.578019
0.00902691 0.0334824 0.0278339 0.0078093 0.170879 0.00175305 0.0456288 0.103686 0.5999
0.0249901 0.182836 0.0286187 0.0455872 0.0130833 0.051252 0.116818 0.0717878 0.465027
9.9982E-05 0.1967 0.0903948 0.0298083 9.9982E-05 0.0933239 0.101673 0.0430614 0.444838
0.00653308 9.9964E-05 0.112515 9.9964E-05 0.00784034 0.766863 9.9964E-05 9.9964E-05 0.10585
0.0109005 9.9964E-05 0.0603705 9.9964E-05 9.9964E-05 0.817198 9.9964E-05 0.0347982 0.0763332
9.9964E-05 9.9964E-05 9.9964E-05 0.021797 0.0487258 0.781777 0.0398231 9.9964E-05 0.107477
0.0370584 9.9973E-05 0.0278272 9.9973E-05 0.0985049 0.745072 0.0796684 0.0115689 9.9973E-05
0.0892108 9.9955E-05 9.9955E-05 9.9955E-05 0.00852685 0.79961 9.9955E-05 9.9955E-05 0.102152
9.9982E-05 0.771884 0.0664044 0.0166269 0.0934167 0.0243292 0.0176826 9.9982E-05 0.00945592
0.0170377 0.267469 9.9982E-05 0.0393474 9.9982E-05 0.0321902 0.00184017 0.130742 0.511173
9.9973E-05 9.9973E-05 0.106149 0.204248 0.0312326 0.192121 0.0811071 9.9973E-05 0.384842
0.0562616 0.171513 0.061762 0.0654863 0.0660776 9.9973E-05 9.9973E-05 9.9973E-05 0.5786
9.9982E-05 0.274546 0.0151641 9.9982E-05 0.0428717 0.0848171 0.0338646 0.0753725 0.473164
0.0472938 0.343431 0.00396326 0.113752 0.0966609 9.9982E-05 9.9982E-05 0.138178 0.256521
0.051029 0.725085 9.9964E-05 0.0583995 0.0851424 0.0799445 9.9964E-05 9.9964E-05 9.9964E-05
0.0229464 0.175404 9.9982E-05 9.9982E-05 0.162487 0.0137396 0.0941196 0.0239317 0.507172
0.0126204 0.454211 0.0100905 0.0399606 0.173855 0.0469257 0.0234805 0.108433 0.130423
9.9991E-05 0.0827523 0.0212094 0.0685354 0.0917713 0.0562907 0.052168 0.2008 0.426373
0.0134371 0.645781 0.0181526 9.9982E-05 0.0443312 0.14507 0.0124225 0.120606 9.9982E-05
0.0284655 0.125658 0.00895129 0.0325335 0.106248 0.104438 0.0283182 0.0218607 0.543527
0.0188158 0.687196 9.9982E-05 0.00224885 0.01371 0.0857339 9.9982E-05 0.0871111 0.104985
0.0213832 0.350409 9.9991E-05 0.138546 0.0510038 0.0174422 0.0361265 0.0711381 0.313851
9.9991E-05 0.111245 0.0105788 0.143744 0.0750274 0.0410383 0.116208 0.063426 0.438633
9.9964E-05 0.103564 9.9964E-05 0.431917 0.0761327 9.9964E-05 9.9964E-05 0.155545 0.232443
0.0328174 0.0965145 9.9982E-05 0.216817 0.0513812 0.00926073 0.0607007 9.9982E-05 0.532308
0.0323345 0.0208653 0.0422108 0.0232319 0.0214286 0.109804 0.140767 0.0643469 0.545012
9.9973E-05 0.101592 9.9973E-05 0.354425 0.0557915 9.9973E-05 0.0151611 0.132099 0.340632
0.012374 0.0053345 0.0581862 0.162059 0.1564 0.0162977 9.9991E-05 0.0276767 0.561571
9.9964E-05 9.9964E-05 9.9964E-05 0.180368 0.110605 9.9964E-05 0.139902 0.0858819 0.482843
9.9964E-05 9.9964E-05 9.9964E-05 0.466964 0.120562 9.9964E-05 0.156893 0.157099 0.0980815
9.9964E-05 9.9964E-05 9.9964E-05 0.475778 0.0541353 9.9964E-05 0.150084 0.0795298 0.240074
9.9973E-05 0.010687 9.9973E-05 0.238258 0.0888463 9.9973E-05 0.00191596 0.11769 0.542302
9.9973E-05 0.174347 9.9973E-05 0.386749 0.0305754 9.9973E-05 0.168194 0.079164 0.16067
9.9964E-05 0.185467 9.9964E-05 0.260968 0.003325 9.9964E-05 0.0849533 9.9964E-05 0.464886
9.9973E-05 0.75463 0.0450964 0.0248817 0.118844 9.9973E-05 0.0147155 0.0415325 9.9973E-05
9.9964E-05 0.297443 9.9964E-05 9.9964E-05 0.0795578 9.9964E-05 0.029149 0.403879 0.18957
0.0267684 0.511784 0.133183 9.9973E-05 0.094608 9.9973E-05 9.9973E-05 0.0458479 0.187508
0.0300165 0.195938 0.0569913 9.9982E-05 0.0285 9.9982E-05 0.0715246 0.056212 0.560618
0.0259742 0.510141 0.0407391 9.9982E-05 0.128943 9.9982E-05 0.159827 0.0334623 0.100714
0.0158529 0.189577 0.0130709 0.0392402 0.0686893 0.014891 9.9991E-05 0.182023 0.476555
0.0240656 0.142003 0.0268221 9.9991E-05 0.0407189 0.111663 0.056411 0.0576304 0.540585
0.0232701 0.282849 0.0391986 0.0156665 0.0492166 0.072964 0.0319291 0.0055501 0.479356
0.000674573 0.241553 9.9982E-05 9.9982E-05 0.0237488 0.0856868 0.0612749 0.154894 0.431968
0.0459857 0.300895 0.0586115 9.9973E-05 0.139188 9.9973E-05 0.137278 9.9973E-05 0.317742
9.9964E-05 0.558463 0.0683868 9.9964E-05 0.133291 9.9964E-05 0.104603 9.9964E-05 0.134856
9.9982E-05 0.411677 0.117481 0.00263711 0.160557 9.9982E-05 0.0522592 0.0231024 0.232086
9.9955E-05 0.167265 9.9955E-05 9.9955E-05 0.0637203 9.9955E-05 9.9955E-05 0.167913 0.600602
0.0106695 0.17711 0.0517947 9.9991E-05 0.0235745 0.0644765 0.00895423 0.0841248 0.579196
0.0365279 0.162651 9.9982E-05 0.129893 0.151539 9.9982E-05 0.00239 0.100708 0.416091
9.9973E-05 0.174161 0.0465416 0.00183288 0.105238 9.9973E-05 9.9973E-05 0.155772 0.516154
0.0328557 0.369887 9.9982E-05 0.17724 0.0784279 9.9982E-05 0.0107138 0.00198688 0.328689
9.9964E-05 0.150772 9.9964E-05 9.9964E-05 0.0974519 0.0589077 9.9964E-05 0.105064 0.587405
9.9973E-05 0.245828 0.0280519 9.9973E-05 0.0752563 0.0346521 9.9973E-05 0.136439 0.479472
0.0343835 0.0105101 0.13576 0.0940552 0.043649 0.0945705 9.9991E-05 0.0769086 0.510063
0.0852437 0.0761552 0.0911673 0.0636012 9.9982E-05 0.288577 0.0356658 9.9982E-05 0.35939
0.0437706 0.0469181 0.202291 0.0851167 9.9991E-05 0.075075 0.0288359 0.0749739 0.442919
0.0748627 0.00382369 0.125852 0.0741068 0.00912697 0.0540666 0.171961 0.0423821 0.443819
0.0227655 0.096764 0.127279 0.0227102 0.00066566 0.0334929 0.0865209 0.0750164 0.534786
0.0184112 0.101498 0.17026 0.0411837 9.9982E-05 0.127164 0.0186759 9.9982E-05 0.522607
0.0149016 0.206624 0.0151681 0.107437 0.0527728 9.9982E-05 9.9982E-05 0.235183 0.367713
0.0292554 0.203356 0.0816855 9.9973E-05 9.9973E-05 0.113128 0.0194561 9.9973E-05 0.552819
9.9973E-05 0.042807 0.130257 0.407051 9.9973E-05 0.224499 0.170244 9.9973E-05 0.0248423
0.0427376 0.198699 0.224335 0.0731332 9.9982E-05 0.0339784 9.9982E-05 0.0137064 0.41321
0.00594491 0.0335132 0.138945 9.9982E-05 0.00504893 0.15818 9.9982E-05 0.0960331 0.562135
9.9982E-05 0.0184222 0.23335 0.109132 0.0573145 0.061052 9.9982E-05 0.0516635 0.468866
0.0114541 0.202975 0.15735 0.187905 9.9973E-05 0.155436 9.9973E-05 9.9973E-05 0.28458
9.9982E-05 0.0472213 0.043675 0.0632947 9.9982E-05 0.19494 0.0339766 0.0130425 0.60365
0.0305239 0.00561432 0.143457 0.081351 9.9982E-05 0.107116 9.9982E-05 0.105697 0.526041
0.0370905 9.9964E-05 0.172527 0.341557 9.9964E-05 0.433842 9.9964E-05 0.0145832 9.9964E-05
0.0462091 0.0637097 0.188406 0.0425542 9.9982E-05 0.164161 0.0116528 9.9982E-05 0.483107
0.000765774 9.9982E-05 0.194587 0.12277 9.9982E-05 0.11442 0.00702898 0.028113 0.532116
0.039012 9.9982E-05 0.135011 0.155311 0.0313497 0.0554904 9.9982E-05 0.0475494 0.536076
9.9964E-05 9.9964E-05 0.148212 0.155276 9.9964E-05 0.135039 9.9964E-05 0.0135394 0.547533
0.0574537 0.149698 0.180272 0.0626962 0.0112957 0.0616171 0.0346455 9.9991E-05 0.442222
0.00396267 9.9982E-05 0.05442 9.9982E-05 0.0541254 0.0523757 0.00349294 0.424229 0.407194
9.9982E-05 0.0664956 0.0934102 0.0444751 9.9982E-05 0.103031 0.0769715 0.196478 0.418939
9.9955E-05 0.111725 9.9955E-05 0.0147253 9.9955E-05 9.9955E-05 0.0193589 0.853691 9.9955E-05
9.9964E-05 0.0291116 9.9964E-05 9.9964E-05 0.0101128 0.00897426 0.0264257 0.924976 9.9964E-05
0.0195366 0.125434 0.139293 9.9982E-05 0.00469652 0.0140453 9.9982E-05 0.314264 0.382531
9.9973E-05 0.00729663 0.191776 0.121239 9.9973E-05 0.121653 9.9973E-05 0.0899594 0.467775
0.0192372 9.9973E-05 0.417026 0.088329 9.9973E-05 0.0424624 9.9973E-05 0.207762 0.224884
0.0461984 0.00570321 0.314642 0.179956 9.9982E-05 0.113518 9.9982E-05 0.174383 0.1654
0.0459593 0.0978762 0.270758 0.0367667 9.9982E-05 0.13791 9.9982E-05 0.130656 0.279873
0.0234835 9.9973E-05 0.100108 0.219054 9.9973E-05 0.0386462 9.9973E-05 0.608913 0.0094955
0.0424164 9.9982E-05 0.0962396 0.119705 9.9982E-05 0.0382774 0.0265856 0.568728 0.107848
0.0200298 9.9964E-05 0.0540621 9.9964E-05 9.9964E-05 9.9964E-05 0.0699323 0.344921 0.510655
0.00483419 0.0248262 0.13338 9.9973E-05 9.9973E-05 0.0313152 9.9973E-05 0.412599 0.392745
0.0505627 9.9964E-05 0.119666 9.9964E-05 9.9964E-05 0.0452762 9.9964E-05 0.683767 0.100328
0.0335979 0.0417536 0.136618 9.9991E-05 0.0247389 0.0383892 0.0164167 0.295488 0.412898
0.00334143 0.00244002 0.116223 0.0366213 9.9982E-05 0.00837161 9.9982E-05 0.346742 0.486061
9.9982E-05 9.9982E-05 0.202042 0.0999685 0.0892524 0.0266268 0.0878057 0.170694 0.32341
0.0185309 0.0225068 9.9964E-05 9.9964E-05 0.037269 9.9964E-05 9.9964E-05 0.645265 0.276029
0.0232834 0.129108 0.0675348 9.9973E-05 9.9973E-05 9.9973E-05 0.0318069 0.494844 0.253123
0.0368849 9.9973E-05 9.9973E-05 9.9973E-05 0.0977998 0.0497467 0.0723502 0.232518 0.510401
0.024524 0.0459337 0.0350708 0.0350175 0.0654976 0.0102871 0.143418 0.379164 0.261088
0.0158099 0.0873697 0.0604519 0.103547 9.9991E-05 0.0662032 0.0414452 0.126398 0.498675
9.9973E-05 0.0645351 9.9973E-05 0.138108 0.000819091 9.9973E-05 0.0138589 0.360421 0.421958
9.9964E-05 0.00517588 9.9964E-05 0.0483896 0.07423 9.9964E-05 9.9964E-05 0.65174 0.220065
9.9955E-05 9.9955E-05 0.0101523 9.9955E-05 9.9955E-05 9.9955E-05 0.155105 0.291929 0.542314
0.00790625 9.9991E-05 0.148435 0.00805542 0.00131671 0.0547476 0.168109 0.194526 0.416803
9.9973E-05 0.0138146 0.0283495 9.9973E-05 0.001546 9.9973E-05 0.0364289 0.790983 0.128578
0.00497852 9.9955E-05 9.9955E-05 9.9955E-05 9.9955E-05 0.0165233 9.9955E-05 0.521257 0.456741
0.0638835 0.0927579 0.0855548 9.9982E-05 0.00573086 9.9982E-05 0.0843104 0.251641 0.415922
9.9982E-05 0.0139196 9.9982E-05 0.0586116 0.0104466 0.0263013 0.10906 0.31288 0.468581
0.0236107 0.0448646 0.126828 0.15747 9.9991E-05 0.098294 0.0176259 0.0220374 0.50917
0.0342793 9.9982E-05 0.140459 0.102308 0.0157083 0.0152701 9.9982E-05 0.255306 0.436469
9.9973E-05 9.9973E-05 0.266296 0.186518 0.0885116 0.0971082 9.9973E-05 0.0287841 0.332482
0.111496 0.0802821 0.181667 0.0416192 0.0746622 0.093398 0.04774 0.113667 0.255469
9.9991E-05 0.0266676 0.227577 0.06778 0.0997006 0.12169 0.0111485 0.0787879 0.366548
0.0274006 9.9982E-05 0.137455 0.113019 0.0141782 0.122359 9.9982E-05 0.155944 0.429444
0.0250095 9.9964E-05 0.108657 0.0567752 9.9964E-05 0.169313 9.9964E-05 0.639845 9.9964E-05
0.00996915 9.9973E-05 0.198464 9.9973E-05 0.0768425 0.0187181 9.9973E-05 0.0939149 0.601791
0.0417654 9.9964E-05 0.103507 0.0977853 9.9964E-05 0.337622 9.9964E-05 0.41892 9.9964E-05
9.9955E-05 9.9955E-05 0.207252 9.9955E-05 9.9955E-05 0.0591711 9.9955E-05 0.285515 0.447563
9.9946E-05 9.9946E-05 9.9946E-05 9.9946E-05 9.9946E-05 9.9946E-05 0.19175 0.751158 0.056493
0.0101427 9.9955E-05 9.9955E-05 0.00305776 9.9955E-05 9.9955E-05 0.0918401 0.89446 9.9955E-05
9.9946E-05 9.9946E-05 9.9946E-05 9.9946E-05 9.9946E-05 9.9946E-05 0.0949127 0.475796 0.428691
0.0422203 9.9955E-05 9.9955E-05 9.9955E-05 0.0280672 9.9955E-05 9.9955E-05 0.367359 0.561853
9.9973E-05 0.0108908 9.9973E-05 0.00112198 0.00582142 9.9973E-05 0.0377428 0.55392 0.390203
0.0247187 9.9964E-05 0.00908084 9.9964E-05 9.9964E-05 9.9964E-05 0.117009 0.436552 0.412239
9.9937E-05 9.9937E-05 9.9937E-05 9.9937E-05 9.9937E-05 9.9937E-05 9.9937E-05 0.546069 0.453231
0.0999581 9.9973E-05 0.0246504 0.00161376 9.9973E-05 0.701501 9.9973E-05 0.0822731 0.089704
0.067402 0.0420959 0.121841 9.9973E-05 0.0754905 0.67538 9.9973E-05 0.0174906 9.9973E-05
0.0410033 0.0472589 0.0822198 9.9955E-05 9.9955E-05 0.829018 9.9955E-05 9.9955E-05 9.9955E-05
0.152005 9.9955E-05 9.9955E-05 9.9955E-05 9.9955E-05 0.779974 9.9955E-05 0.0312815 0.0362398
0.0255364 0.134087 0.0229016 0.00895294 9.9982E-05 0.0434394 0.317613 9.9982E-05 0.44727
9.9964E-05 0.0972766 0.0720184 9.9964E-05 9.9964E-05 0.0757222 0.365132 9.9964E-05 0.389451
0.0318885 0.0914428 9.9964E-05 9.9964E-05 9.9964E-05 0.0142894 0.438698 9.9964E-05 0.423281
0.0589585 9.9973E-05 0.0274905 9.9973E-05 0.0258216 0.0340761 0.272507 9.9973E-05 0.580846
0.00105032 0.0360644 0.0242992 0.000533467 0.0137454 0.165952 0.30835 9.9991E-05 0.449905
9.9973E-05 0.0977242 9.9973E-05 0.0351952 0.0284638 0.0411123 0.56029 9.9973E-05 0.236915
9.9955E-05 9.9955E-05 0.0259235 9.9955E-05 0.0304535 9.9955E-05 0.410898 9.9955E-05 0.532225
0.0524409 9.9964E-05 9.9964E-05 0.0696261 9.9964E-05 9.9964E-05 0.560013 0.0588836 0.258637
0.0282694 0.107734 0.144247 0.0122541 9.9991E-05 0.213176 0.0166654 0.0138974 0.463657
9.9982E-05 0.0150299 0.0758967 0.0463452 0.0657319 9.9982E-05 0.325311 0.116431 0.355054
9.9955E-05 0.108966 9.9955E-05 9.9955E-05 0.0844035 9.9955E-05 0.54069 9.9955E-05 0.265442
9.9973E-05 0.0400805 0.0100311 9.9973E-05 0.00739131 9.9973E-05 0.390596 0.0475898 0.504011
0.0552238 9.9973E-05 9.9973E-05 9.9973E-05 0.006544 0.00320304 0.456606 0.0821826 0.395941
9.9955E-05 9.9955E-05 0.030488 9.9955E-05 9.9955E-05 9.9955E-05 0.377068 0.0558762 0.536068
0.0196701 9.9973E-05 0.067328 9.9973E-05 0.0972878 0.0675366 0.274348 9.9973E-05 0.47353
0.00122161 9.9955E-05 9.9955E-05 9.9955E-05 9.9955E-05 9.9955E-05 0.947387 0.0462031 0.00468899
0.00411653 0.0809868 9.9982E-05 0.111501 9.9982E-05 0.000101912 0.595739 0.0184373 0.188917
0.0179906 9.9964E-05 0.0364245 9.9964E-05 0.0499207 9.9964E-05 0.619975 9.9964E-05 0.27529
9.9937E-05 9.9937E-05 9.9937E-05 0.187352 9.9937E-05 9.9937E-05 0.811948 9.9937E-05 9.9937E-05
0.0629363 0.032127 9.9982E-05 9.9982E-05 0.0482273 0.0308508 0.385519 0.0328184 0.407321
9.9964E-05 9.9964E-05 0.00167008 0.294301 0.00882722 9.9964E-05 0.57415 9.9964E-05 0.120652
9.9946E-05 9.9946E-05 9.9946E-05 0.275092 9.9946E-05 9.9946E-05 0.669574 0.054735 9.9946E-05
0.0658665 9.9973E-05 0.0235702 9.9973E-05 0.0368662 9.9973E-05 0.368922 0.0118398 0.492635
0.0363565 0.214888 9.9973E-05 9.9973E-05 0.0156117 0.0217925 0.606488 9.9973E-05 0.104563
9.9973E-05 0.182885 0.0733401 9.9973E-05 0.000807764 0.0203151 0.396998 9.9973E-05 0.325354
0.0243414 9.9973E-05 0.0317165 9.9973E-05 9.9973E-05 0.0925306 0.192246 0.0505675 0.608298
9.9964E-05 0.0769608 0.0284936 9.9964E-05 0.0282172 9.9964E-05 0.416656 9.9964E-05 0.449273
9.9973E-05 0.29565 0.0418797 0.163568 9.9973E-05 9.9973E-05 0.0823154 0.102901 0.313386
0.000453143 0.00782824 0.0174443 9.9973E-05 0.0631715 9.9973E-05 0.434249 9.9973E-05 0.476554
0.00707387 9.9982E-05 0.0135086 0.0172762 0.0444691 0.0651394 0.463845 9.9982E-05 0.388488
0.0230504 9.9964E-05 9.9964E-05 0.008662 9.9964E-05 9.9964E-05 0.617863 0.0845796 0.265445
0.0182904 9.9991E-05 0.0231452 0.0187516 0.0557375 0.0859403 0.202147 0.0889462 0.506942
0.0365883 0.129095 9.9964E-05 0.117082 0.17267 0.544165 9.9964E-05 9.9964E-05 9.9964E-05
0.0866151 9.9973E-05 0.00852604 9.9973E-05 0.092652 0.678877 0.125819 9.9973E-05 0.00721049
0.139957 0.0408987 9.9964E-05 0.0945967 0.0959003 0.628248 9.9964E-05 9.9964E-05 9.9964E-05
0.110846 9.9955E-05 9.9955E-05 9.9955E-05 0.167007 0.712858 9.9955E-05 0.00878849 9.9955E-05
0.0744739 0.0405082 9.9973E-05 0.0214169 0.179908 0.66769 9.9973E-05 9.9973E-05 0.0157038
9.9964E-05 0.166864 0.0176091 9.9964E-05 9.9964E-05 0.0798168 0.679264 9.9964E-05 0.0560465
0.00260507 0.178285 9.9973E-05 0.0212293 9.9973E-05 0.0533466 0.666824 9.9973E-05 0.0774095
