0.224319 9.9964E-05 0.00617853 0.000341111 9.9964E-05 0.0425114 9.9964E-05 0.683186 0.0430642 9.9964E-05
0.328035 0.0108857 9.9955E-05 9.9955E-05 9.9955E-05 0.0274719 0.0138269 0.619281 9.9955E-05 9.9955E-05
0.157957 9.9964E-05 0.0582846 9.9964E-05 0.0556819 0.0576044 9.9964E-05 0.64573 0.0243427 9.9964E-05
0.224662 0.0108707 0.134358 9.9973E-05 9.9973E-05 0.0279875 0.0653119 0.535265 0.0012456 9.9973E-05
0.179312 0.0116443 0.0478091 9.9973E-05 0.0559938 0.00943391 0.00106551 0.694441 9.9973E-05 9.9973E-05
0.748166 9.9964E-05 0.013238 0.00512945 0.0487449 9.9964E-05 0.0626607 9.9964E-05 9.9964E-05 0.121661
0.999101 9.99201E-05 9.99201E-05 9.99201E-05 9.99201E-05 9.99201E-05 9.99201E-05 9.99201E-05 9.99201E-05 9.99201E-05
0.874988 0.0273796 9.9946E-05 9.9946E-05 9.9946E-05 9.9946E-05 0.0877089 9.9946E-05 9.9946E-05 0.00932368
0.144617 0.015176 9.99729E-05 0.0158377 9.99729E-05 0.0178512 0.0559993 0.684642 9.99729E-05 0.0655776
0.875684 0.0331167 0.0435227 9.9964E-05 0.0111008 0.00980625 0.0263696 9.9964E-05 9.9964E-05 9.9964E-05
0.810559 9.9946E-05 9.9946E-05 9.9946E-05 9.9946E-05 9.9946E-05 0.110079 0.0457758 9.9946E-05 0.0329865
0.0441985 9.9946E-05 0.0696585 9.9946E-05 0.110486 9.9946E-05 9.9946E-05 9.9946E-05 0.775058 9.9946E-05
9.9946E-05 9.9946E-05 9.9946E-05 9.9946E-05 0.470727 0.0539002 9.9946E-05 9.9946E-05 0.425239 0.0495347
0.0241465 0.0595613 0.0240092 0.0143037 0.14012 0.0195269 9.9982E-05 0.0279023 0.69023 9.9982E-05
9.9955E-05 9.9955E-05 0.175288 9.9955E-05 0.156504 0.00863497 9.9955E-05 0.045333 0.61374 9.9955E-05
0.112088 9.9964E-05 0.0735907 9.9964E-05 0.365009 9.9964E-05 9.9964E-05 0.045466 0.374323 0.0291231
0.0142898 0.00777646 0.0536243 0.0325048 0.452864 0.0637613 9.9991E-05 0.0131907 0.337313 0.0245756
9.9964E-05 9.9964E-05 0.0700607 0.0706054 0.338665 0.0515245 9.9964E-05 9.9964E-05 0.425083 0.0436613
0.0637217 9.9964E-05 0.0118244 9.9964E-05 0.208111 0.0046964 9.9964E-05 0.0806364 0.63061 9.9964E-05
0.0516356 9.9964E-05 9.9964E-05 9.9964E-05 9.9964E-05 0.0139908 0.0410803 0.027297 0.819006 0.0465905
9.9973E-05 0.02854 0.150648 0.144258 0.184535 9.9973E-05 0.0366552 9.9973E-05 0.422834 0.0322293
9.9955E-05 0.0245546 9.9955E-05 9.9955E-05 0.450619 0.0410041 9.9955E-05 9.9955E-05 0.376122 0.1072
0.0212747 9.9964E-05 0.0474096 9.9964E-05 0.462049 9.9964E-05 9.9964E-05 0.0529451 0.321439 0.094483
0.0551848 9.9964E-05 0.103095 9.9964E-05 0.148017 0.000337593 9.9964E-05 9.9964E-05 0.667132 0.0258343
9.9973E-05 0.0072554 0.0749883 9.9973E-05 0.519433 0.00136952 9.9973E-05 0.0829109 0.228617 0.0851261
9.9955E-05 9.9955E-05 0.0740995 9.9955E-05 0.450487 0.0272575 9.9955E-05 9.9955E-05 0.446615 0.00104189
0.0166523 9.9946E-05 0.0768549 9.9946E-05 9.9946E-05 0.0715022 9.9946E-05 9.9946E-05 0.834391 9.9946E-05
0.0734299 9.9946E-05 0.148544 9.9946E-05 0.030697 9.9946E-05 9.9946E-05 9.9946E-05 0.746729 9.9946E-05
0.0346001 0.0353246 0.0219111 9.9964E-05 0.096395 9.9964E-05 9.9964E-05 9.9964E-05 0.736808 0.0745615
9.99201E-05 9.99201E-05 9.99201E-05 9.99201E-05 9.99201E-05 0.999101 9.99201E-05 9.99201E-05 9.99201E-05 9.99201E-05
9.99201E-05 9.99201E-05 9.99201E-05 9.99201E-05 9.99201E-05 0.999101 9.99201E-05 9.99201E-05 9.99201E-05 9.99201E-05
9.9964E-05 9.9964E-05 0.0517371 0.0286694 0.0587267 0.368064 9.9964E-05 0.485815 9.9964E-05 0.00658796
0.0375177 9.9964E-05 0.0634655 0.0629304 0.0655175 0.22405 9.9964E-05 0.546119 9.9964E-05 9.9964E-05
9.9991E-05 0.0434751 0.0130069 0.199934 0.515448 0.00784039 0.0220942 0.0601919 0.0774282 0.060481
0.0423666 0.00794332 0.056501 0.282245 0.395571 9.9973E-05 9.9973E-05 0.0462952 0.168778 9.9973E-05
0.0215814 9.9955E-05 0.0324715 0.369209 0.510131 9.9955E-05 0.0661069 9.9955E-05 9.9955E-05 9.9955E-05
0.00559677 0.0035787 0.000289501 9.9982E-05 0.0908154 0.00884452 0.0828777 0.113595 0.694202 9.9982E-05
0.0543394 0.0678548 0.0116622 0.599244 0.234535 0.0286837 0.0033804 9.9973E-05 9.9973E-05 9.9973E-05
9.9946E-05 9.9946E-05 9.9946E-05 0.18002 0.585181 9.9946E-05 9.9946E-05 0.152774 0.0814253 9.9946E-05
9.9964E-05 9.9964E-05 0.0245035 0.244391 0.627379 0.0406505 0.0506367 9.9964E-05 9.9964E-05 0.0120392
0.0262659 0.017083 9.9982E-05 0.0700133 0.576146 0.0693419 0.0601598 9.9982E-05 0.0519309 0.128859
0.0118194 9.9973E-05 9.9973E-05 0.0498106 0.583662 0.0517504 0.0971266 9.9973E-05 0.0731354 0.132396
0.0121983 9.9982E-05 0.00826219 0.658927 0.097253 0.00635718 9.9982E-05 0.0216252 0.187216 0.00796056
0.0942003 9.9964E-05 0.0310218 9.9964E-05 0.531003 9.9964E-05 0.0264631 9.9964E-05 0.146341 0.170571
9.9973E-05 0.0121833 0.109352 0.312933 0.503093 0.010493 0.0201394 0.0315052 9.9973E-05 9.9973E-05
0.0911927 0.000535392 0.10861 0.131919 0.583789 9.9964E-05 9.9964E-05 0.0835541 9.9964E-05 9.9964E-05
0.0359702 0.0563711 9.9955E-05 0.66007 0.240145 9.9955E-05 0.00694418 9.9955E-05 9.9955E-05 9.9955E-05
0.0537519 9.9973E-05 0.0798444 0.304906 0.50825 9.9973E-05 9.9973E-05 0.00524494 0.00278235 0.0449203
0.0649326 0.125558 0.0390844 0.16555 0.51068 0.0366641 9.9991E-05 0.00247731 0.0163245 0.0386291
9.9946E-05 0.0700744 9.9946E-05 0.635661 9.9946E-05 9.9946E-05 9.9946E-05 0.0710425 9.9946E-05 0.222623
9.9973E-05 0.0694731 9.9973E-05 0.171739 0.155716 0.0047965 0.16735 9.9973E-05 0.371394 0.0592307
0.0349314 0.111472 9.9982E-05 0.161135 0.0309418 0.00531877 0.0108303 9.9982E-05 0.337324 0.307847
9.9982E-05 9.9982E-05 0.0256572 0.0904604 0.505124 0.033779 0.0516918 0.0384633 0.0852979 0.169326
0.0796861 0.0861692 0.0400657 9.9991E-05 0.54238 0.0326881 0.0959944 0.0181717 0.0907823 0.0139625
9.999E-05 0.0551711 0.139221 0.0910454 0.501796 0.015883 0.086003 0.0291541 0.0140448 0.067582
0.128747 0.0712036 9.9991E-05 0.232996 0.131051 0.0237873 0.11573 0.00255006 0.203816 0.0900189
9.9973E-05 0.00962007 9.9973E-05 0.139451 0.535607 0.0435822 0.169131 9.9973E-05 0.043509 0.0587992
0.0750978 9.9982E-05 0.0546769 0.0145172 0.51551 0.017574 9.9982E-05 0.0533299 0.199929 0.0691652
0.139654 0.0503194 9.9982E-05 0.0986701 0.305779 0.00484088 0.0815216 9.9982E-05 0.240765 0.0782498
0.0264843 0.0242939 0.0311702 0.0977034 9.9991E-05 0.0328122 0.0279308 0.170133 0.466236 0.123136
0.0121478 0.0226076 0.0330706 0.173451 0.469371 0.0779549 0.143336 9.9982E-05 9.9982E-05 0.0678617
0.0948147 0.0893333 0.0335934 9.9973E-05 0.330079 9.9973E-05 0.00285608 0.0592919 0.389731 9.9973E-05
9.9955E-05 9.9955E-05 9.9955E-05 0.0990751 9.9955E-05 0.0754253 0.0994972 9.9955E-05 0.643725 0.0817778
9.9964E-05 0.0611327 9.9964E-05 0.0140215 0.438956 0.00814671 9.9964E-05 9.9964E-05 0.425588 0.0517553
0.0173298 0.115303 9.9982E-05 0.124215 0.658161 9.9982E-05 0.0432662 0.00222764 0.0197907 0.0195061
0.0556436 0.0148082 0.0138217 9.9982E-05 0.452048 0.0325756 9.9982E-05 0.0613538 0.350653 0.0188962
0.0410156 0.0935758 0.107452 0.165356 0.134368 0.0216284 0.0725963 9.9991E-05 0.363356 0.000552947
9.9982E-05 0.0128715 0.0409729 0.0435604 0.405712 0.0724055 0.0176321 9.9982E-05 0.302893 0.103752
9.9982E-05 0.0589669 9.9982E-05 0.0379927 0.582244 0.0468102 0.0936358 0.0438804 0.0839511 0.0523193
9.9973E-05 0.11796 9.9973E-05 0.0568471 0.0916274 0.00821028 0.0642573 9.9973E-05 0.548427 0.112371
9.9946E-05 9.9946E-05 9.9946E-05 0.304218 0.498532 0.0343036 9.9946E-05 9.9946E-05 0.162347 9.9946E-05
9.9955E-05 9.9955E-05 9.9955E-05 0.589944 0.19869 0.0257487 9.9955E-05 0.00557645 0.179541 9.9955E-05
0.0603581 0.0770027 0.12942 0.160626 0.486032 0.0416253 0.0210231 9.9991E-05 0.0108395 0.0129725
9.9937E-05 9.9937E-05 9.9937E-05 0.84238 9.9937E-05 0.00374409 9.9937E-05 9.9937E-05 9.9937E-05 0.153177
9.9946E-05 0.107026 9.9946E-05 0.689052 9.9946E-05 9.9946E-05 9.9946E-05 9.9946E-05 0.102673 0.100649
9.99461E-05 9.99461E-05 9.99461E-05 0.686495 0.292996 9.99461E-05 0.00304901 9.99461E-05 9.99461E-05 0.01686
0.0342429 9.9964E-05 9.9964E-05 0.468883 0.413739 0.0208669 9.9964E-05 9.9964E-05 0.0521416 0.00972655
0.052523 9.9964E-05 9.9964E-05 0.177888 0.484505 0.0126784 9.9964E-05 0.151473 0.120533 9.9964E-05
9.9964E-05 0.0203055 0.0446881 0.356116 0.350842 0.0513192 9.9964E-05 9.9964E-05 0.17633 9.9964E-05
0.0381225 9.9964E-05 0.0447646 0.578938 0.101614 9.9964E-05 0.100789 9.9964E-05 0.135372 9.9964E-05
0.101966 0.016293 9.99639E-05 0.446102 0.215868 9.99639E-05 0.156569 9.99639E-05 0.0628016 9.99639E-05
0.0429602 0.0901637 0.0400643 0.207151 0.420559 0.0848616 0.0463112 0.0677293 9.9982E-05 9.9982E-05
0.0275834 9.9955E-05 0.0410925 0.554981 0.260969 9.9955E-05 9.9955E-05 9.9955E-05 0.114874 9.9955E-05
0.0405971 9.9955E-05 9.9955E-05 0.415509 0.391417 0.0384849 9.9955E-05 9.9955E-05 0.113492 9.9955E-05
9.9955E-05 0.0515941 9.9955E-05 0.521353 0.339213 0.0670104 9.9955E-05 0.0203301 9.9955E-05 9.9955E-05
9.9946E-05 0.0365078 9.9946E-05 0.669707 9.9946E-05 9.9946E-05 9.9946E-05 0.0407488 9.9946E-05 0.252436
9.9964E-05 0.0592673 0.0796339 0.259905 0.551256 9.9964E-05 0.00539059 0.0441477 9.9964E-05 9.9964E-05
0.219229 0.00240682 0.0579944 9.9982E-05 0.0750348 0.0286415 0.0185305 0.590649 0.0073134 9.9982E-05
0.156481 9.9946E-05 9.9946E-05 9.9946E-05 0.0564911 0.113552 9.9946E-05 0.672877 9.9946E-05 9.9946E-05
9.9955E-05 9.9955E-05 0.0457533 9.9955E-05 0.0659499 0.0878209 0.0243204 0.775656 9.9955E-05 9.9955E-05
9.9946E-05 9.9946E-05 9.9946E-05 9.9946E-05 0.0398125 0.0626802 9.9946E-05 0.886206 9.9946E-05 0.0107017
0.11584 0.0106693 0.035184 0.0279466 0.0395985 0.127776 9.9973E-05 0.642685 9.9973E-05 9.9973E-05
0.0732155 0.0290967 0.0143388 0.0116459 0.0426401 0.0339872 9.9973E-05 0.794776 9.9973E-05 9.9973E-05
0.104805 9.9955E-05 9.9955E-05 9.9955E-05 0.0519352 0.00556974 9.9955E-05 0.833987 9.9955E-05 0.00320321
0.0631835 9.9982E-05 0.108399 0.272906 0.361659 0.00768063 0.111115 0.0706947 0.00416319 9.9982E-05
0.112835 0.0893136 9.9973E-05 0.113824 0.549442 0.0152026 0.0992687 0.0198138 9.9973E-05 9.9973E-05
9.9964E-05 0.0612032 9.9964E-05 0.723105 0.0110648 9.9964E-05 0.00236246 0.0688563 0.133009 9.9964E-05
9.9973E-05 9.9973E-05 9.9973E-05 0.196927 0.586331 0.0207379 0.0219009 0.153476 0.00755138 0.0127749
0.0702817 9.9964E-05 9.9964E-05 0.464383 0.339573 0.0110015 0.0254418 9.9964E-05 0.0889191 9.9964E-05
0.00321623 0.0236336 9.9973E-05 0.27751 0.6056 0.00802363 0.0314365 0.0502792 9.9973E-05 9.9973E-05
0.0588911 0.21072 0.0149319 0.231877 0.434491 9.9973E-05 9.9973E-05 9.9973E-05 0.0431161 0.00567273
0.00625455 0.0492227 0.0683671 0.441782 0.421509 0.0124647 9.9964E-05 9.9964E-05 9.9964E-05 9.9964E-05
9.9946E-05 9.9946E-05 9.9946E-05 0.717118 9.9946E-05 9.9946E-05 0.0252289 0.0544663 0.202587 9.9946E-05
0.146906 0.0785924 0.0230994 0.171473 0.405619 0.0233198 0.0682056 9.9982E-05 9.9982E-05 0.0825839
0.0461708 9.9955E-05 9.9955E-05 0.252757 0.617706 0.0112914 9.9955E-05 9.9955E-05 9.9955E-05 0.0715748
0.0461644 0.0154894 0.116622 0.0942997 0.457718 9.9982E-05 0.0669867 9.9982E-05 0.0940682 0.108452
0.0104997 0.00663043 9.9973E-05 0.518422 0.27621 0.0174264 0.0202542 9.9973E-05 9.9973E-05 0.150258
0.039776 0.0904075 9.9964E-05 0.361799 0.462653 0.00671975 9.9964E-05 9.9964E-05 9.9964E-05 0.0382447
0.0555416 0.025819 0.0267617 0.310122 0.389701 9.9973E-05 0.0230457 9.9973E-05 0.16871 9.9973E-05
9.9955E-05 0.0575507 0.134334 0.598011 0.189107 0.0204969 9.9955E-05 9.9955E-05 9.9955E-05 9.9955E-05
9.9955E-05 9.9955E-05 9.9955E-05 0.409995 0.385187 9.9955E-05 0.0039425 0.0804689 0.119906 9.9955E-05
9.9973E-05 9.9973E-05 0.0124601 0.0510053 0.535981 9.9973E-05 0.0660904 0.172237 0.0807047 0.0812214
9.9982E-05 0.247128 9.9982E-05 0.0287229 0.154219 0.0576568 0.00794067 0.04661 0.420342 0.0371808
9.9973E-05 9.9973E-05 0.0835045 0.0155103 0.349848 0.0156973 0.189684 0.0654011 0.280054 9.9973E-05
0.0337623 9.9964E-05 9.9964E-05 9.9964E-05 0.645931 9.9964E-05 0.0713235 0.11067 0.114377 0.0235374
0.0937367 0.0953493 0.0556007 9.9982E-05 0.489092 9.9982E-05 0.124837 0.000837773 0.0795126 0.0608341
9.9955E-05 0.0889753 9.9955E-05 9.9955E-05 0.416618 0.0495244 9.9955E-05 0.0671874 0.377195 9.9955E-05
9.9973E-05 0.0485582 0.0487748 9.9973E-05 0.4268 9.9973E-05 0.0632731 0.0440486 0.358188 0.010057
9.9955E-05 0.0729289 9.9955E-05 9.9955E-05 0.389947 9.9955E-05 0.120638 0.0295484 0.386438 9.9955E-05
9.9982E-05 0.0566774 0.0411934 0.112312 0.475109 9.9982E-05 0.0418266 0.0827377 0.138816 0.0511283
0.0159212 9.9991E-05 0.0662506 0.0634465 0.457896 0.00369814 0.109847 0.0355717 0.174204 0.0730648
9.9955E-05 9.9955E-05 9.9955E-05 9.9955E-05 0.559069 0.023155 9.9955E-05 0.00544808 0.348634 0.0631939
9.9937E-05 9.9937E-05 9.9937E-05 9.9937E-05 0.433589 9.9937E-05 0.125502 9.9937E-05 0.44021 9.9937E-05
9.9973E-05 0.0586724 9.9973E-05 0.0558949 0.571622 0.029443 0.160131 0.0161059 9.9973E-05 0.10783
0.0792151 0.0774897 0.0494369 0.0613692 0.523824 0.0167876 0.123262 0.00875843 9.9991E-05 0.059758
9.9964E-05 0.0939718 0.0712331 0.0894685 0.49895 9.9964E-05 0.0359693 9.9964E-05 0.210008 9.9964E-05
0.0726958 0.0921677 0.0400736 9.9982E-05 0.587493 0.0346399 0.113125 9.9982E-05 0.00694454 0.0526601
9.9982E-05 0.0542112 0.0420859 0.000674857 0.533932 9.9982E-05 0.102471 0.0443421 0.20456 0.0175227
9.9973E-05 0.0498636 9.9973E-05 9.9973E-05 0.277528 0.0214366 0.0191433 0.104783 0.356679 0.170267
0.0509227 0.0118663 0.0154487 9.9973E-05 0.633467 9.9973E-05 0.0347721 9.9973E-05 0.197259 0.0559645
0.0161223 0.104625 9.9982E-05 9.9982E-05 0.635749 0.0063503 0.0707415 0.0748744 0.0424268 0.0489103
0.00167289 0.0649372 0.062697 0.160733 0.22046 0.00520885 0.140643 9.9982E-05 0.343447 9.9982E-05
9.9982E-05 0.135159 0.00204595 0.0631605 0.124227 9.9982E-05 0.00699764 0.0462655 0.398563 0.223381
9.9964E-05 0.0596158 0.0571455 9.9964E-05 0.470962 9.9964E-05 0.15142 9.9964E-05 0.13539 0.125066
9.9973E-05 0.289865 0.0601588 0.143252 0.010406 9.9973E-05 0.136761 9.9973E-05 0.205997 0.15326
9.9973E-05 0.0749587 9.9973E-05 0.117926 0.171092 0.00140484 0.0470715 0.0493046 0.537943 9.9973E-05
0.0297664 0.0427433 9.9964E-05 0.121779 0.355051 9.9964E-05 0.0941498 9.9964E-05 0.356111 9.9964E-05
9.9973E-05 0.0222145 9.9973E-05 0.121949 0.299451 0.0160946 0.14886 0.0152704 0.375861 9.9973E-05
0.0283485 0.011671 9.9973E-05 0.028528 0.259382 9.9973E-05 0.119543 0.0196511 0.532577 9.9973E-05
0.0568468 0.0405642 0.00490435 0.0912052 0.523976 0.0434074 0.0172215 0.0611914 0.0773805 0.0833028
0.0377693 0.0334155 0.0448181 0.0943019 0.523309 9.9991E-05 0.071003 0.00295661 0.171122 0.021205
9.9982E-05 0.123785 0.0814358 0.0526237 0.516912 0.0172071 0.0189805 9.9982E-05 0.167442 0.0214138
9.9973E-05 0.11263 0.0492453 0.0335632 0.117656 9.9973E-05 0.158948 9.9973E-05 0.325807 0.201851
0.0479582 9.9982E-05 9.9982E-05 0.116466 0.51685 0.00288966 0.06214 0.0872634 0.045636 0.120597
9.9991E-05 0.0761817 0.0619098 0.0199719 0.516294 0.0800888 0.0714137 0.00754492 0.0148802 0.151615
9.9964E-05 0.162819 9.9964E-05 0.135535 9.9964E-05 9.9964E-05 0.067683 0.144777 0.102604 0.386183
0.0502247 0.0686591 0.09844 0.150243 0.585865 0.0230749 9.9982E-05 0.00813193 9.9982E-05 0.0151614
0.025746 0.187407 0.0646945 0.177493 0.252078 9.9982E-05 0.0730803 0.0177069 9.9982E-05 0.201594
9.9991E-05 0.0737317 0.042212 0.0464685 0.492657 0.0319332 0.0844475 0.0531775 0.0788675 0.0964048
0.0319061 0.00635575 9.9982E-05 0.0996346 0.310551 0.0458486 0.107774 9.9982E-05 0.0168434 0.380887
9.9982E-05 0.123399 9.9982E-05 0.0295609 0.220141 0.0306635 0.129419 0.00565033 0.0485239 0.412442
9.9973E-05 0.119046 9.9973E-05 0.0712426 0.392886 0.0358188 0.0934726 9.9973E-05 0.154703 0.132531
0.0511441 9.9982E-05 0.0153494 0.169378 0.422076 0.00234618 0.114778 9.9982E-05 0.023632 0.201097
0.0111301 0.12445 9.9982E-05 0.00754358 0.438844 9.9982E-05 0.0420911 0.177638 0.122971 0.0751325
0.043654 0.0541224 0.115579 0.163666 9.9973E-05 0.0103023 9.9973E-05 9.9973E-05 0.233179 0.379198
0.00661717 9.9982E-05 9.9982E-05 0.0864609 0.501454 0.0644097 0.00577506 0.0728165 0.144596 0.117671
9.9955E-05 9.9955E-05 9.9955E-05 0.210812 0.36837 9.9955E-05 0.0134525 9.9955E-05 0.125079 0.281788
9.9955E-05 0.1361 9.9955E-05 0.0744371 0.475522 9.9955E-05 9.9955E-05 9.9955E-05 0.150079 0.163363
0.0879327 0.126882 0.0514343 0.0325435 0.551853 9.9982E-05 9.9982E-05 0.0403795 0.0634954 0.0452794
0.0681376 9.9964E-05 0.206721 9.9964E-05 0.177279 0.0920467 9.9964E-05 0.199925 9.9964E-05 0.255492
0.235751 9.9955E-05 0.103238 9.9955E-05 9.9955E-05 0.00141422 9.9955E-05 0.337031 9.9955E-05 0.322067
0.0393433 9.9955E-05 0.133115 9.9955E-05 9.9955E-05 0.0263511 9.9955E-05 0.340803 9.9955E-05 0.459887
0.0391113 9.9982E-05 0.3198 9.9982E-05 0.0624355 0.0496311 0.0273649 0.298526 0.00189688 0.201034
9.9946E-05 0.0776864 9.9946E-05 0.0237699 0.649616 9.9946E-05 9.9946E-05 9.9946E-05 9.9946E-05 0.248328
9.9982E-05 0.0602354 9.9982E-05 0.111634 0.548876 0.0265485 0.0723912 0.136054 0.00246678 0.0415938
9.99371E-05 9.99371E-05 0.687253 9.99371E-05 0.254762 9.99371E-05 9.99371E-05 9.99371E-05 0.0572848 9.99371E-05
9.9982E-05 0.091477 0.353587 0.0793286 0.404951 0.0192223 0.00514942 0.0219178 0.0241674 9.9982E-05
0.0274101 9.9973E-05 0.416624 0.0459005 0.364196 0.0293309 9.9973E-05 0.0638595 0.0523792 9.9973E-05
0.00137311 0.165436 9.9973E-05 0.0870996 0.3105 0.0377705 9.9973E-05 9.9973E-05 0.00834919 0.389173
0.0367955 0.023312 0.04555 0.117247 0.503793 0.00527149 0.0547613 0.0428538 9.9991E-05 0.170316
9.9964E-05 0.168902 9.9964E-05 0.07643 0.169692 9.9964E-05 0.0198692 9.9964E-05 0.0453119 0.519396
9.9955E-05 9.9955E-05 9.9955E-05 0.115715 0.588834 9.9955E-05 0.0190045 9.9955E-05 0.0437877 0.232158
9.9982E-05 0.213397 9.9982E-05 0.0195777 0.438254 0.0256751 0.0072266 0.0824199 0.0595502 0.1537
0.0600404 0.102194 9.9991E-05 0.0304721 0.574401 0.03163 0.0246765 0.0043876 0.0050588 0.167039
9.9964E-05 0.121841 9.9964E-05 0.11379 0.23312 9.9964E-05 0.0715754 9.9964E-05 0.0657564 0.393517
9.9991E-05 0.0220138 0.0311311 0.101536 0.602811 0.0655268 0.0165768 0.0158429 0.0539626 0.0904989
0.0144566 0.100041 0.0804754 0.0636958 0.502878 9.9982E-05 0.00561696 0.0868887 9.9982E-05 0.145748
9.9946E-05 9.9946E-05 0.933383 0.0113496 0.0533818 9.9946E-05 9.9946E-05 9.9946E-05 9.9946E-05 0.00128591
9.9937E-05 0.0180873 0.872416 9.9937E-05 0.108798 9.9937E-05 9.9937E-05 9.9937E-05 9.9937E-05 9.9937E-05
0.00326202 9.9964E-05 0.49381 9.9964E-05 0.336764 0.0597691 9.9964E-05 0.0177495 0.0882456 9.9964E-05
9.9937E-05 9.9937E-05 0.710754 9.9937E-05 0.263757 9.9937E-05 0.0247893 9.9937E-05 9.9937E-05 9.9937E-05
9.9964E-05 9.9964E-05 0.803023 0.00977134 0.0980704 9.9964E-05 0.0058377 0.00967847 9.9964E-05 0.0732195
9.99201E-05 9.99201E-05 0.999101 9.99201E-05 9.99201E-05 9.99201E-05 9.99201E-05 9.99201E-05 9.99201E-05 9.99201E-05
9.9955E-05 9.9955E-05 0.942421 0.00235373 9.9955E-05 0.00333181 0.0499731 9.9955E-05 0.0014205 9.9955E-05
9.9928E-05 9.9928E-05 0.843998 9.9928E-05 0.155202 9.9928E-05 9.9928E-05 9.9928E-05 9.9928E-05 9.9928E-05
9.9946E-05 9.9946E-05 0.925968 9.9946E-05 0.0156759 9.9946E-05 0.0465578 9.9946E-05 0.0111987 9.9946E-05
9.99201E-05 9.99201E-05 0.999101 9.99201E-05 9.99201E-05 9.99201E-05 9.99201E-05 9.99201E-05 9.99201E-05 9.99201E-05
9.9928E-05 9.9928E-05 0.979563 9.9928E-05 9.9928E-05 0.019638 9.9928E-05 9.9928E-05 9.9928E-05 9.9928E-05
9.9955E-05 9.9955E-05 0.681476 9.9955E-05 0.170909 0.0896457 0.0262695 9.9955E-05 0.0311997 9.9955E-05
9.9964E-05 0.0374694 0.808305 9.9964E-05 0.0402544 0.00514762 0.0779416 0.0304817 9.9964E-05 9.9964E-05
9.9937E-05 9.9937E-05 0.95878 0.0343417 9.9937E-05 9.9937E-05 0.00617911 9.9937E-05 9.9937E-05 9.9937E-05
0.00491559 9.9982E-05 0.429033 0.027242 0.277658 0.0198678 0.0263497 0.108421 0.106313 9.9982E-05
9.9973E-05 9.9973E-05 0.653752 0.0128669 0.21135 9.9973E-05 0.014292 0.0565557 0.0119187 0.0389656
0.00703254 9.9955E-05 0.677991 9.9955E-05 0.257441 0.0382614 9.9955E-05 9.9955E-05 9.9955E-05 0.0187745
9.9955E-05 9.9955E-05 0.874948 9.9955E-05 0.0725224 0.00605031 0.0171942 9.9955E-05 0.0287854 9.9955E-05
0.0362371 9.9937E-05 0.960893 9.9937E-05 0.00217006 9.9937E-05 9.9937E-05 9.9937E-05 9.9937E-05 9.9937E-05
0.0332593 0.0220079 0.812806 9.9955E-05 0.0954163 9.9955E-05 9.9955E-05 0.0360106 9.9955E-05 9.9955E-05
0.0626128 9.9937E-05 0.933756 0.00293205 9.9937E-05 9.9937E-05 9.9937E-05 9.9937E-05 9.9937E-05 9.9937E-05
0.0671035 0.00882324 0.560013 0.0153712 0.230993 0.00300963 0.109362 9.9982E-05 9.9982E-05 0.00512458
0.0861778 0.0363973 0.855952 0.020873 9.9946E-05 9.9946E-05 9.9946E-05 9.9946E-05 9.9946E-05 9.9946E-05
0.0973114 0.0491019 0.0233676 9.9955E-05 9.9955E-05 9.9955E-05 9.9955E-05 0.211209 9.9955E-05 0.61851
9.9973E-05 9.9973E-05 0.0717366 9.9973E-05 0.423403 0.114187 0.0552076 0.041643 0.0953277 0.198196
0.163609 0.0253753 0.0902344 0.0642105 0.340416 9.9982E-05 0.130636 0.0406124 9.9982E-05 0.144706
0.11221 9.9982E-05 0.0697652 0.00356411 0.21002 0.065355 0.0359516 0.0312515 9.9982E-05 0.471683
0.125045 0.0688744 0.108904 0.00386524 0.413649 0.00353168 0.0467452 0.0512551 9.9991E-05 0.17803
0.0102707 0.0648624 0.0608555 0.0581202 0.189922 0.0831604 9.9982E-05 0.135842 9.9982E-05 0.396766
0.117287 0.057743 0.0235257 9.9982E-05 0.496428 0.0172806 0.044433 0.0979282 9.9982E-05 0.145174
0.151515 9.9955E-05 0.139815 0.00767763 0.300488 9.9955E-05 9.9955E-05 9.9955E-05 9.9955E-05 0.400005
0.13762 0.0144718 0.0843491 0.0295485 0.410639 0.127622 9.9982E-05 9.9982E-05 0.0381917 0.157358
0.0144831 9.9973E-05 0.260677 0.0288582 0.250132 0.0953296 9.9973E-05 0.00973443 9.9973E-05 0.340486
0.0971686 9.9973E-05 9.9973E-05 0.0740469 0.496514 0.10029 9.9973E-05 0.0302501 0.0647756 0.136655
0.170847 0.0250244 9.9964E-05 9.9964E-05 0.00591132 9.9964E-05 0.112994 0.669071 9.9964E-05 0.0157513
0.0548648 9.9955E-05 0.069819 9.9955E-05 9.9955E-05 0.0499215 9.9955E-05 0.817584 9.9955E-05 0.00731117
0.097615 9.9955E-05 9.9955E-05 9.9955E-05 9.9955E-05 0.0548769 0.0400221 0.80087 0.00611666 9.9955E-05
9.9946E-05 9.9946E-05 9.9946E-05 9.9946E-05 0.0165179 0.0246365 0.0595092 0.898737 9.9946E-05 9.9946E-05
0.202656 9.9964E-05 9.9964E-05 9.9964E-05 9.9964E-05 0.130186 0.0159474 0.599542 0.0386486 0.0126203
0.042481 0.00696377 0.0706296 0.0208685 9.9964E-05 0.056765 9.9964E-05 0.801892 9.9964E-05 9.9964E-05
0.141021 9.9955E-05 0.0870624 9.9955E-05 0.00030059 0.0294133 9.9955E-05 0.741703 9.9955E-05 9.9955E-05
0.0413536 0.0536134 0.0102485 9.9964E-05 9.9964E-05 0.0263758 9.9964E-05 0.81051 9.9964E-05 0.0574987
0.103522 9.9964E-05 0.00119382 9.9964E-05 0.041871 0.00851325 9.9964E-05 0.831223 0.0132767 9.9964E-05
9.9955E-05 9.9955E-05 0.0650737 9.9955E-05 0.0193024 9.9955E-05 9.9955E-05 0.847903 0.000232764 0.0669881
0.0352803 0.0895824 9.9973E-05 0.0626417 9.9973E-05 0.0299488 0.0948572 0.557941 0.129448 9.9973E-05
0.0761211 0.0184522 9.9964E-05 0.0105598 9.9964E-05 9.9964E-05 0.231001 0.490855 0.172611 9.9964E-05
9.9973E-05 0.035535 9.9973E-05 0.0139867 9.9973E-05 0.0177304 0.0977075 0.513513 0.259976 0.0612513
0.159999 0.0357253 9.9973E-05 0.0198852 9.9973E-05 9.9973E-05 0.110206 0.384283 0.258292 0.0313099
0.00536084 9.9973E-05 9.9973E-05 0.292928 0.446183 0.0643607 0.0309027 0.0197168 0.140248 9.9973E-05
9.9973E-05 0.0675616 0.0810323 0.316473 0.44428 0.00939639 0.0272959 0.0536602 9.9973E-05 9.9973E-05
9.9973E-05 0.138682 0.00815359 0.12944 0.481057 9.9973E-05 0.0522491 0.0300732 0.160046 9.9973E-05
0.00794492 0.0676371 9.9982E-05 0.205268 0.342703 0.0347511 0.0550625 0.0274894 0.258943 9.9982E-05
9.9955E-05 9.9955E-05 9.9955E-05 0.0451302 0.109102 0.0202247 0.27632 9.9955E-05 0.548723 9.9955E-05
9.9982E-05 0.00418593 0.044593 0.214463 0.606726 0.00906263 0.0139294 0.0588284 0.0480118 9.9982E-05
9.9955E-05 9.9955E-05 9.9955E-05 0.258748 0.597615 9.9955E-05 0.0706752 9.9955E-05 0.0412996 0.031162
0.0325025 0.0713178 9.9973E-05 0.247216 0.45382 9.9973E-05 0.0325714 9.9973E-05 0.0722023 0.0900695
9.9946E-05 9.9946E-05 0.060919 0.591309 0.341308 9.9946E-05 9.9946E-05 0.00586469 9.9946E-05 9.9946E-05
0.0228183 0.0412808 0.0659693 0.148012 0.597239 9.9982E-05 0.0769892 0.0429892 0.00450205 9.9982E-05
9.9964E-05 9.9964E-05 9.9964E-05 0.34939 0.397112 0.00824268 0.0540582 0.01755 0.173247 9.9964E-05
9.9955E-05 0.196451 9.9955E-05 0.699958 9.9955E-05 9.9955E-05 0.0612472 9.9955E-05 0.00244116 0.0394032
9.9982E-05 0.0570139 9.9982E-05 0.00288757 0.596881 0.0101021 0.0887215 0.0554038 0.168765 0.0200259
9.9955E-05 0.139246 9.9955E-05 0.50463 0.221401 0.0060017 9.9955E-05 9.9955E-05 9.9955E-05 0.128221
9.9955E-05 0.0513179 9.9955E-05 0.335031 0.465473 0.00573276 9.9955E-05 9.9955E-05 9.9955E-05 0.141946
9.9955E-05 9.9955E-05 9.9955E-05 0.637867 0.0368267 9.9955E-05 0.0865531 0.0484068 0.189847 9.9955E-05
0.082587 9.9946E-05 9.9946E-05 9.9946E-05 0.0102073 9.9946E-05 0.83214 9.9946E-05 9.9946E-05 0.0744663
0.0250021 9.9955E-05 0.0116131 9.9955E-05 0.0377989 9.9955E-05 0.883214 9.9955E-05 9.9955E-05 0.0418719
9.9928E-05 0.0614958 9.9928E-05 9.9928E-05 9.9928E-05 9.9928E-05 0.937705 9.9928E-05 9.9928E-05 9.9928E-05
0.039192 0.00426988 9.9964E-05 0.0522124 9.9964E-05 9.9964E-05 0.864814 0.00301903 9.9964E-05 0.0360932
9.9955E-05 0.0149189 0.0173892 9.9955E-05 9.9955E-05 9.9955E-05 0.829757 9.9955E-05 0.0924215 0.0450139
0.0210307 9.9955E-05 0.0559883 9.9955E-05 0.0535803 9.9955E-05 0.844604 9.9955E-05 9.9955E-05 0.0242972
0.000424752 9.9964E-05 0.000959831 0.00890965 0.123373 0.0441801 9.9964E-05 0.821753 9.9964E-05 9.9964E-05
0.225219 9.9955E-05 9.9955E-05 9.9955E-05 0.103886 9.9955E-05 0.0114856 0.645127 0.0137822 9.9955E-05
0.034114 9.9964E-05 0.0758988 9.9964E-05 0.142321 0.0392696 9.9964E-05 0.691788 0.0162091 9.9964E-05
0.0716173 9.9973E-05 0.0848454 9.9973E-05 0.0674839 0.0429744 0.014234 0.66333 0.0552145 9.9973E-05
0.126392 9.9946E-05 0.0426997 9.9946E-05 0.124782 9.9946E-05 9.9946E-05 0.705527 9.9946E-05 9.9946E-05
0.0150992 9.9973E-05 9.9973E-05 0.00731485 9.9973E-05 0.0018171 0.491008 0.356714 0.0581554 0.0695908
0.158051 0.0227833 9.9973E-05 0.0895286 9.9973E-05 0.0023008 0.417211 0.283444 9.9973E-05 0.026381
0.0554596 0.170339 0.00155767 9.9964E-05 9.9964E-05 0.00167297 0.391201 0.37937 9.9964E-05 9.9964E-05
9.99201E-05 9.99201E-05 9.99201E-05 9.99201E-05 9.99201E-05 0.999101 9.99201E-05 9.99201E-05 9.99201E-05 9.99201E-05
0.00200608 0.0996205 0.00287478 0.0735871 9.9982E-05 0.0181617 0.449581 0.345975 9.9982E-05 0.00799422
0.0455451 0.0729127 0.325589 9.9982E-05 0.262418 9.9982E-05 0.000269412 0.210769 0.00216217 0.0801348
9.9973E-05 9.9973E-05 0.207289 9.9973E-05 0.573836 0.0433354 0.0767343 0.0575799 0.00229576 0.0386304
0.0587147 9.9955E-05 0.273656 9.9955E-05 0.464344 0.0542248 9.9955E-05 0.148561 9.9955E-05 9.9955E-05
0.107951 0.00508215 0.239338 9.9982E-05 0.336175 0.00650006 9.9982E-05 0.220467 0.0579332 0.0263534
0.103329 9.9973E-05 0.115148 0.0193495 0.468582 0.0288621 9.9973E-05 0.10047 0.16396 9.9973E-05
0.0461064 9.9946E-05 0.317949 9.9946E-05 9.9946E-05 9.9946E-05 9.9946E-05 0.372658 9.9946E-05 0.262686
0.0348178 0.106732 9.9964E-05 9.9964E-05 0.416739 9.9964E-05 0.12471 9.9964E-05 0.314677 0.00192587
9.9982E-05 0.20643 9.9982E-05 0.0871179 0.293708 0.0161325 0.146024 0.00405726 0.138542 0.107788
0.0732602 9.9964E-05 9.9964E-05 9.9964E-05 0.194389 0.0136325 0.0693397 0.0443485 0.60463 9.9964E-05
9.9964E-05 0.241738 9.9964E-05 0.0159478 0.448986 9.9964E-05 0.0438753 0.0300825 0.218971 9.9964E-05
9.9955E-05 0.414868 9.9955E-05 0.0923786 9.9955E-05 9.9955E-05 0.0286523 9.9955E-05 0.258908 0.204694
9.9973E-05 0.100865 0.0654424 9.9973E-05 0.517448 0.0101956 9.9973E-05 0.0457997 0.169709 0.0902403
0.0311075 0.176715 9.9982E-05 0.0389378 0.413052 9.9982E-05 0.0550286 0.00802854 0.271669 0.00526082
9.9973E-05 0.0703718 0.0120755 0.0508432 0.213222 9.9973E-05 0.0953267 0.0273398 0.530521 9.9973E-05
0.080959 0.0639547 0.0868577 0.0512533 0.430042 9.9991E-05 0.0793039 0.0248498 0.170951 0.0117293
9.9955E-05 0.124679 9.9955E-05 0.0328959 0.0419128 9.9955E-05 9.9955E-05 9.9955E-05 0.549211 0.250802
9.9982E-05 0.147909 0.0871875 0.0627345 0.426608 0.0167194 0.084565 9.9982E-05 0.0877276 0.086349
9.9973E-05 0.104453 0.00208025 9.9973E-05 0.547462 0.0229376 0.17556 9.9973E-05 0.105081 0.0421259
0.0686974 9.9991E-05 0.207988 0.140243 0.286211 0.0185327 0.0631623 0.0354748 0.122775 0.0568151
9.9964E-05 0.244083 9.9964E-05 0.00356336 0.300597 9.9964E-05 0.0734242 9.9964E-05 0.318852 0.0590805
9.9973E-05 0.119237 0.0465535 0.0810315 0.338826 9.9973E-05 0.0623035 9.9973E-05 0.310251 0.0414981
0.0195733 0.0999074 0.0260035 0.0199896 0.521376 9.9982E-05 0.0385164 9.9982E-05 0.202379 0.0720545
9.9982E-05 0.0892748 0.0413402 0.130349 0.445122 9.9982E-05 0.0718402 0.0344037 0.105828 0.0816416
9.9964E-05 0.0785532 0.0392487 9.9964E-05 0.620669 0.0276273 0.0890587 9.9964E-05 0.144444 9.9964E-05
0.100418 0.0940624 0.0661394 0.00770307 0.436142 0.0294951 9.9982E-05 0.0489802 0.21686 9.9982E-05
9.9964E-05 9.9964E-05 0.0701527 9.9964E-05 0.486603 9.9964E-05 0.104679 0.0597047 0.140813 0.137648
9.9937E-05 9.9937E-05 0.0700102 9.9937E-05 0.129705 9.9937E-05 9.9937E-05 0.799585 9.9937E-05 9.9937E-05
0.0721437 0.0321982 0.0264778 0.0218633 0.0779169 9.9973E-05 9.9973E-05 0.742752 9.9973E-05 0.0263482
0.0880511 0.0353457 9.9973E-05 9.9973E-05 0.0679294 9.9973E-05 0.0345993 0.719479 0.0314875 0.0228081
9.9964E-05 0.0312729 0.0580223 0.100316 9.9964E-05 0.0247453 0.0370372 0.748206 9.9964E-05 9.9964E-05
0.00451363 0.0059888 0.00869151 9.9964E-05 0.133589 0.0448047 9.9964E-05 0.802013 9.9964E-05 9.9964E-05
9.9964E-05 9.9964E-05 0.00905996 9.9964E-05 0.10463 9.9964E-05 0.0278471 0.0841277 0.728366 0.0455692
9.9991E-05 0.119013 0.0187285 0.0930918 0.4267 0.00484952 0.00631141 0.066615 0.217419 0.0471725
0.0431903 0.060779 0.177997 0.0423808 0.363006 9.9982E-05 9.9982E-05 0.182494 0.0865119 0.0434406
9.9964E-05 0.000679763 0.0493169 0.174212 0.594004 0.0523248 9.9964E-05 9.9964E-05 0.129063 9.9964E-05
9.9964E-05 0.0848664 0.00513528 9.9964E-05 0.462562 9.9964E-05 0.0976334 0.0798256 0.269577 9.9964E-05
9.9973E-05 0.170875 0.0252336 9.9973E-05 0.22808 0.0604312 0.137399 9.9973E-05 0.282011 0.0956692
9.9964E-05 9.9964E-05 9.9964E-05 0.020623 9.9964E-05 0.00279592 0.102914 0.171165 0.645583 0.0565189
0.0429469 0.0660998 9.9964E-05 9.9964E-05 0.516652 0.0114117 0.149516 9.9964E-05 0.212974 9.9964E-05
0.00487065 0.0712208 0.0149542 0.0553793 0.0479225 0.042475 0.188511 0.0640486 0.510518 9.9991E-05
0.0809317 0.152068 9.9982E-05 0.0625287 0.383418 9.9982E-05 0.011125 0.057274 0.236561 0.0158938
9.9964E-05 0.103037 9.9964E-05 0.0242226 0.0167143 9.9964E-05 0.0868687 0.223545 0.545213 9.9964E-05
0.0306425 9.9982E-05 0.106849 0.0566511 0.542324 0.0178407 0.141892 0.0295109 0.0740892 9.9982E-05
0.0967498 0.0308223 9.9973E-05 0.0459633 0.0847751 0.0102627 0.134364 9.9973E-05 0.596763 9.9973E-05
9.9991E-05 0.0667613 0.0433909 0.0277581 0.282683 0.0358195 0.0142096 0.0433672 0.401761 0.0841498
9.9973E-05 0.0332382 9.9973E-05 9.9973E-05 0.604827 0.02942 0.0831168 0.0590769 0.0737765 0.116244
9.9955E-05 0.0683799 9.9955E-05 0.0108774 0.313485 9.9955E-05 0.112152 9.9955E-05 9.9955E-05 0.494606
0.0119102 9.9973E-05 9.9973E-05 0.0379321 0.607481 9.9973E-05 0.0293544 0.00890661 0.0838021 0.220314
0.00562052 0.0375748 0.100594 0.00156408 0.447265 0.0339009 0.0899523 0.110108 9.9991E-05 0.173321
9.9964E-05 0.0881213 9.9964E-05 0.0446512 0.37481 9.9964E-05 0.0775385 9.9964E-05 0.0149411 0.399538
9.99766E-05 0.109505 9.99766E-05 9.99766E-05 0.563475 0.0248091 0.00875333 0.0496671 0.0519396 0.191551
0.0515841 0.138527 9.9964E-05 0.0381093 0.504893 9.9964E-05 0.0698367 9.9964E-05 9.9964E-05 0.19665
9.9955E-05 0.138263 9.9955E-05 0.159229 0.0699393 9.9955E-05 0.0864791 9.9955E-05 9.9955E-05 0.54559
9.9955E-05 0.0541129 9.9955E-05 0.0712576 0.267764 9.9955E-05 0.0567269 9.9955E-05 9.9955E-05 0.549639
9.9955E-05 0.0812894 9.9955E-05 0.0198777 0.495777 9.9955E-05 0.092333 9.9955E-05 9.9955E-05 0.310223
9.9964E-05 0.0645291 9.9964E-05 0.146444 0.149007 9.9964E-05 0.066292 9.9964E-05 0.127032 0.446297
0.0071148 9.9964E-05 9.9964E-05 0.0702033 0.440682 9.9964E-05 0.0589229 9.9964E-05 0.144512 0.278166
0.0388082 9.9964E-05 0.0247835 0.109773 9.9964E-05 0.01029 0.113893 9.9964E-05 0.702053 9.9964E-05
9.9964E-05 0.34838 9.9964E-05 0.0189617 0.197644 9.9964E-05 0.125652 9.9964E-05 0.302179 0.00678257
9.9982E-05 0.0313397 0.0438644 0.0597306 0.294561 0.0307003 0.0290328 0.0571477 0.453424 9.9982E-05
0.105678 9.9955E-05 0.04155 9.9955E-05 0.547641 9.9955E-05 0.151002 9.9955E-05 0.153629 9.9955E-05
9.9955E-05 9.9955E-05 9.9955E-05 0.114539 0.170804 0.00444855 0.189584 9.9955E-05 0.520125 9.9955E-05
0.0751352 0.124147 9.9955E-05 9.9955E-05 0.548572 9.9955E-05 0.092909 9.9955E-05 0.158737 9.9955E-05
9.9982E-05 0.0431533 0.0606536 0.0179928 0.522962 0.0434542 0.190618 0.023541 0.0974247 9.9982E-05
9.9973E-05 9.9973E-05 0.0379674 0.0438685 0.432912 9.9973E-05 0.168351 0.0804563 0.231442 0.00470331
0.0505601 0.0703143 0.0839154 0.0762872 0.381437 0.0534453 0.133406 9.9982E-05 0.150434 9.9982E-05
0.0289781 9.9964E-05 9.9964E-05 0.124035 0.389058 0.000125287 0.150429 9.9964E-05 0.306974 9.9964E-05
9.9955E-05 9.9955E-05 0.0766069 0.0631513 0.115221 9.9955E-05 0.109257 9.9955E-05 0.635265 9.9955E-05
0.0196151 0.0318972 0.0568355 0.0789674 0.264092 9.9973E-05 0.175551 9.9973E-05 0.372742 9.9973E-05
0.0247862 0.0163555 0.071585 0.0810885 0.547505 9.9973E-05 0.0453035 9.9973E-05 0.213076 9.9973E-05
0.0320182 9.9982E-05 0.0529534 0.0676564 0.519404 0.0157453 9.9982E-05 0.0619264 0.199295 0.0508023
9.9973E-05 0.159033 9.9973E-05 0.0889075 0.342467 0.0624132 0.132 0.0526805 0.162198 9.9973E-05
9.99551E-05 0.180473 0.0745889 9.99551E-05 0.440109 9.99551E-05 0.0958806 9.99551E-05 0.208448 9.99551E-05
9.9964E-05 9.9964E-05 0.0769978 0.0601026 0.300344 0.0379538 0.163179 9.9964E-05 0.361023 9.9964E-05
0.049262 0.0653379 0.0229791 9.9982E-05 0.616314 9.9982E-05 0.0793674 0.0194682 0.118313 0.0287584
9.9982E-05 0.0155436 0.0494017 0.0167136 0.377545 9.9982E-05 0.110369 0.0693422 0.325233 0.0356521
0.0310187 0.0645953 0.038165 9.9991E-05 0.528027 0.0155161 0.107604 0.0234051 0.142845 0.0487232
0.0994323 9.9982E-05 0.118182 0.0379546 0.398359 0.0406645 9.9982E-05 0.247958 0.0537282 0.00352246
9.9964E-05 0.13821 0.165542 9.9964E-05 0.523453 0.00468407 9.9964E-05 0.151728 9.9964E-05 0.0159838
0.071569 0.0610113 0.123367 0.0193949 0.426184 0.0481427 9.9991E-05 0.0446239 0.112147 0.0934596
0.0216746 0.108955 0.0876561 0.0239969 0.522549 0.0579197 9.9982E-05 9.9982E-05 0.162028 0.0150203
0.0279388 0.0323998 0.210438 0.0465544 0.405789 0.0588599 9.9991E-05 0.170669 0.0264675 0.0207837
9.9955E-05 0.184048 9.9955E-05 9.9955E-05 0.395939 9.9955E-05 0.0102993 9.9955E-05 0.302074 0.107141
9.9973E-05 0.0420247 0.220427 0.128159 0.403767 0.0318863 9.9973E-05 0.144102 9.9973E-05 0.0293344
9.9955E-05 9.9955E-05 0.109188 0.0722625 9.9955E-05 9.9955E-05 9.9955E-05 0.230181 0.128373 0.459495
9.9955E-05 9.9955E-05 0.119496 9.9955E-05 0.49793 9.9955E-05 9.9955E-05 0.0853397 0.169858 0.126877
9.9991E-05 0.0235937 0.191732 0.0676532 0.423793 0.0134407 0.105404 0.0375745 0.123783 0.0129257
0.00675743 0.179924 0.207987 9.9973E-05 0.454024 9.9973E-05 0.0200032 0.0876059 0.0433995 9.9973E-05
0.0398655 9.9982E-05 0.0800294 0.0736345 0.2901 0.0836895 9.9982E-05 0.10071 0.139458 0.192313
0.0352545 9.9973E-05 0.0684872 0.0513063 0.606221 9.9973E-05 9.9973E-05 0.131446 0.0961811 0.0108038
9.9973E-05 0.112649 0.0713456 9.9973E-05 0.574167 0.0442759 9.9973E-05 0.13547 0.0219344 0.0398573
0.0575049 9.9955E-05 0.185989 9.9955E-05 9.9955E-05 0.0569955 9.9955E-05 0.338319 9.9955E-05 0.360692
9.9973E-05 0.000962859 0.18988 9.9973E-05 0.430342 0.0517549 9.9973E-05 0.177301 0.130705 0.0187549
0.0580183 9.9973E-05 0.187983 9.9973E-05 0.527281 0.0291463 9.9973E-05 0.0856274 0.00137951 0.110264
0.0434651 9.9973E-05 0.0609689 0.0622484 0.627232 9.9973E-05 0.0161254 0.0689578 9.9973E-05 0.120703
9.9946E-05 9.9946E-05 0.136841 9.9946E-05 0.554776 9.9946E-05 9.9946E-05 0.155779 9.9946E-05 0.152004
9.9973E-05 0.074241 0.130715 9.9973E-05 0.52118 0.0771188 9.9973E-05 0.146746 0.0125302 0.0371686
9.9946E-05 0.425871 9.9946E-05 9.9946E-05 0.406004 0.0531469 0.114378 9.9946E-05 9.9946E-05 9.9946E-05
0.11495 0.208709 0.0390321 0.00673367 0.451942 9.9982E-05 0.0254014 9.9982E-05 0.0868996 0.0661329
9.9937E-05 0.799254 9.9937E-05 0.0672195 9.9937E-05 9.9937E-05 9.9937E-05 9.9937E-05 0.132827 9.9937E-05
9.99459E-05 0.888583 9.99459E-05 9.99459E-05 9.99459E-05 9.99459E-05 0.0753738 9.99459E-05 0.0184412 0.0170028
0.0457161 0.307497 0.116169 0.0123444 0.379592 0.023388 9.9982E-05 9.9982E-05 0.0781813 0.0369123
9.9964E-05 0.01374 0.284862 9.9964E-05 0.374604 9.9964E-05 0.0185017 0.1488 9.9964E-05 0.159093
0.0537286 0.257196 0.3549 9.9973E-05 0.254291 0.0177012 9.9973E-05 0.0143104 9.9973E-05 0.0475722
0.0710016 0.112577 0.26947 0.0362579 0.159924 0.0094143 9.9991E-05 0.129047 0.00979307 0.202416
9.9964E-05 0.154917 0.337989 9.9964E-05 0.248212 0.0510632 9.9964E-05 0.120714 0.0867057 9.9964E-05
0.055448 0.677527 0.121426 9.9955E-05 9.9955E-05 9.9955E-05 9.9955E-05 0.031923 9.9955E-05 0.113176
9.9955E-05 0.687224 0.112924 9.9955E-05 0.0928012 0.0534237 9.9955E-05 0.0531277 9.9955E-05 9.9955E-05
0.0447514 0.38651 0.116145 0.00293878 0.438386 0.0108685 9.9964E-05 9.9964E-05 9.9964E-05 9.9964E-05
0.105221 0.437592 0.0447403 9.9946E-05 0.411846 9.9946E-05 9.9946E-05 9.9946E-05 9.9946E-05 9.9946E-05
9.9955E-05 0.74579 0.103097 9.9955E-05 0.0663763 0.0736393 9.9955E-05 0.0105977 9.9955E-05 9.9955E-05
0.0719695 0.182912 0.136878 0.0211302 0.434597 0.000239378 0.0219184 9.9982E-05 0.130156 9.9982E-05
0.0124114 0.349471 0.102775 9.9955E-05 0.502937 9.9955E-05 9.9955E-05 0.0319057 9.9955E-05 9.9955E-05
0.117913 0.143764 0.0993383 0.0294094 0.422805 9.9973E-05 9.9973E-05 9.9973E-05 0.152224 0.0342467
9.9946E-05 0.536139 9.9946E-05 0.0232846 0.274135 9.9946E-05 9.9946E-05 9.9946E-05 0.165842 9.9946E-05
0.0238624 0.446783 0.0196933 0.0873826 0.302024 0.0192732 9.9973E-05 9.9973E-05 0.100682 9.9973E-05
9.9991E-05 0.225099 0.0201746 0.0510593 0.496101 0.00987325 0.0558888 0.0551928 0.0625232 0.0239877
0.0754101 0.333217 9.9973E-05 9.9973E-05 0.366012 0.0264665 0.14749 0.0167375 9.9973E-05 0.0343666
0.11002 0.153494 0.065934 0.105081 0.402156 0.0583005 9.9982E-05 9.9982E-05 0.04652 0.058294
9.9955E-05 0.394272 9.9955E-05 0.0316815 0.422663 9.9955E-05 9.9955E-05 9.9955E-05 0.0657522 0.0851321
0.0150599 0.746276 9.9955E-05 9.9955E-05 0.166169 9.9955E-05 0.051043 9.9955E-05 0.0209521 9.9955E-05
0.00371518 0.326874 0.00248842 0.0277776 0.535959 9.9973E-05 9.9973E-05 0.0578384 0.0450477 9.9973E-05
0.0319943 0.30609 0.13162 9.9973E-05 0.379652 9.9973E-05 0.0128888 0.0777996 0.0596566 9.9973E-05
9.9964E-05 0.663198 9.9964E-05 0.0758108 0.172265 9.9964E-05 0.00809674 9.9964E-05 0.060642 0.0195877
9.9955E-05 0.543061 9.9955E-05 9.9955E-05 0.399578 0.0203433 0.0208776 9.9955E-05 9.9955E-05 0.0156402
9.9973E-05 0.199741 0.0119771 0.150378 0.431191 0.0747439 0.0479201 0.0837496 9.9973E-05 9.9973E-05
9.9964E-05 0.244114 0.0414746 0.147964 0.467159 9.9964E-05 9.9964E-05 0.0196398 0.0792483 9.9964E-05
9.9982E-05 0.0810188 0.185638 0.0154301 0.381204 0.0440824 9.9982E-05 0.151671 0.0506044 0.0901517
9.9982E-05 0.144592 0.0947565 9.9982E-05 0.296186 0.0250118 0.136782 0.116572 0.0858302 0.100069
9.9982E-05 0.065389 0.238616 9.9982E-05 0.316657 0.0560378 0.00225445 0.126392 0.0665459 0.127908
0.0926172 0.107781 0.191013 0.020719 0.313869 0.0754161 0.0605742 0.0153369 0.0711716 0.0515025
9.9973E-05 9.9973E-05 0.213379 0.153542 0.364696 0.00920586 0.101809 0.149216 9.9973E-05 0.00785214
9.9982E-05 0.105547 0.203498 0.0391614 0.405296 0.0357758 0.0931088 0.107384 9.9982E-05 0.0100288
0.0518379 0.596019 0.0948505 9.9973E-05 9.9973E-05 0.0304132 0.0184582 0.132386 9.9973E-05 0.0757348
0.0878694 0.0778152 0.148544 9.9964E-05 0.53827 9.9964E-05 0.139735 9.9964E-05 9.9964E-05 0.00736634
0.232908 0.371732 0.0849901 9.9955E-05 9.9955E-05 9.9955E-05 9.9955E-05 0.143778 9.9955E-05 0.166093
9.9955E-05 0.255645 0.194392 9.9955E-05 0.438201 9.9955E-05 9.9955E-05 0.0918304 9.9955E-05 0.0194318
9.9946E-05 0.6916 9.9946E-05 0.140073 0.127498 9.9946E-05 9.9946E-05 9.9946E-05 9.9946E-05 0.0402297
