0.0171129 0.95456 0.0282269 9.9991E-05
0.0211959 0.967501 0.00843365 0.00286938
0.0367161 0.828959 0.134225 9.9991E-05
0.07418 0.850279 0.0754411 9.9991E-05
0.0148265 0.892074 0.0929998 9.9991E-05
0.0997093 0.640236 0.137383 0.122672
0.00854565 0.887408 0.0221157 0.081931
0.102553 0.76678 9.9991E-05 0.130567
0.0876797 0.91212 9.9982E-05 9.9982E-05
0.0410939 0.717397 0.182303 0.0592062
0.130838 0.787738 9.9991E-05 0.0813243
0.515587 9.9991E-05 0.166884 0.317429
0.340268 9.9991E-05 0.343546 0.316086
0.461359 0.0220646 0.218829 0.297747
0.435029 0.0209336 0.308607 0.235431
0.361039 0.10506 0.294298 0.239603
0.241763 0.0412507 0.21141 0.505577
0.349202 0.106456 0.251641 0.292701
0.693227 0.0687452 0.0344577 0.20357
0.328927 9.9991E-05 0.244417 0.426556
0.257634 0.0476675 0.267171 0.427528
0.231513 0.0254934 0.240285 0.502708
0.451695 9.9991E-05 0.20164 0.346565
0.266442 9.9991E-05 0.362564 0.370894
0.551679 0.0188527 0.14692 0.282548
0.561407 9.9991E-05 0.335428 0.103064
0.548362 9.9991E-05 0.0947543 0.356784
9.9982E-05 0.82726 0.17254 9.9982E-05
0.0192184 0.816997 0.1447 0.0190849
9.9991E-05 0.807413 0.131823 0.0606641
0.0583532 0.758961 0.172419 0.0102669
0.246048 9.9991E-05 0.238218 0.515635
9.9991E-05 0.0631918 0.252524 0.684184
0.653154 0.0866775 0.0684637 0.191705
0.0750506 0.0516933 0.128953 0.744304
0.039712 9.9991E-05 0.37957 0.580618
0.181261 0.0604951 0.277975 0.480269
0.204417 0.0710247 0.292905 0.431654
0.226868 0.0606557 0.0213029 0.691173
0.0596873 0.0371055 0.319271 0.583936
9.9982E-05 9.9982E-05 0.0927542 0.907046
0.0653171 0.156337 9.9991E-05 0.778246
0.517991 9.9991E-05 0.0491603 0.432748
0.230244 0.097542 0.0213783 0.650835
0.357082 0.0961237 0.0793186 0.467475
0.262925 0.00727001 0.316852 0.412952
0.278288 0.121505 0.134574 0.465632
0.411129 0.261377 0.0640767 0.263417
0.385347 0.0267744 0.336997 0.250882
0.569182 0.123389 9.9991E-05 0.30733
0.274742 9.9991E-05 0.253818 0.47134
0.200769 0.0144882 0.396001 0.388742
0.310054 0.0899545 0.139729 0.460263
0.236154 9.9991E-05 0.271006 0.49274
0.494882 0.0277482 0.0740181 0.403352
0.0941407 9.9991E-05 0.22946 0.676299
0.147554 0.0467436 0.0297241 0.775978
0.0539574 0.05093 9.9991E-05 0.895013
0.112188 9.9982E-05 9.9982E-05 0.887612
0.124785 9.9991E-05 0.0527482 0.822367
0.114072 0.00594655 0.196234 0.683747
0.104161 0.055684 0.24132 0.598836
0.251722 0.0686091 0.0764621 0.603207
0.320922 9.9991E-05 0.106406 0.572572
0.119061 9.9991E-05 0.174857 0.705982
0.1358 0.0295448 0.170431 0.664224
0.0195184 9.9991E-05 0.138254 0.842128
0.0125393 0.0814423 9.9991E-05 0.905918
0.131537 0.761311 0.107052 9.9991E-05
9.9991E-05 0.935066 0.0435567 0.0212776
9.9982E-05 0.869236 0.130564 9.9982E-05
9.9982E-05 0.964428 0.0353718 9.9982E-05
9.9982E-05 0.894008 0.105792 9.9982E-05
9.9982E-05 0.933116 0.066684 9.9982E-05
9.9991E-05 0.943184 0.0376639 0.0190526
0.149543 0.0611843 9.9991E-05 0.789172
0.131935 0.0111534 0.159875 0.697037
0.0197972 9.9991E-05 0.284878 0.695225
0.0373664 0.0651294 0.234881 0.662623
9.9982E-05 9.9982E-05 0.270716 0.729084
0.29482 0.0422252 9.9991E-05 0.662855
0.00677617 0.0751539 0.117123 0.800947
0.00282096 0.0496394 0.208227 0.739313
0.118156 0.0471359 0.187685 0.647023
0.0134364 0.0311648 0.169371 0.786028
0.0730737 0.0887799 0.193956 0.644191
0.505438 0.0289343 0.165667 0.29996
0.304667 0.0598345 0.31121 0.324289
0.409249 0.00594637 0.197854 0.386951
0.304813 9.9991E-05 0.31414 0.380947
0.421383 9.9991E-05 0.221232 0.357285
0.294054 0.0140273 0.216991 0.474929
0.384816 9.9991E-05 0.167528 0.447556
0.343256 9.9991E-05 0.339496 0.317147
0.178352 9.9991E-05 0.307892 0.513655
0.329172 0.0891373 0.250774 0.330916
0.197922 9.9991E-05 0.374814 0.427164
0.159717 9.9991E-05 0.339175 0.501008
0.48546 9.9991E-05 0.19002 0.32442
0.359633 0.131942 0.0247466 0.483678
0.420733 9.9991E-05 0.0561711 0.522996
0.527143 0.0182424 0.112183 0.342432
0.406561 9.9991E-05 0.146496 0.446843
0.477551 0.0651271 0.0916237 0.365698
0.533783 9.9991E-05 0.161271 0.304845
0.208491 9.9991E-05 0.334308 0.457101
0.438989 0.00292799 0.134462 0.423621
0.180935 0.025851 0.271848 0.521366
0.200492 0.263824 9.9991E-05 0.535584
0.0216711 0.129146 0.162188 0.686994
9.9991E-05 0.166303 0.23772 0.595877
0.1198 0.20997 0.0402081 0.630022
0.138043 0.168323 9.9991E-05 0.693534
0.110876 0.0756195 0.172909 0.640596
0.148875 0.21773 0.059988 0.573407
0.186229 0.00994355 0.106447 0.69738
0.18069 0.00551205 0.237809 0.57599
0.033782 0.396761 0.312592 0.256865
9.9991E-05 0.749122 0.152028 0.0987507
9.9991E-05 0.651259 0.165416 0.183224
0.078815 0.430913 0.388518 0.101754
9.9982E-05 9.9982E-05 0.235866 0.763934
0.101019 9.9991E-05 0.833362 0.0655192
0.0218187 0.113124 0.0237783 0.841279
0.013684 0.0944927 0.0105193 0.881304
0.014622 0.00476613 0.237803 0.742808
0.0869181 0.12202 0.167639 0.623423
0.107168 9.9991E-05 0.302815 0.589918
0.102503 0.0781729 9.9991E-05 0.819224
9.9982E-05 0.0186292 0.981171 9.9982E-05
9.9991E-05 0.0107282 0.971009 0.0181627
0.0010577 0.00272485 0.858065 0.138153
0.0189118 0.0493639 0.850559 0.0811649
9.9982E-05 0.0176998 0.9821 9.9982E-05
0.00935527 0.0537229 0.936822 9.9991E-05
9.9982E-05 9.9982E-05 0.987632 0.0121685
0.0490603 9.9982E-05 0.95074 9.9982E-05
9.998E-05 9.998E-05 0.9997 9.998E-05
9.998E-05 9.998E-05 0.9997 9.998E-05
0.104734 9.9991E-05 0.832638 0.0625271
0.0340148 0.0820241 0.784162 0.0997992
9.9982E-05 0.0512686 0.948531 9.9982E-05
0.0190598 0.0641291 0.86781 0.049001
9.9982E-05 0.0832328 0.916567 9.9982E-05
9.9982E-05 0.0177965 0.982004 9.9982E-05
9.9982E-05 0.0770052 0.922795 9.9982E-05
9.9982E-05 0.0416533 0.958147 9.9982E-05
0.0296666 0.130352 0.729429 0.110553
0.0669558 0.0219206 0.911024 9.9991E-05
9.9982E-05 0.510987 9.9982E-05 0.488813
0.0477605 0.273971 0.160738 0.51753
9.9991E-05 0.246051 0.229163 0.524686
0.0103299 0.341992 0.145663 0.502015
9.9991E-05 0.341204 0.126021 0.532675
9.9991E-05 0.232006 0.294177 0.473717
9.9991E-05 0.214174 0.31716 0.468567
9.9991E-05 0.276347 0.328334 0.395219
0.0310728 0.920088 9.9991E-05 0.048739
9.9982E-05 0.931473 0.0683269 9.9982E-05
0.0029336 0.987018 9.9991E-05 0.00994882
0.0279279 0.97126 0.000711949 9.9991E-05
0.0335566 0.916588 0.0497559 9.9991E-05
9.9982E-05 0.915472 0.0843281 9.9982E-05
9.9982E-05 0.872058 0.127742 9.9982E-05
0.0399136 0.94055 0.019436 9.9991E-05
9.9991E-05 0.922963 0.0518859 0.0250512
0.000838517 0.925782 0.0732793 9.9991E-05
0.273565 0.641206 9.9991E-05 0.0851284
0.362954 0.636846 9.9982E-05 9.9982E-05
0.334093 0.601762 9.9991E-05 0.064045
0.437137 0.524602 9.9991E-05 0.0381607
0.203776 9.9991E-05 0.28599 0.510134
0.0665837 0.072919 0.184652 0.675846
0.242903 0.0152257 0.262468 0.479404
0.29564 0.0240222 0.132545 0.547793
0.699251 9.9991E-05 0.0745349 0.226114
0.0802677 9.9991E-05 0.270773 0.64886
0.104346 9.9991E-05 0.263078 0.632476
0.0969501 9.9991E-05 0.2419 0.661049
0.0942934 9.9991E-05 0.193586 0.71202
0.222849 9.9991E-05 0.144963 0.632087
0.146573 0.0116941 9.9991E-05 0.841633
9.9991E-05 0.0856164 0.0383874 0.875896
0.0895422 9.9991E-05 0.220325 0.690032
0.249857 0.0557191 9.9991E-05 0.694324
0.830095 0.142528 9.9991E-05 0.0272769
0.862884 0.112104 9.9991E-05 0.0249125
0.97018 0.0296196 9.9982E-05 9.9982E-05
0.908822 0.0909779 9.9982E-05 9.9982E-05
0.946276 0.0346936 0.0189307 9.9991E-05
0.850317 0.0703967 0.0791863 9.9991E-05
9.9991E-05 0.863666 0.102004 0.0342301
0.0974721 0.786331 0.116097 9.9991E-05
0.00316342 0.792944 0.200062 0.00383059
0.0948241 0.743765 0.161311 9.9991E-05
0.029412 0.802511 0.167977 9.9991E-05
0.621835 0.377965 9.9982E-05 9.9982E-05
0.440775 0.519599 9.9991E-05 0.0395269
0.499385 0.495411 9.9991E-05 0.00510442
0.0689072 0.780366 0.150627 9.9991E-05
0.524131 0.398624 9.9991E-05 0.0771452
9.9991E-05 0.237351 0.500011 0.262538
9.9991E-05 0.121038 0.662096 0.216766
0.0466785 0.278449 0.422608 0.252264
9.9991E-05 0.541784 0.312312 0.145804
0.395332 0.017517 0.16075 0.426401
0.236568 0.0684062 0.128517 0.566509
0.581211 0.0544301 0.135478 0.228881
0.165521 9.9991E-05 0.189076 0.645303
0.352939 0.0445775 9.9991E-05 0.602384
0.325245 0.0699149 0.242808 0.362032
0.378813 0.045323 0.132093 0.443771
0.358929 0.03714 9.9991E-05 0.603831
0.254216 0.0282545 0.26377 0.45376
0.325695 9.9991E-05 0.263528 0.410677
0.0736992 0.120564 0.36779 0.437947
0.341919 9.9991E-05 0.148305 0.509676
0.28188 0.00321152 0.211192 0.503716
0.193979 9.9991E-05 0.270728 0.535192
0.174626 9.9991E-05 0.234962 0.590312
0.13134 0.0597349 0.320204 0.488721
9.9991E-05 0.775843 0.18346 0.0405974
9.9991E-05 0.864747 0.120654 0.0144994
0.0634453 0.826565 0.0568047 0.0531853
0.0461957 0.824721 0.053107 0.075976
9.9991E-05 0.906468 0.0786478 0.0147847
0.608647 9.9991E-05 0.161576 0.229677
0.113699 9.9991E-05 0.361757 0.524444
0.35584 0.00891229 0.232177 0.403071
0.425021 9.9991E-05 0.179654 0.395226
0.685689 0.124315 9.9991E-05 0.189896
0.369216 9.9991E-05 0.293518 0.337166
0.545996 0.0956775 0.127625 0.230702
0.160775 0.133227 0.177172 0.528826
0.548838 0.12287 0.0580608 0.270231
0.619759 0.0680004 0.102591 0.20965
0.285275 0.0519182 0.210757 0.45205
0.10871 0.152978 0.0238402 0.714472
0.0631535 0.0908051 0.239336 0.606705
0.0675868 0.0819109 0.0637143 0.786788
0.0756513 0.021692 0.21914 0.683517
0.195078 0.0321139 9.9991E-05 0.772708
9.9982E-05 0.129584 9.9982E-05 0.870216
0.0317653 0.0647865 0.165051 0.738397
0.0958243 0.0950847 9.9991E-05 0.808991
0.140846 0.047047 0.144008 0.668099
0.695972 9.9991E-05 0.066134 0.237794
0.425636 9.9991E-05 0.120957 0.453308
0.481892 9.9991E-05 0.22137 0.296639
0.281057 0.00303339 0.357728 0.358182
0.62989 9.9991E-05 0.120512 0.249498
0.303166 9.9991E-05 0.352435 0.344299
0.336396 0.00236587 0.2367 0.424538
0.549117 9.9991E-05 0.184711 0.266072
0.502205 9.9991E-05 0.204943 0.292752
0.264304 9.9991E-05 0.307906 0.42769
0.313242 0.0418768 0.208424 0.436458
0.272542 9.9991E-05 0.338254 0.389105
0.488917 0.0337101 0.243056 0.234317
0.268216 0.0646065 0.309127 0.358051
0.0437515 0.306515 0.388926 0.260807
0.0314743 0.158341 0.437512 0.372672
0.151439 0.0373139 0.391642 0.419605
9.9991E-05 0.209776 0.397596 0.392528
0.261899 9.9991E-05 0.230919 0.507081
0.0212813 0.387092 0.0685355 0.523091
0.125782 0.0994 0.411335 0.363483
0.0926647 0.0487747 0.44973 0.408831
0.137514 0.290031 0.206463 0.365992
0.133767 0.114326 0.504633 0.247274
9.9991E-05 0.654063 0.118426 0.227411
0.0857894 0.140597 0.462128 0.311486
0.064509 0.190444 0.371805 0.373241
0.133434 0.0717918 0.258826 0.535949
0.236891 0.00217453 9.9991E-05 0.760835
0.125457 0.0914679 9.9991E-05 0.782975
0.0323037 0.137485 0.533108 0.297103
9.9991E-05 0.136662 0.492823 0.370415
9.9991E-05 0.279547 0.338627 0.381726
9.9991E-05 0.217497 0.417152 0.365251
9.9991E-05 0.258052 0.0739036 0.667944
0.00293932 0.224704 0.126282 0.646075
9.9982E-05 9.9982E-05 0.382342 0.617458
0.0181727 0.0274213 0.372393 0.582013
9.9991E-05 0.149079 0.215772 0.635049
0.0544944 0.0549305 0.401081 0.489495
0.0967003 0.0147745 0.361562 0.526963
0.183352 0.0363886 0.0989701 0.681289
0.122915 0.0544775 0.148088 0.674519
0.28497 0.0187545 0.228232 0.468044
0.0787606 9.9991E-05 0.205569 0.715571
0.194089 0.0234444 0.0405343 0.741933
9.9991E-05 0.0257921 0.268513 0.705595
0.155146 0.0560035 0.101928 0.686923
0.00169329 0.0932927 0.15848 0.746534
0.123909 0.173676 0.426894 0.275521
0.12812 0.210045 0.364786 0.297049
0.0442531 0.390547 0.0966709 0.468529
0.107466 0.0126726 0.554702 0.325159
9.9991E-05 0.562092 0.146989 0.29082
0.0410665 0.0579584 0.400625 0.500351
0.00776012 0.0502832 9.9991E-05 0.941857
0.104004 0.0826872 9.9991E-05 0.813209
0.063684 9.9991E-05 0.185853 0.750363
0.0414675 0.00495035 0.330368 0.623214
0.0315078 0.0179892 0.132172 0.818332
0.0283463 0.0261009 0.183573 0.76198
0.0624616 0.0245858 0.185403 0.72755
9.9991E-05 0.801447 0.129736 0.0687174
0.146028 0.745726 0.108146 9.9991E-05
0.0200455 0.895732 0.0841225 9.9991E-05
9.9982E-05 0.954544 0.0452563 9.9982E-05
0.0890254 0.108182 0.201023 0.601769
0.0862858 9.9991E-05 0.194258 0.719356
0.220207 0.0180557 0.0706576 0.691079
0.00529385 0.0134846 0.228379 0.752842
9.9991E-05 0.0482089 0.0526417 0.899049
0.0841704 0.20189 0.43206 0.281879
0.0653415 9.9991E-05 0.217939 0.716619
0.211818 0.00812335 0.127011 0.653047
0.0828672 9.9991E-05 0.233216 0.683817
0.205824 9.9991E-05 0.160122 0.633953
9.9982E-05 9.9982E-05 0.227933 0.771867
9.9982E-05 0.00619239 9.9982E-05 0.993608
0.00797639 0.048217 0.0788841 0.864923
0.103442 0.0147425 0.113048 0.768768
9.9982E-05 0.0454278 9.9982E-05 0.954372
0.163329 9.9991E-05 0.196103 0.640468
0.0780512 0.0765967 9.9991E-05 0.845252
0.0230716 0.0789867 9.9991E-05 0.897842
0.077176 9.9991E-05 0.250842 0.671882
0.14302 0.0471 0.0694997 0.74038
0.0874624 0.000579507 0.2154 0.696558
0.0837896 9.9991E-05 0.203809 0.712302
0.350231 9.9991E-05 0.205556 0.444113
0.0662079 0.0204093 0.258201 0.655182
0.196579 9.9991E-05 0.2352 0.568121
0.0310392 9.9991E-05 0.0799477 0.888913
0.298909 0.700891 9.9982E-05 9.9982E-05
0.114032 0.779315 0.0308375 0.0758156
0.111046 0.888754 9.9982E-05 9.9982E-05
0.145421 0.854379 9.9982E-05 9.9982E-05
0.246104 0.72955 9.9991E-05 0.0242457
0.245525 0.0940631 0.0434238 0.616989
0.236648 0.077738 0.00773985 0.677874
9.998E-05 9.998E-05 9.998E-05 0.9997
9.9991E-05 0.0481527 0.12276 0.828987
0.0376976 9.9991E-05 0.279737 0.682465
9.9991E-05 0.0417371 0.184737 0.773426
0.101633 9.9991E-05 0.303439 0.594828
0.215068 9.9991E-05 0.0424793 0.742353
0.1808 9.9991E-05 0.108775 0.710325
0.252651 9.9991E-05 0.0519564 0.695293
0.0736526 0.154677 0.246133 0.525537
0.171088 9.9991E-05 0.0847176 0.744095
0.0988697 0.0390024 0.198849 0.663279
9.9991E-05 0.115139 0.612066 0.272696
0.0207572 0.216042 0.580792 0.182409
0.0394847 0.0425417 0.234919 0.683055
9.9991E-05 0.330762 0.661703 0.00743473
9.9991E-05 0.183684 0.654568 0.161648
9.9991E-05 0.166919 0.334835 0.498146
0.149868 0.0907093 0.296648 0.462775
0.122239 0.137174 0.188339 0.552248
9.9991E-05 0.240378 0.629336 0.130186
9.9991E-05 0.152976 0.652401 0.194522
9.9991E-05 0.14761 0.655445 0.196845
9.9991E-05 0.200747 0.630901 0.168252
0.00449624 0.0780592 0.27631 0.641134
9.9991E-05 0.222252 0.708129 0.0695192
0.296759 0.230867 0.0615181 0.410855
9.9991E-05 0.00523084 0.374218 0.620451
0.1378 0.0559581 0.333261 0.472981
0.0883062 0.191732 0.202818 0.517144
0.00845819 0.242859 0.409009 0.339673
0.072673 0.186798 0.520693 0.219836
0.00222995 0.252401 0.707235 0.0381336
0.148883 0.127025 0.138313 0.585779
9.9991E-05 0.296325 0.0304693 0.673106
0.247144 0.105894 0.212729 0.434232
0.0192109 0.241057 0.3869 0.352832
9.9991E-05 0.473695 0.137842 0.388363
9.9991E-05 0.545685 0.0395295 0.414685
0.0394765 0.246871 0.247279 0.466374
9.9991E-05 0.468971 0.177104 0.353825
9.9991E-05 0.552608 0.206314 0.240978
0.0475617 0.196507 0.290119 0.465812
0.0175945 0.227802 0.2688 0.485804
0.0504385 0.363618 0.214186 0.371758
0.0156722 0.440343 0.190567 0.353418
0.00198011 0.202647 0.305009 0.490364
0.00613567 0.332027 0.188643 0.473195
9.9991E-05 0.633735 0.025777 0.340388
0.0944861 0.29116 0.369999 0.244355
0.0253254 0.312463 0.364743 0.297468
9.9991E-05 0.186997 0.510119 0.302784
0.113244 0.126067 0.446586 0.314103
0.0847601 0.337238 0.467961 0.110041
0.107312 0.164121 0.41282 0.315747
9.9991E-05 0.217947 0.442648 0.339305
9.9991E-05 0.244613 0.414776 0.340511
0.118893 0.205563 0.252718 0.422826
0.116737 0.322331 0.422188 0.138744
9.9991E-05 0.442773 0.267714 0.289413
9.9991E-05 0.326563 0.42329 0.250047
0.143434 0.835752 0.0207132 9.9991E-05
0.836542 0.10873 9.9991E-05 0.0546287
0.961728 0.038072 9.9982E-05 9.9982E-05
0.977903 0.0218975 9.9982E-05 9.9982E-05
0.9997 9.998E-05 9.998E-05 9.998E-05
0.924561 0.0262376 0.0491018 9.9991E-05
0.993336 9.9982E-05 0.00646418 9.9982E-05
0.941506 0.0582941 9.9982E-05 9.9982E-05
0.797624 0.195632 0.00664387 9.9991E-05
9.9982E-05 0.945846 0.0539543 9.9982E-05
0.122989 0.821441 0.0282467 0.027324
9.9982E-05 0.938418 0.0613823 9.9982E-05
0.126709 0.827071 0.0435664 0.00265403
0.0486687 0.908872 0.0359261 0.00653367
0.0987881 0.8938 9.9991E-05 0.00731178
0.0083186 0.757393 0.158176 0.0761116
9.9991E-05 0.867889 0.122709 0.00930187
0.161861 0.696317 0.129819 0.0120022
9.9982E-05 0.893111 0.106689 9.9982E-05
0.0274038 0.96183 9.9991E-05 0.0106666
0.00917929 0.897156 0.0935644 9.9991E-05
0.02567 0.954799 0.0194308 9.9991E-05
9.9982E-05 0.908956 0.0908437 9.9982E-05
0.0242821 0.848146 0.127471 9.9991E-05
9.9982E-05 0.837498 0.162302 9.9982E-05
9.9982E-05 0.766848 0.232952 9.9982E-05
9.9982E-05 0.8192 0.1806 9.9982E-05
9.9982E-05 0.796039 0.203761 9.9982E-05
0.145214 0.185146 0.178982 0.490657
0.0343705 0.0956028 0.238446 0.631581
9.9982E-05 0.192428 9.9982E-05 0.807372
0.134089 0.136081 0.198963 0.530866
9.9982E-05 0.322271 9.9982E-05 0.677529
9.9991E-05 0.108491 0.290971 0.600438
0.184309 0.118769 0.175059 0.521862
0.143141 0.0899303 0.222264 0.544665
0.0653877 0.078328 0.167361 0.688923
0.188186 0.121512 0.216732 0.473569
0.171513 0.042079 0.279983 0.506425
0.530099 9.9991E-05 0.0718754 0.397926
0.0876169 0.202228 9.9991E-05 0.710055
0.0265354 0.265428 9.9991E-05 0.707936
0.0523571 0.160564 0.230709 0.55637
9.9991E-05 0.119568 0.273706 0.606626
0.0565639 0.14592 0.401592 0.395924
0.202946 0.0843484 0.463284 0.249421
0.183992 0.415507 0.265298 0.135203
0.163475 0.169693 0.359756 0.307076
0.0216099 0.545604 0.178148 0.254638
9.9991E-05 0.376023 0.33253 0.291347
0.113396 0.311378 0.369727 0.205498
0.162572 0.290872 0.258758 0.287799
0.149197 0.145851 0.453799 0.251153
0.0817762 0.20453 0.329503 0.38419
0.0446554 0.439857 0.338955 0.176533
