0.0747801 9.9982E-05 0.0158798 9.9982E-05 0.0558744 0.0366624 0.00878317 0.80782
0.0204435 9.9982E-05 0.00685514 0.0243325 0.0219759 9.9982E-05 0.0248154 0.901378
0.06706 0.0874874 0.0768682 9.9973E-05 0.0213743 9.9973E-05 9.9973E-05 0.74691
0.0221294 0.0651987 0.0502509 0.00478176 0.0568819 9.9982E-05 9.9982E-05 0.800557
9.9964E-05 0.0775193 0.0139431 0.0214605 9.9964E-05 9.9964E-05 9.9964E-05 0.886677
0.00936559 0.0897354 0.0410979 9.9991E-05 0.0643369 0.121315 0.0691799 0.604869
0.0268874 9.9973E-05 0.0216539 9.9973E-05 0.0316544 0.130158 9.9973E-05 0.789347
0.036719 0.0259704 0.0178109 0.0238495 0.0938806 0.10021 9.9991E-05 0.701459
0.023007 9.99729E-05 9.99729E-05 9.99729E-05 0.0618275 0.0276687 0.0670168 0.82018
0.0576103 0.0860317 0.0730074 0.0599075 0.00136917 0.0779084 9.9991E-05 0.644066
0.010757 0.0481838 9.9982E-05 9.9982E-05 0.0618501 0.140526 0.00196707 0.736516
0.00312404 0.142032 0.10418 9.9982E-05 0.46265 0.0434709 0.244343 9.9982E-05
0.0746986 0.525354 0.0362193 9.9973E-05 0.327333 9.9973E-05 0.0360946 9.9973E-05
0.0668888 0.134037 0.131977 0.0671203 0.390368 0.0633884 0.14612 9.9991E-05
0.0209928 0.343425 0.127518 0.0223722 0.355834 0.0152392 0.0437328 0.0708859
0.0353832 0.34996 0.138621 0.0075319 0.197411 0.0349741 0.162498 0.0736207
0.0252751 0.505801 0.176209 0.0164379 0.18746 0.0449835 0.0437342 9.9991E-05
0.0343097 0.400117 0.0334808 9.9982E-05 0.186827 0.116782 0.228283 9.9982E-05
0.028813 0.272116 0.0893753 9.9982E-05 0.319147 9.9982E-05 0.199047 0.0913019
0.0447224 9.9982E-05 0.0602075 9.9982E-05 0.629539 0.158429 0.10192 0.00498239
0.0498299 0.357209 0.129098 0.0601378 0.259063 0.00474602 0.139817 9.9991E-05
9.9982E-05 0.32308 0.163438 0.0666262 0.162913 0.213637 0.0701062 9.9982E-05
9.9991E-05 0.546313 0.0676936 0.0192718 0.201547 0.0220937 0.120373 0.0226075
0.00626935 0.226145 0.129023 9.9982E-05 0.358233 0.105121 0.175008 9.9982E-05
0.0455401 0.541066 0.0727055 0.103873 0.0827949 0.0120377 0.0121398 0.129843
0.0353653 0.563652 0.0816405 9.9973E-05 0.238684 0.0803575 9.9973E-05 9.9973E-05
0.0478766 0.0443283 0.142005 9.9973E-05 0.490738 9.9973E-05 0.274752 9.9973E-05
0.00222415 0.138339 0.233425 9.9982E-05 0.432394 0.0515391 0.141879 9.9982E-05
9.9982E-05 0.202151 0.0324742 0.0270601 0.456758 0.137711 0.143646 9.9982E-05
0.9993 9.994E-05 9.994E-05 9.994E-05 9.994E-05 9.994E-05 9.994E-05 9.994E-05
0.9993 9.994E-05 9.994E-05 9.994E-05 9.994E-05 9.994E-05 9.994E-05 9.994E-05
0.358862 0.0711084 0.040421 9.9973E-05 9.9973E-05 9.9973E-05 0.0657816 0.463527
0.297093 0.0943197 0.0554331 9.9982E-05 9.9982E-05 0.0472442 0.062043 0.443667
9.999E-05 0.467342 0.0367572 0.0817674 0.0844817 0.0250373 0.233618 0.0708961
9.9973E-05 0.456748 0.0362077 9.9973E-05 0.0518253 9.9973E-05 0.319613 0.135306
0.0272201 0.556271 9.9973E-05 0.0393789 9.9973E-05 9.9973E-05 0.356914 0.0199161
0.0501988 0.0884602 0.0235352 0.0206851 0.569352 9.9991E-05 0.154362 0.0933064
0.0154604 0.254706 0.0288375 9.9973E-05 9.9973E-05 0.0537541 0.646942 9.9973E-05
0.014243 0.481377 9.9991E-05 0.0513766 0.120799 0.0055781 0.219241 0.107285
0.0212586 0.442469 0.10571 9.9982E-05 9.9982E-05 0.0783773 0.290077 0.0619077
9.9973E-05 0.679433 9.9973E-05 0.0367194 9.9973E-05 0.218711 0.0352533 0.0295835
0.0687246 0.567061 9.9982E-05 9.9982E-05 0.0199276 0.0423138 0.217212 0.0845607
0.0497713 0.0613442 9.9982E-05 9.9982E-05 0.0785143 0.0191995 0.757501 0.0334696
0.0254221 0.572501 0.0235711 0.00353676 0.0791955 0.217103 0.0785699 9.9991E-05
9.9982E-05 0.419014 0.0975776 0.0655096 9.9982E-05 0.0786736 0.239046 0.0999796
0.0185242 0.577183 0.023347 9.9991E-05 0.113617 0.0816162 0.131892 0.0537203
9.9955E-05 0.334116 9.9955E-05 9.9955E-05 9.9955E-05 0.0222332 0.643151 9.9955E-05
0.0129477 0.616525 9.9964E-05 9.9964E-05 9.9964E-05 9.9964E-05 0.279277 0.090851
0.0322968 0.388722 0.168642 0.0110888 0.0604002 0.00837596 0.267281 0.063194
9.9964E-05 9.9964E-05 9.9964E-05 0.00417451 9.9964E-05 0.235029 0.701488 0.058909
9.9973E-05 0.152666 9.9973E-05 0.110566 0.428299 0.0773482 0.230821 9.9973E-05
9.999E-05 0.0466845 0.0336972 0.105949 0.221075 0.324649 0.26034 0.00750562
0.0960486 0.488326 0.0954425 0.099985 0.106397 0.0851269 0.0224143 0.00625954
0.00538973 0.569795 0.0494031 0.0533667 0.0817998 0.164162 0.0339524 0.042131
9.9973E-05 0.639417 9.9973E-05 0.0889853 0.0267277 0.104289 9.9973E-05 0.140281
0.00692762 0.177286 9.9991E-05 0.0101555 0.285204 0.142848 0.312822 0.0646561
0.0369601 0.567426 9.9982E-05 0.0296723 0.20307 0.101919 0.0607521 9.9982E-05
0.00590707 0.508717 0.0951289 9.9991E-05 0.10922 0.063932 0.119126 0.0978697
0.0324827 0.310516 9.9991E-05 0.0865486 0.207365 0.0340442 0.230415 0.0985296
0.0387299 0.0773678 0.0680842 0.0244429 0.346103 0.183254 0.140198 0.12182
0.0569938 0.535185 9.9991E-05 0.08288 0.074124 0.0785543 0.128428 0.0437343
0.0317761 0.336463 0.0817603 0.109511 0.231267 0.103341 0.0517732 0.0541083
0.0740397 9.9973E-05 9.9973E-05 0.0108236 0.440503 0.189961 0.284373 9.9973E-05
0.0267934 0.428334 0.00885618 0.119603 0.232909 0.114143 0.0692606 9.9991E-05
0.0292056 0.563027 0.082737 0.131644 0.0696539 0.00997065 0.113662 9.9991E-05
0.0545964 0.475383 0.160865 0.103299 0.158884 0.0460739 9.9991E-05 0.000798586
0.0190453 0.2225 0.0872955 0.0280323 0.297621 0.123942 0.199574 0.0219897
0.0509562 0.408014 0.0769011 0.0623631 0.202537 0.0494946 0.149634 9.9991E-05
0.0499015 0.600505 0.039618 0.113924 0.195751 9.9973E-05 9.9973E-05 9.9973E-05
0.0480865 0.193823 9.9982E-05 0.0141937 0.375418 0.132753 0.235526 9.9982E-05
0.0202683 0.547672 9.9964E-05 9.9964E-05 0.0519987 9.9964E-05 0.379661 9.9964E-05
0.0262131 0.177832 9.9964E-05 9.9964E-05 0.070574 9.9964E-05 0.724981 9.9964E-05
0.0459296 0.527034 9.9991E-05 0.0670716 0.0822496 0.0107851 0.179625 0.0872058
9.9946E-05 9.9946E-05 9.9946E-05 9.9946E-05 9.9946E-05 0.134773 0.864628 9.9946E-05
9.9964E-05 9.9964E-05 9.9964E-05 0.0413959 0.0163883 0.0856231 0.856193 9.9964E-05
9.9964E-05 0.277419 9.9964E-05 0.0149775 0.00212369 9.9964E-05 0.70508 9.9964E-05
0.0230223 0.446652 0.0109085 9.9982E-05 0.0156278 9.9982E-05 0.481764 0.021825
0.0428571 0.572715 0.00447859 0.10225 9.9991E-05 0.0204156 0.0763213 0.180863
9.9973E-05 0.273776 0.112908 9.9973E-05 9.9973E-05 0.0592162 0.545011 0.00878879
9.9973E-05 0.0926025 0.0424245 9.9973E-05 0.16515 9.9973E-05 0.658319 0.041204
9.9973E-05 0.202103 0.0108189 9.9973E-05 0.210081 9.9973E-05 0.533333 0.043364
0.0258046 0.488153 0.0470911 0.111037 0.014984 9.9991E-05 0.206502 0.106329
0.0133426 0.269526 0.0538145 0.016043 0.0448485 9.9991E-05 0.568765 0.0335599
0.075496 0.387883 9.9964E-05 9.9964E-05 9.9964E-05 0.048199 0.488022 9.9964E-05
9.9973E-05 0.344687 0.0186832 9.9973E-05 9.9973E-05 0.0785791 0.555216 0.00253448
9.9964E-05 9.9964E-05 9.9964E-05 0.177441 0.0157294 0.157178 0.649252 9.9964E-05
0.0322482 0.625638 0.0483467 9.9982E-05 0.099024 0.0288461 0.165697 9.9982E-05
0.0697756 0.0809652 0.0522737 9.9982E-05 0.0412539 9.9982E-05 0.00867688 0.746855
0.147546 0.0713261 9.9955E-05 9.9955E-05 9.9955E-05 9.9955E-05 9.9955E-05 0.780628
0.121777 0.111505 0.0102592 9.9964E-05 9.9964E-05 9.9964E-05 9.9964E-05 0.756059
0.133327 0.0245097 0.0489773 9.9973E-05 9.9973E-05 0.0576483 9.9973E-05 0.735237
0.122128 0.0870828 0.035916 0.00245118 9.9982E-05 9.9982E-05 0.0165196 0.735702
0.0666946 0.115166 0.017998 9.9964E-05 9.9964E-05 9.9964E-05 9.9964E-05 0.799742
0.078839 0.0839986 9.9964E-05 0.010917 9.9964E-05 9.9964E-05 9.9964E-05 0.825845
0.0690184 0.454691 0.0611426 0.0204103 0.0880857 9.9991E-05 0.245511 0.0610411
9.9982E-05 0.465221 0.0259767 9.9982E-05 0.0782842 0.0630857 0.2714 0.0958331
9.9973E-05 0.0386113 9.9973E-05 0.0465313 0.0527987 9.9973E-05 0.808472 0.0532864
0.0160273 0.50543 0.0332377 0.125207 9.9991E-05 0.0404492 0.195817 0.0837313
0.00569267 0.394477 0.0383882 9.9982E-05 0.114497 9.9982E-05 0.421399 0.0253466
9.9991E-05 0.653308 0.00408063 0.0380125 0.0105999 0.0167743 0.244119 0.0330052
0.013891 0.560041 0.0442896 0.109402 0.0225965 0.0767567 0.16482 0.00820349
0.0299328 0.424905 0.0775087 9.9973E-05 9.9973E-05 9.9973E-05 0.457089 0.0102644
9.9955E-05 9.9955E-05 9.9955E-05 9.9955E-05 0.168935 9.9955E-05 0.743867 0.0866981
0.0537451 0.43606 0.0828663 0.0302373 0.108197 0.0648447 0.170731 0.0533182
9.9973E-05 0.632559 9.9973E-05 0.154916 9.9973E-05 0.0113458 0.0607275 0.140152
0.00701361 0.536592 0.0426767 0.0703767 0.15629 9.9991E-05 0.11689 0.0700611
0.0368966 0.244402 0.0348199 0.111181 9.9982E-05 0.0647399 0.507761 9.9982E-05
0.0297441 0.518268 9.9964E-05 0.0675076 9.9964E-05 9.9964E-05 0.38408 9.9964E-05
0.0296941 0.363642 0.0685666 9.9982E-05 0.14604 0.00429831 0.387559 9.9982E-05
9.9955E-05 0.268727 0.0968355 9.9955E-05 9.9955E-05 9.9955E-05 0.633937 9.9955E-05
9.9964E-05 0.436413 9.9964E-05 9.9964E-05 0.0406877 9.9964E-05 0.459285 0.063215
0.0279438 0.555013 0.0193959 9.9982E-05 0.0116729 9.9982E-05 0.286262 0.0995122
0.00145871 0.200222 0.0188341 0.359134 0.260045 9.9991E-05 0.105746 0.0544602
9.9973E-05 0.452821 0.015254 9.9973E-05 0.278357 0.117955 9.9973E-05 0.135313
0.015366 0.531282 0.059825 9.9991E-05 0.13619 0.0662637 0.142894 0.0480799
0.0168176 0.551973 0.0554157 0.0287291 0.199181 0.00382402 0.0604412 0.0836187
0.110099 0.422919 9.9973E-05 0.0831041 0.289364 9.9973E-05 0.094215 9.9973E-05
0.0172958 0.550063 9.9982E-05 0.0870285 0.230247 9.9982E-05 0.0858943 0.0292714
9.9982E-05 0.45017 0.0140554 0.117646 0.368314 9.9982E-05 0.00400915 0.0456048
0.0665727 0.5345 9.9991E-05 0.125396 0.16965 0.00299198 0.0128856 0.0879038
9.9982E-05 0.613958 0.024874 9.9982E-05 0.143051 0.0488266 0.0883519 0.0807382
0.0533105 0.571106 9.9991E-05 0.032292 0.133304 0.020176 0.161711 0.0280005
0.012008 0.518721 9.9991E-05 0.0173186 0.323794 0.0428428 0.0711963 0.0140192
0.0111108 0.59475 0.014643 0.142617 0.0751745 9.9982E-05 9.9982E-05 0.161505
0.0337143 0.629389 0.0378278 0.0938958 0.0863772 0.00458051 9.9991E-05 0.114116
9.9973E-05 0.541713 0.0576639 0.151718 0.237225 9.9973E-05 0.0113811 9.9973E-05
0.0290476 0.518399 0.0479787 0.0994486 0.0629534 0.192009 9.9991E-05 0.0500638
9.9982E-05 0.426382 0.142204 0.204571 0.159277 9.9982E-05 0.050369 0.0169969
0.0534282 0.320832 0.0275148 0.112114 0.218355 0.219268 9.9991E-05 0.0483883
9.9991E-05 0.606625 0.0667704 0.108847 0.156108 0.0424481 0.0164111 0.00269036
0.0241421 0.708198 9.9973E-05 0.15862 0.098922 9.9973E-05 9.9973E-05 0.00981824
0.0058211 0.303116 9.9991E-05 0.123449 0.383324 0.0353375 0.142455 0.00639875
9.9991E-05 0.148203 0.0258777 0.162691 0.206354 0.283971 0.123177 0.0496258
9.9982E-05 0.565914 9.9982E-05 0.0994744 0.157063 0.112934 0.0472306 0.0171844
9.9982E-05 0.0283583 0.0476345 0.35791 0.299177 0.0838484 0.182872 9.9982E-05
0.0065765 0.253202 9.9991E-05 0.0809556 0.410077 0.0377599 0.159323 0.0520052
9.9973E-05 0.416525 9.9973E-05 0.0785872 0.333712 9.9973E-05 0.148379 0.022496
0.0274812 0.313316 9.9982E-05 0.0421827 0.416656 9.9982E-05 0.186149 0.0140152
9.9982E-05 0.259301 0.0501002 0.084805 0.453872 0.0185942 0.133128 9.9982E-05
0.0253456 0.608241 0.0196198 0.0608724 0.15349 9.9991E-05 0.0844048 0.0479266
9.9982E-05 0.614134 0.0701944 0.0959136 0.110068 9.9982E-05 0.0426769 0.0668126
0.0280199 0.525421 9.9991E-05 0.0536262 0.116763 0.0458695 0.138258 0.0919426
9.9982E-05 0.170114 0.0788918 0.0868332 0.295078 0.227135 0.141747 9.9982E-05
9.9973E-05 0.567531 9.9973E-05 0.0759154 9.9973E-05 0.00507388 0.135408 0.215772
0.0587971 0.439282 0.0934934 0.109698 0.00757173 0.207639 0.0834178 9.9991E-05
0.0497263 9.9982E-05 9.9982E-05 0.166448 0.0981487 0.424579 0.183098 0.0777999
0.00591697 0.580354 0.0422557 0.100818 9.9991E-05 0.0822422 0.115822 0.0724917
9.9991E-05 0.293586 0.076639 0.14029 0.000464785 0.181253 0.211883 0.0957849
0.0258971 0.509219 0.0567585 0.106208 9.9982E-05 0.242916 9.9982E-05 0.0588014
0.0257462 0.240525 9.9991E-05 0.0980233 0.109662 0.354547 0.161297 0.0100993
0.0141674 0.227814 9.9982E-05 0.0506994 0.174011 0.427699 0.10541 9.9982E-05
0.0174478 0.440582 9.9982E-05 0.253023 0.155255 0.121184 9.9982E-05 0.0123091
9.9982E-05 0.565745 0.000760423 0.0672248 0.104241 0.180271 9.9982E-05 0.0815583
0.0334714 0.424502 0.0187639 0.0393541 9.9991E-05 0.131685 0.188949 0.163174
0.0049649 0.0216482 0.162309 0.216774 0.0651423 0.352799 0.152163 0.0241988
0.0260975 0.584067 0.0662941 0.00892898 0.153153 0.0868312 9.9991E-05 0.0745283
9.9964E-05 0.340355 9.9964E-05 9.9964E-05 0.134153 0.295262 0.229831 9.9964E-05
9.9973E-05 0.456325 9.9973E-05 0.120053 0.0973223 0.120718 0.205281 9.9973E-05
9.9982E-05 0.559068 9.9982E-05 0.122118 0.0842602 0.0341873 0.0640853 0.136081
0.0580522 0.193659 0.215512 0.0642358 0.0215635 0.193172 9.9991E-05 0.253706
0.0410054 9.9964E-05 0.118192 9.9964E-05 9.9964E-05 0.421935 9.9964E-05 0.418468
0.0503199 9.9964E-05 0.14961 9.9964E-05 9.9964E-05 0.440773 9.9964E-05 0.358897
9.9964E-05 0.0893598 0.326654 9.9964E-05 9.9964E-05 0.246074 9.9964E-05 0.337512
9.9964E-05 0.696476 9.9964E-05 0.0161228 9.9964E-05 0.242574 0.0444269 9.9964E-05
9.9991E-05 0.594507 0.0317677 0.122178 0.0621908 0.0144913 0.0788322 0.095933
9.9955E-05 0.311122 0.646671 9.9955E-05 9.9955E-05 9.9955E-05 0.0417074 9.9955E-05
0.0664009 0.316905 0.404995 0.0217642 0.0832927 9.9991E-05 0.0805026 0.0260393
0.0297662 0.440093 0.29683 0.05853 0.0549919 0.00498939 9.9991E-05 0.114699
0.00968447 0.332286 0.000485411 0.1831 0.0243887 0.33805 0.111905 9.9991E-05
9.9982E-05 0.443394 0.0349393 0.00684075 9.9982E-05 0.182131 0.224646 0.107849
9.9964E-05 0.268173 9.9964E-05 0.192646 0.0396802 0.499101 9.9964E-05 9.9964E-05
9.9991E-05 0.622161 0.00138144 0.0669412 0.0350328 0.191088 0.0762109 0.00708432
0.00889476 0.442285 0.0239574 0.206691 9.9991E-05 0.189913 0.11016 0.0179995
0.0135323 0.608259 0.00735272 0.0386849 0.0449866 0.261899 0.0251856 9.9991E-05
9.9973E-05 0.201018 9.9973E-05 0.122283 0.0471703 0.546478 0.0827509 9.9973E-05
9.9982E-05 0.634645 0.0597851 0.139766 0.0591221 0.0780715 9.9982E-05 0.0284105
9.9991E-05 0.547694 0.0214598 0.0742359 0.0374895 0.135457 0.0518219 0.131742
9.9955E-05 9.9955E-05 0.959363 0.0325943 9.9955E-05 9.9955E-05 0.00754325 9.9955E-05
9.9955E-05 0.0796852 0.898064 9.9955E-05 0.021751 9.9955E-05 9.9955E-05 9.9955E-05
9.9982E-05 0.233698 0.57405 0.0255344 0.016682 9.9982E-05 0.0768283 0.0730068
9.9955E-05 0.318273 0.655925 9.9955E-05 9.9955E-05 9.9955E-05 9.9955E-05 0.0253027
9.9964E-05 0.117235 0.834938 9.9964E-05 9.9964E-05 0.00975202 0.0376757 9.9964E-05
9.994E-05 9.994E-05 0.9993 9.994E-05 9.994E-05 9.994E-05 9.994E-05 9.994E-05
0.00424302 9.9955E-05 0.987104 0.00815369 9.9955E-05 9.9955E-05 9.9955E-05 9.9955E-05
9.9946E-05 0.164484 0.834917 9.9946E-05 9.9946E-05 9.9946E-05 9.9946E-05 9.9946E-05
9.9955E-05 0.0636933 0.930837 9.9955E-05 0.00496951 9.9955E-05 9.9955E-05 9.9955E-05
9.994E-05 9.994E-05 0.9993 9.994E-05 9.994E-05 9.994E-05 9.994E-05 9.994E-05
0.0118832 9.9946E-05 0.987517 9.9946E-05 9.9946E-05 9.9946E-05 9.9946E-05 9.9946E-05
0.0563529 0.107972 0.769834 0.0654414 9.9964E-05 9.9964E-05 9.9964E-05 9.9964E-05
9.9973E-05 0.157196 0.741995 9.9973E-05 9.9973E-05 0.0343353 0.0125172 0.053656
9.9946E-05 9.9946E-05 0.959505 9.9946E-05 9.9946E-05 9.9946E-05 0.0398957 9.9946E-05
0.0364739 0.341426 0.424206 0.0153436 0.100565 0.00106837 0.0771634 0.00375331
0.016386 0.172721 0.675618 0.0163176 0.109859 0.00889932 9.9982E-05 9.9982E-05
0.0364623 0.19542 0.714875 9.9973E-05 9.9973E-05 9.9973E-05 0.00149901 0.051444
0.0688708 0.0905639 0.823227 9.9964E-05 0.0169381 9.9964E-05 9.9964E-05 9.9964E-05
9.9946E-05 0.0580269 0.941373 9.9946E-05 9.9946E-05 9.9946E-05 9.9946E-05 9.9946E-05
9.9973E-05 0.0901222 0.844932 0.0172804 0.00750585 9.9973E-05 9.9973E-05 0.0398602
9.994E-05 9.994E-05 0.9993 9.994E-05 9.994E-05 9.994E-05 9.994E-05 9.994E-05
0.00431029 0.211825 0.591667 0.0908477 0.0878119 9.9982E-05 9.9982E-05 0.0133386
9.9973E-05 0.0444089 0.870662 9.9973E-05 0.043815 9.9973E-05 0.0280487 0.0127657
9.9964E-05 9.9964E-05 0.0748393 9.9964E-05 9.9964E-05 0.644487 0.011091 0.269183
0.0127977 0.391353 0.0975856 9.9991E-05 0.110643 0.283154 0.0164246 0.087942
9.9982E-05 0.459903 0.00340549 9.9982E-05 0.0834622 0.200949 0.00304008 0.24904
0.0290237 0.201107 0.0948233 0.0698817 9.9982E-05 0.469041 9.9982E-05 0.135923
0.00704971 0.44789 0.159731 0.0978158 9.9991E-05 0.145169 0.0189586 0.123285
0.055317 0.216657 0.0935826 0.0520101 9.9982E-05 0.438947 9.9982E-05 0.143286
0.04262 0.416443 9.9991E-05 0.0205057 0.0782874 0.190553 0.0771208 0.174371
9.9973E-05 0.394306 0.107254 9.9973E-05 9.9973E-05 0.431233 0.0130595 0.0538486
0.0490561 0.485343 0.0836801 0.0396577 9.9991E-05 0.171684 0.0595951 0.110885
0.0529637 0.299699 0.218502 0.027257 9.9982E-05 0.311828 9.9982E-05 0.0895509
0.0545923 0.4129 0.123702 0.0548427 0.0629749 0.176028 0.0343222 0.080638
9.9964E-05 0.046009 9.9964E-05 9.9964E-05 0.0390491 0.0380405 9.9964E-05 0.876502
0.0431247 9.9973E-05 0.0618148 0.0207609 9.9973E-05 9.9973E-05 0.00340769 0.870592
0.0282847 9.9955E-05 9.9955E-05 9.9955E-05 0.0437418 9.9955E-05 9.9955E-05 0.927474
0.0384515 0.0141092 9.9964E-05 9.9964E-05 0.0195635 9.9964E-05 9.9964E-05 0.927476
0.127669 0.0471649 9.9973E-05 9.9973E-05 0.0196261 0.00579842 9.9973E-05 0.799442
0.0575332 9.9964E-05 0.0627633 0.0577251 9.9964E-05 9.9964E-05 9.9964E-05 0.821579
0.0767531 0.0208455 0.0752667 9.9964E-05 9.9964E-05 9.9964E-05 9.9964E-05 0.826735
0.0439626 9.9964E-05 9.9964E-05 0.0430261 0.0195902 9.9964E-05 9.9964E-05 0.893021
0.0309017 0.0511287 0.0231207 0.0209223 9.9982E-05 9.9982E-05 0.000363615 0.873363
0.0188482 9.9973E-05 0.10263 9.9973E-05 0.0117423 0.0719694 9.9973E-05 0.79451
0.0905391 9.9973E-05 9.9973E-05 0.0575682 0.211858 9.9973E-05 0.102175 0.53756
0.0634228 9.9973E-05 9.9973E-05 0.000286419 0.311798 9.9973E-05 0.0850209 0.539172
0.10131 9.9982E-05 9.9982E-05 0.0806275 0.268261 0.106374 0.0216234 0.421604
9.9964E-05 9.9964E-05 9.9964E-05 9.9964E-05 0.316356 0.0438934 0.136437 0.502914
0.0100501 0.475731 9.9982E-05 0.0128856 0.116735 9.9982E-05 0.329854 0.0545446
9.9991E-05 0.45835 0.0537983 0.0493998 0.0716728 0.0317378 0.301574 0.0333673
0.0102681 0.514165 0.0342194 0.044901 0.177144 0.0274652 0.191737 9.9991E-05
0.0111599 0.354609 9.9982E-05 0.0204324 0.243493 9.9982E-05 0.287328 0.082777
9.9982E-05 0.0906396 0.0121786 0.0317692 0.54793 0.0287439 0.288539 9.9982E-05
9.9982E-05 0.538332 0.0659252 0.0767656 0.0350715 9.9982E-05 0.207148 0.0765571
9.9991E-05 0.512403 0.0239585 0.0203535 0.0972064 0.00421529 0.331521 0.0102422
0.0196828 0.456398 0.0356342 0.0580969 0.0729633 0.0485033 0.308621 9.9991E-05
9.9973E-05 0.247469 0.0957885 0.03064 9.9973E-05 0.0166427 0.60916 9.9973E-05
0.0152668 0.646218 9.9982E-05 0.146219 0.0251072 9.9982E-05 0.0940186 0.0729705
9.9982E-05 0.386212 0.00956889 0.0296981 0.20095 0.043719 0.329651 9.9982E-05
9.9955E-05 9.9955E-05 9.9955E-05 0.197973 0.0511895 9.9955E-05 0.750338 9.9955E-05
0.0274922 0.513387 0.0129342 0.0140629 0.190178 0.0756347 0.144257 0.0220536
0.00259872 0.245168 9.9982E-05 0.179111 9.9982E-05 0.107436 0.43363 0.0318552
0.0339202 0.46158 9.9973E-05 0.0639493 9.9973E-05 9.9973E-05 0.438897 0.00135437
0.00405827 0.0839749 9.9973E-05 9.9973E-05 0.182522 9.9973E-05 0.703298 0.0258471
9.9955E-05 9.9955E-05 9.9955E-05 9.9955E-05 0.740353 0.159 9.9955E-05 0.100147
9.9964E-05 0.0805838 9.9964E-05 9.9964E-05 0.667446 0.139724 9.9964E-05 0.111846
0.00272165 9.9973E-05 9.9973E-05 0.0389377 0.805916 0.0656272 9.9973E-05 0.0864971
9.9964E-05 9.9964E-05 9.9964E-05 0.0264214 0.81984 0.0270198 9.9964E-05 0.126319
0.0123019 0.0339186 0.0198309 0.0128339 0.773781 0.147134 9.9982E-05 9.9982E-05
9.9973E-05 0.0814775 0.0618109 9.9973E-05 0.722933 0.0294342 9.9973E-05 0.104045
0.064698 0.103388 0.00744022 9.9964E-05 9.9964E-05 9.9964E-05 9.9964E-05 0.824073
9.9964E-05 0.0733313 0.039852 9.9964E-05 0.0610468 9.9964E-05 9.9964E-05 0.82537
0.0467973 0.178935 0.0677912 9.9964E-05 9.9964E-05 9.9964E-05 9.9964E-05 0.706077
0.0111762 0.0210992 0.154274 9.9973E-05 0.0714194 9.9973E-05 9.9973E-05 0.741732
0.0153857 0.123201 0.0533346 9.9973E-05 0.0373609 9.9973E-05 9.9973E-05 0.770417
0.0453866 9.9964E-05 9.9964E-05 9.9964E-05 0.47078 0.0942249 9.9964E-05 0.389208
0.0121114 9.9982E-05 9.9982E-05 0.0743334 0.418345 0.0168519 0.033934 0.444224
0.0345485 9.9973E-05 9.9973E-05 0.125132 0.4206 9.9973E-05 0.0323288 0.387091
0.9993 9.994E-05 9.994E-05 9.994E-05 9.994E-05 9.994E-05 9.994E-05 9.994E-05
0.0271442 9.9973E-05 9.9973E-05 0.091374 0.405626 9.9973E-05 0.103207 0.372349
9.9964E-05 0.271713 0.363697 9.9964E-05 9.9964E-05 0.173365 9.9964E-05 0.190825
0.0757933 0.479924 0.245141 0.0625359 0.0510787 0.0277925 0.0166476 0.0410866
0.0182399 0.544891 0.255724 0.00168918 9.9973E-05 9.9973E-05 9.9973E-05 0.179156
0.00600132 0.40365 0.205222 0.0443452 9.9982E-05 0.117472 9.9982E-05 0.22311
0.0882103 0.443573 0.146948 0.0231341 0.123769 0.00192821 0.0969468 0.0754905
9.9955E-05 9.9955E-05 0.292097 9.9955E-05 9.9955E-05 0.278523 9.9955E-05 0.42888
0.0251628 0.425282 9.9991E-05 0.149595 0.271101 0.0033798 0.107384 0.0179951
9.9973E-05 0.318952 9.9973E-05 0.278892 0.239779 0.128993 0.0330835 9.9973E-05
0.0391567 0.263811 0.0222405 0.00692024 0.530454 9.9991E-05 0.0937148 0.0436037
0.00291881 0.481795 9.9982E-05 0.248125 0.154448 9.9982E-05 0.104754 0.00776009
9.9964E-05 9.9964E-05 9.9964E-05 0.445564 0.126035 0.226051 0.20195 9.9964E-05
0.0539395 0.524523 0.0789872 0.0434148 0.143993 0.126827 0.0282161 9.9991E-05
0.02925 0.441004 9.9991E-05 0.235675 0.224276 0.0374325 0.0176135 0.014649
0.0214279 0.333131 9.9973E-05 9.9973E-05 0.428167 9.9973E-05 0.197446 0.0195289
0.0310978 0.546722 9.9991E-05 0.0643162 0.10469 0.0721202 0.0456506 0.135304
9.9973E-05 0.121026 9.9973E-05 0.106192 0.278801 0.285218 0.208464 9.9973E-05
0.0120931 0.417767 0.0612661 0.156429 0.193783 0.144804 0.013758 9.9991E-05
0.00365451 0.546866 9.9982E-05 0.0580662 0.302244 0.0669207 0.0220482 9.9982E-05
0.00576582 0.344475 0.232396 9.9991E-05 0.13867 0.02759 0.150081 0.100922
9.9973E-05 0.358664 9.9973E-05 0.318854 0.254254 0.0472632 0.020665 9.9973E-05
9.9982E-05 0.395836 0.0458663 0.123396 0.282505 9.9982E-05 0.121432 0.0307656
9.9982E-05 0.478655 0.106495 0.143162 0.119077 0.0712078 0.081204 9.9982E-05
9.9982E-05 0.562479 9.9982E-05 0.0803252 0.143352 0.0192909 0.133484 0.0608691
9.9982E-05 0.616366 0.0254155 0.129639 0.179425 9.9982E-05 0.00303536 0.0459195
0.0474296 0.370373 0.119472 0.0743582 0.183594 9.9991E-05 0.178953 0.0257196
0.0255161 0.562675 0.0816375 9.9982E-05 0.203011 0.120584 9.9982E-05 0.00637592
9.9955E-05 0.149393 0.0541382 9.9955E-05 9.9955E-05 9.9955E-05 9.9955E-05 0.79597
9.9973E-05 0.0652731 0.0143611 0.0229583 9.9973E-05 9.9973E-05 0.0284535 0.868654
9.9982E-05 0.085235 0.00838164 9.9982E-05 0.0599776 0.0233773 0.039236 0.783593
0.0393985 9.9982E-05 0.0590492 0.0424549 0.00669693 9.9982E-05 0.0850395 0.767161
0.0795342 0.134515 0.00248945 9.9964E-05 9.9964E-05 9.9964E-05 9.9964E-05 0.783062
9.9991E-05 0.0547535 0.107501 0.022143 0.649415 0.0172941 0.13629 0.0125039
0.0214393 0.472118 0.0310059 0.219097 0.0828315 0.00986 0.143112 0.0205359
0.0105586 0.462723 0.0971837 0.0201681 9.9982E-05 0.175456 9.9982E-05 0.23371
9.9982E-05 0.624778 0.0657324 0.090859 0.167312 0.0217324 0.0293858 9.9982E-05
0.00549606 0.40717 0.120887 0.0187295 0.346302 9.9982E-05 0.101216 9.9982E-05
0.00297518 0.24553 0.0847197 0.196995 0.335495 0.134085 9.9982E-05 9.9982E-05
0.0814552 9.9973E-05 9.9973E-05 9.9973E-05 0.578266 0.0596158 0.206155 0.0742084
0.0107933 0.523302 0.015386 9.9982E-05 0.360752 0.0287099 0.0608574 9.9982E-05
0.0324616 0.149361 0.0296335 0.140287 0.467009 0.0324646 0.0781468 0.0706364
9.9982E-05 0.530143 0.046745 0.19553 9.9982E-05 0.173693 0.0065948 0.0470943
0.0622592 0.147703 9.9991E-05 0.129073 0.435753 0.0175584 0.112495 0.0950583
0.0571575 0.587533 0.0419129 9.9991E-05 0.123164 0.0785847 0.0418788 0.0696683
0.0190602 0.185455 9.9991E-05 0.105046 0.529367 0.0235567 0.0653291 0.0720857
0.0115107 0.276022 0.108319 0.0744655 0.350264 0.13065 0.0486686 9.9991E-05
0.029106 0.434805 0.00750398 0.00731879 0.175743 0.16935 0.113872 0.0623009
9.9964E-05 0.296974 9.9964E-05 0.114115 0.0955569 0.492955 9.9964E-05 9.9964E-05
9.9973E-05 0.573586 9.9973E-05 9.9973E-05 0.044744 0.231866 0.120235 0.0292691
0.0436779 0.54118 0.0335407 0.000463526 0.0239776 0.0529407 0.174342 0.129878
9.9973E-05 0.343904 9.9973E-05 0.132588 0.0736422 0.40179 0.047776 9.9973E-05
0.000799168 0.494434 0.00171324 0.0956298 0.01716 0.222305 0.144484 0.0234751
0.010559 0.523497 9.9982E-05 0.129385 0.0305801 0.285696 9.9982E-05 0.0200835
9.9973E-05 0.122438 9.9973E-05 0.208442 0.0730723 0.492227 0.103521 9.9973E-05
9.9973E-05 0.286549 9.9973E-05 0.0462834 0.030301 0.587555 0.0490116 9.9973E-05
9.9964E-05 0.506355 9.9964E-05 0.0913029 0.0777232 0.324219 9.9964E-05 9.9964E-05
9.9973E-05 0.178396 9.9973E-05 0.0907615 0.12911 0.376791 0.224642 9.9973E-05
9.9964E-05 0.459697 9.9964E-05 9.9964E-05 0.0794544 0.282417 0.178032 9.9964E-05
0.0436135 0.101791 0.0322846 0.0363173 0.589626 0.0549469 0.141321 9.9991E-05
9.9964E-05 0.225878 9.9964E-05 0.331568 0.287538 9.9964E-05 0.154617 9.9964E-05
0.0306141 0.329079 0.082758 0.117828 0.361091 9.9991E-05 0.0530833 0.025447
9.9982E-05 0.600468 0.106384 9.9982E-05 0.130947 0.0465862 0.108349 0.00706569
9.9973E-05 0.176182 0.0468315 0.0548636 0.523371 9.9973E-05 0.198453 9.9973E-05
0.0575799 0.35123 0.128862 0.218 0.0910053 0.0531076 0.100115 9.9991E-05
0.0269815 0.572453 0.0990262 0.0272821 0.176458 9.9991E-05 0.0735124 0.0241873
0.0122871 0.563059 0.0263435 9.9991E-05 0.264557 0.0757728 0.0219006 0.0359796
9.9964E-05 0.386352 0.11452 0.144106 0.354622 9.9964E-05 9.9964E-05 9.9964E-05
9.9973E-05 0.312722 0.0939854 9.9973E-05 0.371905 9.9973E-05 0.215542 0.0055448
9.9973E-05 0.117517 0.123514 0.00109224 0.553623 9.9973E-05 0.203954 9.9973E-05
0.0109424 0.359147 0.0723319 0.0380359 0.454112 9.9982E-05 0.0652307 9.9982E-05
9.9973E-05 0.654912 9.9973E-05 0.0756973 0.232809 0.000748357 0.0355333 9.9973E-05
0.00791553 0.658457 9.9991E-05 0.0707939 0.153271 0.0188841 0.0226803 0.0678973
0.033363 0.426258 9.9982E-05 0.0485873 0.217018 0.166566 0.108008 9.9982E-05
9.9991E-05 0.51247 0.0734382 0.108783 0.245899 0.00912105 0.00448194 0.0457064
0.0242619 0.356878 0.0753624 9.9982E-05 0.420771 0.120511 0.00201485 9.9982E-05
9.9973E-05 0.632076 9.9973E-05 0.0967758 0.17082 9.9973E-05 0.0741687 0.02586
9.9982E-05 0.558724 0.0196092 0.063017 0.275574 9.9982E-05 0.0101304 0.0727449
0.00711982 0.432142 0.151047 0.0571753 0.183625 0.0863148 0.0307726 0.0518045
0.0251231 0.357771 0.136666 9.9991E-05 0.0176847 0.111344 0.0705809 0.28073
0.069693 0.407595 0.151568 0.0736852 9.9991E-05 0.0562233 0.103558 0.137578
0.0461742 0.476509 0.101515 0.0227842 0.0548876 0.154177 0.034874 0.109079
0.022501 0.556646 0.140121 0.0528411 0.1085 0.0484945 0.0493267 0.0215685
0.00734409 0.529712 0.157216 0.0114768 0.0614657 0.0554414 9.9991E-05 0.177244
0.00649885 0.455508 9.9982E-05 0.254952 0.216849 0.0437209 0.0222719 9.9982E-05
0.0423214 0.532788 0.134426 0.0461776 0.00888015 9.9991E-05 0.0815667 0.153739
9.9991E-05 0.0147651 0.133462 0.0845173 0.0148522 0.359691 0.151328 0.241284
0.0323041 0.54348 0.138412 9.9991E-05 0.139081 0.0392159 0.0380603 0.0693472
0.00860024 0.511564 0.131739 0.061481 0.0646168 9.9991E-05 0.0541012 0.167798
0.0432207 0.412809 0.283303 0.0766362 0.0523516 0.029605 0.0630024 0.0390726
0.0310478 0.26069 0.125799 0.0498535 0.0697013 0.196441 0.100254 0.166214
9.9973E-05 0.545973 0.108101 9.9973E-05 9.9973E-05 0.147928 0.0456643 0.152033
0.093694 0.559919 0.122763 0.0854473 9.9982E-05 0.0548272 9.9982E-05 0.083149
0.0417375 9.9973E-05 0.182981 0.0720549 9.9973E-05 0.278651 9.9973E-05 0.424275
0.0116451 0.500489 0.164481 0.10729 0.0119153 0.0211909 9.9991E-05 0.182889
0.025935 0.501493 0.209957 0.104301 9.9982E-05 9.9982E-05 0.0763912 0.0817231
9.9973E-05 0.612669 0.0703472 0.0564792 9.9973E-05 0.123308 9.9973E-05 0.136897
9.9973E-05 0.45441 0.222507 0.0729286 9.9973E-05 0.0915971 9.9973E-05 0.158258
0.0488702 0.535365 0.122974 0.0700454 9.9991E-05 0.0178701 0.0217069 0.183068
0.0526045 0.430856 0.0571185 0.39141 0.0344767 0.0130425 0.0201125 0.000379239
0.0366277 0.439259 0.073615 0.233741 0.0681525 0.0676202 0.0341901 0.0467953
9.9955E-05 9.9955E-05 9.9955E-05 0.848266 0.0697371 9.9955E-05 0.0814969 9.9955E-05
9.9964E-05 9.9964E-05 9.9964E-05 0.892095 0.0421179 9.9964E-05 0.0424044 0.022983
0.0479569 0.389054 0.0742235 0.409725 9.9973E-05 9.9973E-05 9.9973E-05 0.0787415
9.9973E-05 0.468342 0.24425 0.0881862 9.9973E-05 0.0800603 9.9973E-05 0.118862
0.0238771 0.357453 0.295854 0.240937 9.9973E-05 9.9973E-05 9.9973E-05 0.0815779
0.0484544 0.190192 0.308708 0.150834 9.9982E-05 0.169277 9.9982E-05 0.132335
0.0659269 0.310515 0.27498 0.137731 9.9982E-05 0.0738211 9.9982E-05 0.136826
0.00711539 9.9973E-05 0.128567 0.656506 9.9973E-05 0.193872 9.9973E-05 0.0136394
0.0384987 0.0854089 0.0994113 0.648623 9.9982E-05 0.0727715 9.9982E-05 0.0550869
0.0149359 0.461396 0.13384 0.374553 9.9973E-05 9.9973E-05 9.9973E-05 0.0149756
9.9973E-05 0.300405 0.170827 0.459714 9.9973E-05 9.9973E-05 0.0333833 0.0353706
0.0252579 0.0878689 0.111567 0.725631 9.9973E-05 9.9973E-05 9.9973E-05 0.0493758
0.0183137 0.505331 0.087199 0.316514 0.032721 9.9982E-05 9.9982E-05 0.0397217
0.0453606 0.447575 0.0968302 0.367129 9.9982E-05 0.0303004 9.9982E-05 0.0126056
9.9982E-05 0.329726 0.16765 0.319571 0.0133067 0.0744399 9.9982E-05 0.0951071
9.9964E-05 0.308828 9.9964E-05 0.548542 0.109138 9.9964E-05 0.0330916 9.9964E-05
0.061245 0.275878 0.0411996 0.423083 0.0301538 0.0535802 0.114761 9.9991E-05
0.0850145 0.504651 9.9982E-05 0.281681 0.0728722 9.9982E-05 0.0494937 0.0060875
0.0259067 0.393655 9.9982E-05 0.386438 0.109322 0.0641584 9.9982E-05 0.0203206
0.0219575 0.386961 0.120965 0.208208 0.0800355 0.0635072 0.0441147 0.074252
0.00589815 0.434897 9.9973E-05 0.430572 9.9973E-05 0.116143 0.0121902 9.9973E-05
9.9964E-05 0.217425 9.9964E-05 0.716428 0.0621136 0.00363379 9.9964E-05 9.9964E-05
9.9973E-05 0.51892 0.0287576 0.341973 9.9973E-05 0.0480432 0.0620063 9.9973E-05
0.00292581 0.501595 0.0755921 0.14123 0.0443157 0.0235449 0.0991849 0.111611
9.9964E-05 0.163512 0.00112399 0.799338 0.0356258 9.9964E-05 9.9964E-05 9.9964E-05
0.0239318 0.432921 9.9973E-05 0.530716 9.9973E-05 0.00977767 9.9973E-05 0.00235323
0.0615844 0.518043 9.9973E-05 0.263721 0.0829526 9.9973E-05 0.073399 9.9973E-05
0.042411 0.393751 0.0527269 0.43473 0.0547113 9.9982E-05 0.0214705 9.9982E-05
0.0968244 0.50967 0.122608 0.0489527 0.0162558 0.0318525 0.0436469 0.130189
0.00914647 0.349812 0.158518 0.210413 0.136387 9.9991E-05 0.0494587 0.086165
0.0278903 0.270743 0.278438 0.0758897 0.0807474 0.132219 9.9991E-05 0.133973
0.0766183 0.340709 0.201324 0.0780738 0.0942039 0.0987263 9.9991E-05 0.110245
9.9982E-05 0.392917 0.17729 0.115958 0.115171 9.9982E-05 0.0799005 0.118564
0.0935183 0.402206 0.133873 0.23595 9.9973E-05 9.9973E-05 9.9973E-05 0.134153
0.0352754 9.9973E-05 0.0793654 0.65601 9.9973E-05 0.0425042 9.9973E-05 0.186545
0.0292921 0.550119 0.210059 0.0998661 0.0622158 0.0169188 9.9991E-05 0.0314299
9.9964E-05 9.9964E-05 0.0696505 0.469449 9.9964E-05 0.0702326 9.9964E-05 0.390268
9.9964E-05 0.477912 0.20209 0.292735 9.9964E-05 9.9964E-05 9.9964E-05 0.0268632
9.9955E-05 0.065524 9.9955E-05 0.737924 9.9955E-05 9.9955E-05 0.196052 9.9955E-05
9.9946E-05 9.9946E-05 9.9946E-05 0.866515 9.9946E-05 9.9946E-05 0.132885 9.9946E-05
0.0146299 0.409494 9.9964E-05 0.48636 9.9964E-05 9.9964E-05 0.0891159 9.9964E-05
0.064537 0.529256 9.9955E-05 0.405707 9.9955E-05 9.9955E-05 9.9955E-05 9.9955E-05
9.9973E-05 0.390612 9.9973E-05 0.508674 0.0367307 0.0206139 0.0430693 9.9973E-05
9.9964E-05 0.395393 9.9964E-05 0.413509 9.9964E-05 9.9964E-05 0.130295 0.0604038
9.9973E-05 0.513003 0.0468654 0.419687 9.9973E-05 9.9973E-05 0.0169971 0.00314761
0.0914663 0.0472261 0.0614673 0.085792 9.9973E-05 9.9973E-05 9.9973E-05 0.713748
0.0689924 9.9982E-05 0.102585 0.000784622 0.110797 9.9982E-05 0.00110396 0.715538
0.045902 9.9964E-05 0.0863402 9.9964E-05 0.0598496 9.9964E-05 9.9964E-05 0.807508
0.156363 0.0431045 9.9964E-05 0.00781343 9.9964E-05 9.9964E-05 9.9964E-05 0.792319
0.0479016 0.393641 0.0310087 0.0420758 0.139961 0.0293555 0.315957 9.9991E-05
9.9973E-05 0.489134 0.0361259 0.000472188 9.9973E-05 9.9973E-05 0.38394 0.0900281
0.0244242 0.389388 9.9973E-05 0.0741854 0.00435177 9.9973E-05 0.50735 9.9973E-05
9.9973E-05 0.535327 0.0388318 9.9973E-05 0.0445685 9.9973E-05 0.2769 0.104073
9.9973E-05 0.612269 9.9973E-05 9.9973E-05 0.0526233 0.112664 0.169328 0.0528154
9.9991E-05 0.167445 0.0186628 0.0731171 0.0772888 0.0587167 0.577819 0.0268503
0.0480386 0.462925 0.0442041 9.9982E-05 0.000707819 9.9982E-05 0.413063 0.0308616
0.0444202 0.286957 9.9973E-05 0.142535 9.9973E-05 0.0597112 0.466077 9.9973E-05
9.9982E-05 0.41748 0.166033 0.119037 0.0842523 0.000659372 9.9982E-05 0.212338
9.9982E-05 0.37082 0.041667 0.0756423 0.038944 0.0962931 0.376433 9.9982E-05
0.0432497 0.303572 9.9964E-05 9.9964E-05 0.100997 9.9964E-05 0.551782 9.9964E-05
9.9964E-05 0.556847 9.9964E-05 0.049727 0.0229992 9.9964E-05 0.370027 9.9964E-05
9.9973E-05 0.352876 0.00407347 0.0803155 0.0338285 9.9973E-05 0.528607 9.9973E-05
9.9964E-05 0.554048 0.00716294 0.14243 9.9964E-05 9.9964E-05 0.29596 9.9964E-05
0.0370993 0.504499 9.9973E-05 0.00895883 9.9973E-05 9.9973E-05 0.354935 0.0942081
9.9946E-05 9.9946E-05 9.9946E-05 0.0941281 9.9946E-05 9.9946E-05 0.905272 9.9946E-05
9.9973E-05 0.240558 0.0398412 0.0409194 9.9973E-05 0.0760408 0.602341 9.9973E-05
0.00416794 0.290752 9.9973E-05 0.0945849 0.0382566 9.9973E-05 0.571938 9.9973E-05
9.9955E-05 9.9955E-05 9.9955E-05 0.0718399 9.9955E-05 0.132898 0.794762 9.9955E-05
9.9982E-05 0.376975 0.0225386 0.059747 0.101413 9.9982E-05 0.41081 0.0283175
9.9964E-05 0.0812712 9.9964E-05 0.0280572 9.9964E-05 0.257933 0.632339 9.9964E-05
9.9955E-05 9.9955E-05 9.9955E-05 0.15369 9.9955E-05 0.174084 0.671727 9.9955E-05
0.0852652 0.55903 0.0118446 0.0102504 9.9973E-05 9.9973E-05 0.33331 9.9973E-05
0.0183008 0.137588 9.9982E-05 0.019515 0.16853 9.9982E-05 0.642218 0.0136488
9.9973E-05 0.328679 0.0666997 9.9973E-05 0.0514694 9.9973E-05 0.524609 0.028243
9.9991E-05 0.492361 0.110202 0.0255309 0.0472495 0.0206818 0.230786 0.0730883
9.9964E-05 0.445615 9.9964E-05 9.9964E-05 0.161647 9.9964E-05 0.377932 0.0144063
0.014908 0.350074 0.0512046 0.140063 0.254791 0.135039 0.0538211 9.9991E-05
9.9973E-05 0.457984 9.9973E-05 0.127219 0.0642768 9.9973E-05 0.332118 0.0181023
0.0301348 0.410217 0.0554656 9.9982E-05 0.0453474 9.9982E-05 0.407374 0.0512608
0.0255202 0.315698 9.9964E-05 9.9964E-05 9.9964E-05 0.035881 0.622501 9.9964E-05
0.00593464 0.477928 0.0823144 0.0141303 0.0882279 0.0943798 0.236985 9.9991E-05
0.0656334 9.9964E-05 9.9964E-05 9.9964E-05 0.287022 0.0927991 9.9964E-05 0.554145
0.0940378 9.9982E-05 0.0140583 9.9982E-05 0.0590049 0.027598 0.12794 0.677161
0.155312 9.9964E-05 9.9964E-05 9.9964E-05 0.117803 0.0797061 9.9964E-05 0.646779
0.102053 9.9964E-05 9.9964E-05 9.9964E-05 0.10701 9.9964E-05 0.0456357 0.744902
0.0687314 0.021169 9.9973E-05 9.9973E-05 0.177905 0.0184406 9.9973E-05 0.713454
9.9973E-05 0.158766 0.0371693 9.9973E-05 0.114988 9.9973E-05 0.632473 0.056303
0.0076703 0.124021 9.9982E-05 9.9982E-05 0.109219 0.0303685 0.683105 0.0454164
9.9964E-05 0.123039 9.9964E-05 0.0791462 9.9964E-05 0.0281793 0.769235 9.9964E-05
0.0637478 0.481973 0.151667 9.9991E-05 0.0306686 0.00817433 0.237032 0.0266374
0.0123773 0.558633 0.0264368 0.0115875 0.0502131 0.0506019 0.210564 0.0795863
0.0402971 0.23114 0.0187159 0.0354621 9.9991E-05 0.0563427 0.566405 0.0515375
0.00462467 0.610453 0.0319689 0.0322524 0.0221869 9.9991E-05 0.28869 0.00972372
9.9982E-05 0.40989 0.00563023 0.0224924 9.9982E-05 0.0525619 0.420017 0.0892084
0.0187537 0.577782 9.9982E-05 0.0502021 0.0227584 0.0613314 0.268972 9.9982E-05
9.9991E-05 0.556148 0.0559074 0.000923576 0.0615243 0.055473 0.232862 0.0370616
9.9973E-05 0.192001 0.0520868 9.9973E-05 0.149684 0.0353434 0.570585 9.9973E-05
0.0100507 0.336431 9.9964E-05 9.9964E-05 0.077582 9.9964E-05 0.575536 9.9964E-05
0.00664209 0.334816 9.9964E-05 9.9964E-05 0.13218 9.9964E-05 0.525962 9.9964E-05
0.0171206 0.582579 9.9982E-05 9.9982E-05 0.0318458 0.245999 0.000755436 0.1215
0.0373688 0.365424 9.9964E-05 9.9964E-05 0.039185 9.9964E-05 0.557622 9.9964E-05
9.9973E-05 0.419671 0.0171739 9.9973E-05 0.0318952 9.9973E-05 0.46954 0.0614202
9.9964E-05 0.464014 0.394081 9.9964E-05 0.0766835 0.0648211 9.9964E-05 9.9964E-05
0.0633502 0.356236 0.398446 0.00639407 9.9991E-05 0.100639 0.00884735 0.0659877
0.041127 0.390483 0.406679 0.078257 0.0126814 0.00678856 0.0147305 0.0492533
0.0443389 0.285446 0.415906 0.0428781 9.9982E-05 0.0788486 9.9982E-05 0.132383
0.0173495 0.433706 0.333634 0.0620844 0.0158709 0.0507141 9.9991E-05 0.0865405
9.9964E-05 0.517891 9.9964E-05 9.9964E-05 9.9964E-05 0.153833 0.30109 0.0267866
0.0482927 0.0363087 0.674955 9.9973E-05 9.9973E-05 0.0387187 9.9973E-05 0.201425
0.0194692 0.315493 0.470244 9.9991E-05 0.0157029 0.0397914 0.0190675 0.120132
0.0228246 0.453209 0.0656097 0.0619346 9.9991E-05 0.248514 0.0346545 0.113154
0.0697816 0.571221 9.9964E-05 9.9964E-05 0.0921126 0.266485 9.9964E-05 9.9964E-05
0.0118732 0.427424 9.9982E-05 0.0356464 0.0936656 0.373788 9.9982E-05 0.0574031
0.00189884 0.614448 9.9982E-05 9.9982E-05 0.115427 0.171016 0.0156983 0.0813129
0.0245844 0.644913 9.9982E-05 9.9982E-05 0.0252506 0.173384 0.0567364 0.0749318
0.0695993 0.347301 0.4056 9.9964E-05 9.9964E-05 9.9964E-05 9.9964E-05 0.1771
0.0387301 0.40319 0.350887 9.9982E-05 0.0882245 0.0424184 9.9982E-05 0.07635
0.0354623 0.491492 0.392193 0.0210725 9.9982E-05 0.0183475 9.9982E-05 0.041233
0.0811522 0.390584 0.305755 0.0547384 0.0630566 9.9991E-05 0.00192082 0.102693
0.0252893 0.279502 0.480699 0.0142983 9.9991E-05 0.0746026 0.0326655 0.0928434
0.0290347 0.380742 0.347667 9.9973E-05 9.9973E-05 9.9973E-05 0.156684 0.0855728
0.056117 0.14109 0.608333 0.108654 0.0486053 0.0231917 9.9991E-05 0.0139088
9.9973E-05 0.387798 0.401804 9.9973E-05 9.9973E-05 0.105938 0.0455918 0.0585688
0.000199876 0.52498 9.99874E-05 9.99874E-05 0.0483253 0.336869 0.0712372 0.0181883
9.9982E-05 0.375636 0.300897 0.00636616 0.0214853 0.12368 9.9982E-05 0.171736
9.9964E-05 0.153422 0.631496 9.9964E-05 9.9964E-05 0.0596253 9.9964E-05 0.155057
0.0135236 0.336763 0.397707 0.0282539 0.028621 0.0403954 0.0580705 0.0966657
0.0185483 0.20662 9.9982E-05 9.9982E-05 0.207894 0.397816 0.076546 0.0923755
0.0334264 0.58919 0.0294364 9.9973E-05 0.0309274 0.31672 9.9973E-05 9.9973E-05
9.9991E-05 0.413801 0.241226 0.0141075 0.0276867 0.0522214 0.018664 0.232193
0.0281496 0.625371 0.0302022 9.9973E-05 0.115743 0.200235 9.9973E-05 9.9973E-05
0.086583 0.528295 9.9973E-05 9.9973E-05 9.9973E-05 0.310351 0.0400332 0.0344384
9.9973E-05 0.366061 0.1777 9.9973E-05 9.9973E-05 0.182655 0.0893827 0.183902
0.00311828 0.366381 0.237134 0.12906 9.9982E-05 0.0177587 9.9982E-05 0.246348
0.0812733 0.576645 0.011874 9.9991E-05 0.0564474 0.165018 0.0694674 0.0391745
0.0476757 0.346316 0.305511 9.9982E-05 9.9982E-05 0.130021 0.0881829 0.0820934
0.0415951 0.382461 0.429456 0.0244497 0.0320892 9.9991E-05 0.00458016 0.0852692
0.0361665 0.193913 0.522405 9.9973E-05 9.9973E-05 0.0706536 9.9973E-05 0.176561
0.0393106 0.647188 9.9964E-05 9.9964E-05 9.9964E-05 0.171651 9.9964E-05 0.14145
0.0313914 0.488327 9.9982E-05 9.9982E-05 0.114285 0.26489 0.0422238 0.0586828
0.0283342 0.258532 9.9982E-05 0.0288541 0.00262266 0.673639 0.00781752 9.9982E-05
0.00358266 0.538706 0.0955611 9.9982E-05 0.181272 0.0520225 9.9982E-05 0.128656
9.9991E-05 0.389617 0.068676 0.00486573 0.20692 0.199792 0.0681293 0.0619002
0.0237496 0.473348 0.103895 9.9991E-05 0.0174858 0.176969 0.0453979 0.159056
0.101806 0.433105 0.104572 0.0514244 0.0981755 0.157949 0.0528676 9.9991E-05
9.9955E-05 9.9955E-05 0.175722 9.9955E-05 9.9955E-05 0.589476 9.9955E-05 0.234302
0.0687182 9.9964E-05 0.123715 9.9964E-05 9.9964E-05 0.730916 9.9964E-05 0.0762507
0.0157692 0.288294 0.151415 0.03452 9.9991E-05 0.392091 0.0349582 0.0828524
