0.0223423 0.886971 9.9964E-05 9.9964E-05 0.0364233 9.9964E-05 9.9964E-05 0.0538634
9.9964E-05 0.892711 0.0421349 9.9964E-05 0.0449023 9.9964E-05 9.9964E-05 0.0198518
0.0467467 0.829534 9.9973E-05 9.9973E-05 9.9973E-05 0.020106 0.0870266 0.0162865
0.0913655 0.754394 9.9964E-05 9.9964E-05 9.9964E-05 9.9964E-05 0.0629404 0.0909
0.0457027 0.822547 0.0520579 9.9973E-05 9.9973E-05 9.9973E-05 0.044421 0.0349715
0.0693261 0.555508 9.9982E-05 0.0965757 0.0755962 9.9982E-05 0.062424 0.14037
9.9973E-05 0.788586 9.9973E-05 0.116907 9.9973E-05 0.00977064 0.0392866 0.04515
0.00791684 0.682497 0.0329446 0.109192 9.9973E-05 9.9973E-05 9.9973E-05 0.16715
9.99639E-05 0.823428 9.99639E-05 0.0453633 0.0554065 9.99639E-05 9.99639E-05 0.0754019
0.053331 0.698634 0.0297362 0.0829383 9.9982E-05 9.9982E-05 0.0884881 0.0466721
0.00183847 0.671842 9.9982E-05 0.0612671 0.0513632 9.9982E-05 0.0310789 0.18241
0.00609475 9.9973E-05 9.9973E-05 9.9973E-05 0.0568972 0.800031 0.135643 0.00103369
0.0747496 9.9982E-05 0.00785472 9.9982E-05 0.0686064 0.438125 0.400012 0.0104528
0.0352697 0.0339675 0.0344078 9.9973E-05 9.9973E-05 0.785236 0.110819 9.9973E-05
0.152092 9.9982E-05 0.0263243 0.0534512 9.9982E-05 0.596792 0.147061 0.0240797
0.153182 0.065634 0.0116764 0.0383336 0.119055 0.38841 0.223609 9.9991E-05
0.048245 0.0660402 0.114447 9.9973E-05 9.9973E-05 0.263585 0.507383 9.9973E-05
0.124338 9.9991E-05 0.0753316 0.0331692 0.159759 0.256595 0.322077 0.0286297
0.0312906 0.138098 9.9964E-05 9.9964E-05 9.9964E-05 0.575684 0.254527 9.9964E-05
9.9964E-05 0.0465753 9.9964E-05 0.048173 9.9964E-05 0.834197 9.9964E-05 0.0706547
0.0789259 0.00640102 9.9991E-05 0.0748749 0.108175 0.409779 0.275755 0.0459897
0.0853093 9.9991E-05 0.0643439 0.187593 0.0263534 0.269877 0.342758 0.023665
9.9973E-05 0.0823112 0.0412225 9.9973E-05 0.0397492 0.352908 0.483509 9.9973E-05
0.0969493 9.9964E-05 9.9964E-05 0.0380889 9.9964E-05 0.725035 0.139527 9.9964E-05
0.037064 0.0607889 0.00718023 0.0618374 9.9991E-05 0.194912 0.590594 0.0475226
0.0617123 0.0390977 9.9973E-05 0.0376647 9.9973E-05 0.422996 0.438229 9.9973E-05
0.12317 0.0206536 9.9964E-05 9.9964E-05 0.0359703 0.819807 9.9964E-05 9.9964E-05
0.182 9.9955E-05 9.9955E-05 9.9955E-05 9.9955E-05 0.801836 0.0156638 9.9955E-05
9.9982E-05 0.00966451 0.0852238 0.0814409 0.0215633 0.691723 0.110185 9.9982E-05
0.0841951 0.815765 9.9955E-05 9.9955E-05 9.9955E-05 9.9955E-05 0.0995398 9.9955E-05
9.9955E-05 0.838025 9.9955E-05 9.9955E-05 9.9955E-05 0.00118799 0.160287 9.9955E-05
0.0167999 0.783345 9.9973E-05 9.9973E-05 0.00150231 9.9973E-05 0.184481 0.0135725
0.11207 0.732382 9.9964E-05 9.9964E-05 0.0477406 9.9964E-05 0.107408 9.9964E-05
9.9982E-05 0.0284875 0.145628 9.9982E-05 0.160525 0.118745 0.453207 0.0932079
0.0105433 0.0607128 0.0499104 9.9982E-05 0.313087 0.117116 0.448431 9.9982E-05
9.9964E-05 0.0921147 9.9964E-05 0.00367524 0.394859 9.9964E-05 0.508951 9.9964E-05
9.9982E-05 0.0697446 9.9982E-05 0.039532 0.0220936 0.707284 0.0634264 0.0977195
0.0197883 0.00643956 0.0824916 9.9982E-05 0.548133 0.0403224 0.302625 9.9982E-05
0.0328841 0.104658 0.165212 9.9982E-05 0.0728289 0.187084 0.437134 9.9982E-05
0.00307333 0.00971874 0.0170732 9.9991E-05 0.22558 0.0974495 0.626285 0.0207193
9.999E-05 0.067389 0.0401986 0.132724 0.100356 0.0341786 0.583047 0.0420062
9.9982E-05 0.101096 9.9982E-05 0.117448 0.0556179 0.0649276 0.527729 0.132981
9.9973E-05 0.0279754 9.9973E-05 0.0282626 0.63771 0.264457 0.0412949 9.9973E-05
9.9982E-05 0.0156744 9.9982E-05 0.247231 0.0119631 0.13433 0.58113 0.00947213
0.00135785 0.0959792 0.0509769 0.0692844 0.158177 0.045099 0.579026 9.9991E-05
0.137718 0.0317701 0.0176835 0.0579226 0.188043 9.9991E-05 0.50327 0.0634934
9.9955E-05 9.9955E-05 0.126521 9.9955E-05 0.605131 9.9955E-05 0.267848 9.9955E-05
0.00131587 0.0826871 0.037587 0.0404441 0.172026 9.9982E-05 0.66574 9.9982E-05
0.00674927 0.152397 0.00504266 0.0978765 0.0426603 0.0518477 0.557122 0.0863049
9.9973E-05 0.0428791 0.00138998 0.307247 0.608132 0.0400521 9.9973E-05 9.9973E-05
9.9982E-05 9.9982E-05 0.0965048 0.0755292 0.180884 0.434804 0.109547 0.102532
0.00703181 0.0508985 0.114929 0.255322 0.206283 0.365336 9.9982E-05 9.9982E-05
0.0836748 0.0664305 0.0738123 0.0346121 0.060355 0.208829 0.472187 9.9991E-05
0.0537544 0.0614251 0.0319773 0.0647558 9.9982E-05 0.197822 0.590066 9.9982E-05
0.0835173 0.0300578 9.9991E-05 0.137724 0.0828348 0.00148637 0.594842 0.0694383
0.00146992 0.0591905 0.0320694 0.105517 0.255443 0.341496 0.0877831 0.117031
9.9982E-05 9.9982E-05 0.0183806 0.0831046 0.0592206 0.129404 0.580805 0.128885
0.0456154 0.088225 0.0200127 0.0457727 0.0591258 0.213795 0.527353 9.9991E-05
0.015611 0.116196 0.0662006 0.0400186 0.115312 0.220876 0.342844 0.0829413
0.0339549 0.191639 0.0765594 0.0899055 0.104455 0.474302 9.9991E-05 0.0290849
9.9982E-05 0.0609034 0.0338266 0.0437353 0.0847174 0.239409 0.537209 9.9982E-05
0.0445358 0.0417276 0.0583394 0.0168226 0.035301 0.407995 0.338827 0.0564518
9.9973E-05 0.0258547 9.9973E-05 0.0835787 0.165579 0.572086 9.9973E-05 0.152601
9.9973E-05 9.9973E-05 0.0377117 0.00274344 0.0465032 0.49082 0.421922 9.9973E-05
0.0955104 9.9991E-05 0.109564 0.00808285 0.156078 0.0711931 0.53839 0.0210816
0.0166575 0.0823467 9.9982E-05 0.165328 9.9982E-05 0.148404 0.564553 0.0225106
0.0485084 0.0702531 0.0641746 0.0384537 0.158981 0.42532 0.194209 9.9991E-05
0.0834498 0.0128881 0.0546842 0.0778897 0.0484239 0.345149 0.372729 0.00478554
0.0692403 0.0498114 0.00248323 0.100395 0.0502108 0.0203912 0.588278 0.11919
9.9991E-05 0.0306051 0.0790497 0.103361 0.0323224 0.57975 0.0947195 0.0800919
9.9955E-05 9.9955E-05 9.9955E-05 9.9955E-05 0.367211 0.0964446 0.535844 9.9955E-05
9.9964E-05 9.9964E-05 9.9964E-05 9.9964E-05 0.661154 0.192606 0.131976 0.0138638
0.0572916 0.123491 0.0895284 9.9991E-05 0.198144 0.0570367 0.463501 0.0109081
9.9955E-05 9.9955E-05 0.0231196 0.161246 0.815134 9.9955E-05 9.9955E-05 9.9955E-05
9.9964E-05 9.9964E-05 0.0833038 0.126333 0.712708 0.0772552 9.9964E-05 9.9964E-05
9.9946E-05 9.9946E-05 9.9946E-05 9.9946E-05 0.697441 9.9946E-05 0.30196 9.9946E-05
9.9964E-05 9.9964E-05 9.9964E-05 0.0014556 0.47738 9.9964E-05 0.455593 0.0651718
9.9982E-05 0.158397 0.0288047 0.0134051 0.2043 9.9982E-05 0.575526 0.0193671
0.0703726 0.00904493 0.0104057 9.9982E-05 0.496998 0.0770507 0.335928 9.9982E-05
0.0916732 0.0238932 9.9973E-05 9.9973E-05 0.713557 0.0664174 9.9973E-05 0.104159
0.00876598 9.9973E-05 9.9973E-05 9.9973E-05 0.49956 0.0518949 0.24275 0.196729
0.0607 0.0634272 0.159415 9.9982E-05 0.172309 0.0810787 0.46287 9.9982E-05
0.0340082 0.027322 9.9982E-05 9.9982E-05 0.562671 0.0536299 0.321095 0.0010731
9.9973E-05 9.9973E-05 0.0012182 9.9973E-05 0.464315 0.157166 0.362663 0.0143383
9.9964E-05 0.0131333 9.9964E-05 0.0899444 0.540622 9.9964E-05 0.3559 9.9964E-05
9.9964E-05 9.9964E-05 0.0999514 0.224038 0.674524 9.9964E-05 9.9964E-05 0.00108632
0.00665091 9.9982E-05 0.0237307 0.0914897 0.261691 9.9982E-05 0.588176 0.0280617
0.012613 0.795888 9.9982E-05 9.9982E-05 0.0284377 0.0456774 0.10914 0.00804354
9.9946E-05 0.893926 9.9946E-05 9.9946E-05 9.9946E-05 9.9946E-05 0.105474 9.9946E-05
0.0557144 0.838848 9.9964E-05 9.9964E-05 9.9964E-05 9.9964E-05 0.0948063 0.010231
9.9955E-05 0.90613 9.9955E-05 0.0288649 9.9955E-05 9.9955E-05 0.0645057 9.9955E-05
0.0357287 0.83912 0.00209584 9.9973E-05 0.0531274 9.9973E-05 0.0696283 9.9973E-05
0.0527156 0.858231 0.0436004 9.9964E-05 9.9964E-05 9.9964E-05 0.0450529 9.9964E-05
9.99551E-05 0.914195 9.99551E-05 0.030858 9.99551E-05 9.99551E-05 0.0544471 9.99551E-05
0.0383782 0.118513 9.9982E-05 0.000595126 0.212235 9.9982E-05 0.560259 0.0698198
9.9991E-05 0.155592 0.0901967 0.0101326 0.115041 0.048986 0.564896 0.0150561
9.9964E-05 0.0275521 0.0544884 9.9964E-05 0.747099 0.170461 9.9964E-05 9.9964E-05
0.039666 0.0981147 9.9982E-05 0.0112574 0.259617 9.9982E-05 0.540067 0.0510775
9.9973E-05 0.0610105 9.9973E-05 9.9973E-05 0.427332 0.0935317 0.377903 0.0399233
0.0559309 0.0670012 0.0780901 9.9973E-05 0.342998 9.9973E-05 0.45568 9.9973E-05
9.9982E-05 0.0298881 0.0959212 0.0632035 0.213496 0.127707 0.469584 9.9982E-05
0.0650241 0.0394754 0.0547652 9.9982E-05 0.406475 9.9982E-05 0.428634 0.00542628
9.9973E-05 0.0352792 0.000687348 9.9973E-05 0.699864 0.186224 9.9973E-05 0.0776453
9.9991E-05 0.0931348 0.112827 0.0359556 0.0309401 0.105183 0.597809 0.02405
9.9982E-05 0.0276251 0.0538545 9.9982E-05 0.155834 0.0913787 0.636665 0.0344427
0.0718545 0.0598069 9.9982E-05 9.9982E-05 0.132833 0.0948136 0.51208 0.128411
0.0471863 9.9973E-05 0.0632636 0.162058 0.520665 9.9973E-05 0.206528 9.9973E-05
9.9964E-05 9.9964E-05 0.0546055 0.032885 0.47463 9.9964E-05 0.43748 9.9964E-05
0.00213416 0.0394892 9.9973E-05 9.9973E-05 0.39742 0.250666 0.30999 9.9973E-05
0.0632854 9.9973E-05 0.00186938 9.9973E-05 0.624183 0.0077534 0.302609 9.9973E-05
0.00685162 0.119862 9.9982E-05 9.9982E-05 0.452646 0.026097 0.369132 0.0252109
0.0584344 0.0826857 0.0192851 9.9991E-05 0.152524 0.196702 0.483391 0.0068787
0.0201468 0.0305947 0.2368 0.00750911 0.0240927 0.531029 0.102736 0.0470923
0.0730109 0.0944438 9.9991E-05 0.0389712 0.0388583 0.296288 0.330696 0.127631
9.9982E-05 0.15118 9.9982E-05 0.100633 0.0275739 0.231804 0.45908 0.0295291
9.9982E-05 0.0968511 0.103809 0.065015 0.030308 0.172886 0.530931 9.9982E-05
9.9982E-05 0.0667976 0.0573056 9.9982E-05 0.00320615 0.440802 0.415938 0.0157502
9.9982E-05 0.0311215 0.0473175 9.9982E-05 0.0300584 0.232535 0.506875 0.151893
9.9964E-05 9.9964E-05 0.0205433 9.9964E-05 9.9964E-05 0.438876 0.402539 0.137642
0.0620667 0.0240084 0.0644322 0.106335 0.157835 0.209832 0.37539 9.9991E-05
0.0950774 9.9991E-05 0.0239011 0.123592 0.0394299 0.15155 0.545714 0.0206359
9.9973E-05 0.0404104 0.123022 0.0507328 9.9973E-05 0.227695 0.55784 9.9973E-05
9.9973E-05 9.9973E-05 0.0075868 9.9973E-05 0.026095 0.378819 0.465843 0.121357
0.0114421 0.00893201 0.102006 0.0723388 0.0891495 0.0339273 0.547064 0.13514
0.11267 0.0260041 0.0554252 0.0373884 0.128577 0.232658 0.407177 9.9991E-05
0.0326224 9.9964E-05 0.0752595 9.9964E-05 9.9964E-05 0.324981 0.566737 9.9964E-05
0.0442677 0.0485088 0.139289 0.0658712 9.9982E-05 9.9982E-05 0.56708 0.134783
0.0824406 9.9973E-05 9.9973E-05 0.0903089 9.9973E-05 0.194634 0.492549 0.139767
9.9973E-05 0.0643773 9.9973E-05 0.0929751 9.9973E-05 0.458251 0.351941 0.0321559
0.105554 0.0231275 0.00460366 0.026542 9.9982E-05 0.281447 0.558526 9.9982E-05
9.9991E-05 0.0767859 0.108004 0.0171219 0.0109812 0.12988 0.633334 0.0237936
0.0441349 9.9982E-05 0.0158254 9.9982E-05 0.164047 0.449401 0.183297 0.143095
0.0549661 0.00773455 0.205097 0.134993 0.102733 0.382488 0.0456397 0.0663491
0.0783136 0.00360385 0.0483869 0.0707908 0.000753872 0.103861 0.552104 0.142187
0.0328377 9.9991E-05 0.33163 0.128637 0.123764 0.188621 0.0415667 0.152843
9.9982E-05 0.0554013 9.9982E-05 0.0456602 0.155321 0.487615 0.162129 0.0936738
9.9991E-05 0.0141704 0.0399903 0.00120577 0.14152 0.344102 0.363931 0.0949808
9.9982E-05 0.0231867 0.0307238 9.9982E-05 0.0461497 0.460589 0.29301 0.146141
0.00896619 9.9982E-05 9.9982E-05 0.0442217 0.0363395 0.605109 0.21825 0.0869146
0.0922729 0.0462703 9.9982E-05 0.0398068 0.072812 0.241069 0.50757 9.9982E-05
0.100125 0.0693747 0.0756255 0.0398201 0.0305966 0.024223 0.51174 0.148495
0.00928307 0.105115 0.0920697 9.9982E-05 9.9982E-05 0.296195 0.484266 0.012872
0.0472525 9.9991E-05 0.0952776 0.190134 0.0630095 0.360619 0.11867 0.124937
0.0490834 0.128148 0.0815375 0.0820263 0.0723158 9.9991E-05 0.538778 0.0480111
0.0942815 0.0216208 9.9982E-05 0.307433 9.9982E-05 0.0679302 0.449939 0.0585951
9.9982E-05 0.127681 0.164327 0.401915 0.148961 0.0509364 9.9982E-05 0.10598
0.00418459 0.102477 0.0100091 0.0772646 0.126337 9.9982E-05 0.679528 9.9982E-05
0.0357423 0.0684038 0.0745219 0.222764 0.201698 0.00685783 0.313786 0.0762256
0.0640234 0.0938517 0.169015 0.137329 0.039517 0.0329699 0.42887 0.0344231
9.9991E-05 0.0722516 0.00559361 0.372618 0.0978993 0.0342545 0.296847 0.120436
9.9991E-05 0.00819068 0.122722 0.418527 0.112082 0.0728139 0.191621 0.0739439
9.9982E-05 0.017603 0.134332 0.201083 0.0669723 9.9982E-05 0.410101 0.169709
0.0343955 0.0791365 0.0574849 0.198999 0.0253105 0.109865 0.479335 0.0154726
0.0700389 0.0959658 0.0325006 0.0921889 0.264152 9.9991E-05 0.403462 0.0415917
0.145467 0.0215301 0.0454812 0.371712 0.266975 0.130386 9.9991E-05 0.0183495
0.00454445 0.00225481 0.0929993 0.095575 0.11409 0.147632 0.503321 0.0395835
9.9982E-05 9.9982E-05 0.0197055 0.276045 0.1641 0.143025 0.344481 0.0524435
9.9982E-05 9.9982E-05 0.115682 0.1452 0.194005 0.119811 0.415003 0.0100982
9.9991E-05 0.0975426 0.00204552 0.0991734 0.16567 0.00704108 0.580442 0.0479854
0.235584 0.322975 9.9991E-05 0.261155 0.0014642 0.0194894 0.157703 0.0015299
0.163637 0.503632 9.9955E-05 0.332231 9.9955E-05 9.9955E-05 9.9955E-05 9.9955E-05
0.130969 0.402051 9.9955E-05 0.46648 9.9955E-05 9.9955E-05 9.9955E-05 9.9955E-05
0.268677 0.390087 9.9973E-05 0.185449 9.9973E-05 0.034688 0.120798 9.9973E-05
9.99551E-05 9.99551E-05 9.99551E-05 0.224276 0.120196 9.99551E-05 0.655028 9.99551E-05
0.00683557 0.115487 9.9982E-05 0.145319 0.174511 9.9982E-05 0.502964 0.0546832
0.701392 9.9964E-05 0.00368716 9.9964E-05 9.9964E-05 0.0513299 0.243191 9.9964E-05
0.396963 9.9964E-05 9.9964E-05 9.9964E-05 9.9964E-05 0.212859 0.387446 0.00233254
0.367303 0.0834222 0.00441304 9.9991E-05 0.0632981 0.0376233 0.412931 0.030909
9.9973E-05 9.9973E-05 0.103459 0.48173 0.0366843 0.0582614 0.319565 9.9973E-05
0.0591013 0.0462332 0.0537392 0.119056 0.032326 9.9991E-05 0.553898 0.135546
9.9973E-05 9.9973E-05 0.0910787 0.548033 0.0936913 0.0959592 0.170938 9.9973E-05
0.0335589 9.9991E-05 0.0767071 0.152484 0.0491021 0.0956757 0.5341 0.0582717
9.9991E-05 0.0285826 0.184948 0.221124 0.0859167 0.0641972 0.402685 0.0124456
0.0355569 9.9982E-05 0.0616152 0.233343 0.0220653 9.9982E-05 0.609259 0.0379606
9.9982E-05 9.9982E-05 0.156708 0.456529 0.0446722 0.0919121 0.230094 0.0198851
0.135732 0.0308669 0.0641507 0.0923099 0.131753 0.0246971 0.498615 0.0218755
0.0852097 0.0821465 0.0304556 0.061003 0.217696 9.9991E-05 0.449267 0.0741219
0.925764 0.0185525 9.99656E-05 9.99656E-05 0.0358908 9.99656E-05 0.0193933 9.99656E-05
0.885194 9.9964E-05 0.0303249 9.9964E-05 9.9964E-05 0.000757582 0.083324 9.9964E-05
0.568624 0.0520488 0.00994057 9.9982E-05 0.0400666 0.109623 0.219497 9.9982E-05
0.654419 9.9964E-05 0.0522704 9.9964E-05 9.9964E-05 9.9964E-05 0.275579 0.0173321
0.826781 9.9964E-05 9.9964E-05 0.0456012 9.9964E-05 0.0605873 0.0666303 9.9964E-05
0.9993 9.994E-05 9.994E-05 9.994E-05 9.994E-05 9.994E-05 9.994E-05 9.994E-05
0.974597 9.9955E-05 0.000735518 9.9955E-05 9.9955E-05 9.9955E-05 9.9955E-05 0.0241679
0.838394 9.9946E-05 9.9946E-05 9.9946E-05 9.9946E-05 9.9946E-05 0.161006 9.9946E-05
0.919108 9.9964E-05 9.9964E-05 9.9964E-05 9.9964E-05 0.0250365 0.0543323 0.00112311
0.9993 9.994E-05 9.994E-05 9.994E-05 9.994E-05 9.994E-05 9.994E-05 9.994E-05
0.9993 9.994E-05 9.994E-05 9.994E-05 9.994E-05 9.994E-05 9.994E-05 9.994E-05
0.762593 0.0546127 9.9964E-05 9.9964E-05 9.9964E-05 9.9964E-05 0.164755 0.0176393
0.834267 0.00753202 0.0198765 9.9982E-05 9.9982E-05 0.0390029 0.0519845 0.0471369
0.976742 9.9955E-05 9.9955E-05 9.9955E-05 0.0125172 9.9955E-05 9.9955E-05 0.0102406
0.313572 0.0892296 9.9982E-05 0.0828001 9.9982E-05 0.0867531 0.325932 0.101514
0.631517 9.9973E-05 0.0221601 9.9973E-05 9.9973E-05 0.0699974 0.212704 0.0633213
0.726349 0.0327545 9.9982E-05 0.0109752 0.0118479 9.9982E-05 0.214995 0.00287858
0.826067 9.9964E-05 9.9964E-05 9.9964E-05 9.9964E-05 0.0425058 0.118105 0.0129228
0.99047 9.9946E-05 9.9946E-05 9.9946E-05 9.9946E-05 9.9946E-05 0.00893057 9.9946E-05
0.845319 0.0389824 9.9973E-05 9.9973E-05 0.0240133 9.9973E-05 0.0480972 0.0432877
0.9993 9.994E-05 9.994E-05 9.994E-05 9.994E-05 9.994E-05 9.994E-05 9.994E-05
0.63438 0.0552844 0.0095241 9.9982E-05 0.0593439 9.9982E-05 0.159047 0.0822202
0.896517 9.9973E-05 9.9973E-05 9.9973E-05 0.00990989 0.039679 0.0272662 0.0263278
0.0370197 0.278307 9.9964E-05 0.665146 9.9964E-05 0.0191278 9.9964E-05 9.9964E-05
0.0185647 0.15065 9.9973E-05 0.251563 9.9973E-05 9.9973E-05 0.436124 0.142798
0.0573503 0.177836 9.9982E-05 0.260209 0.0923759 9.9982E-05 0.342959 0.0690697
0.106203 0.163693 9.9973E-05 0.450417 9.9973E-05 9.9973E-05 0.206841 0.0725467
0.143352 0.0661307 9.9982E-05 0.22478 9.9982E-05 0.0624864 0.452093 0.0509582
0.0882238 0.209365 0.06642 0.382801 0.0578133 9.9982E-05 0.195177 9.9982E-05
0.00720557 0.234759 0.0351342 0.103207 0.0222608 0.109461 0.46379 0.024183
0.192446 0.0785532 9.9973E-05 0.355251 0.0869349 9.9973E-05 0.286515 9.9973E-05
0.200269 0.102215 9.9973E-05 0.204191 0.0788687 9.9973E-05 0.414155 9.9973E-05
0.213599 0.0873832 9.9964E-05 0.377274 9.9964E-05 9.9964E-05 0.321345 9.9964E-05
9.9964E-05 0.228253 9.9964E-05 0.156297 0.129028 9.9964E-05 0.486023 9.9964E-05
9.9973E-05 0.802322 9.9973E-05 0.0635575 0.0172367 9.9973E-05 0.0376402 0.0789436
0.0404344 0.908984 0.0498191 9.9964E-05 9.9964E-05 9.9964E-05 9.9964E-05 0.00036266
9.9973E-05 0.942532 9.9973E-05 0.00832068 0.00834312 9.9973E-05 0.0142824 0.026222
9.9973E-05 0.895526 9.9973E-05 0.0393793 0.00647136 9.9973E-05 0.0195862 0.0387373
0.0474923 0.851282 9.9973E-05 0.0353883 9.9973E-05 0.0167148 9.9973E-05 0.0488228
0.092312 0.898403 0.00878483 9.9955E-05 9.9955E-05 9.9955E-05 9.9955E-05 9.9955E-05
0.0501789 0.904976 9.9955E-05 9.9955E-05 9.9955E-05 9.9955E-05 0.044345 9.9955E-05
9.9991E-05 0.880524 0.0161497 0.0440293 0.0320542 0.00238374 0.015506 0.00925354
9.9973E-05 0.898377 0.050188 9.9973E-05 0.0220995 0.00828974 0.020746 9.9973E-05
0.0824168 0.814298 9.9973E-05 0.0468814 9.9973E-05 0.0558067 9.9973E-05 0.000297344
9.9973E-05 0.617931 0.113316 9.9973E-05 0.0453156 0.138602 9.9973E-05 0.0845354
9.9955E-05 0.554209 9.9955E-05 9.9955E-05 9.9955E-05 0.226578 9.9955E-05 0.218714
9.9973E-05 0.510542 0.0836701 0.0906768 9.9973E-05 0.18524 9.9973E-05 0.129572
9.9973E-05 0.480053 0.0278372 9.9973E-05 0.0141332 0.297489 9.9973E-05 0.180187
9.9982E-05 0.0572055 0.0702214 9.9982E-05 0.168471 0.21468 0.467891 0.0213314
9.9982E-05 0.0765526 0.0727255 9.9982E-05 0.231084 0.0980879 0.487705 0.033645
0.0649991 9.9991E-05 0.0476841 0.057707 0.157333 0.150986 0.449087 0.0721032
9.9991E-05 0.0690123 0.025663 0.0275873 0.257647 0.321442 0.264244 0.0343047
9.9973E-05 9.9973E-05 0.00594389 9.9973E-05 0.0349982 0.655591 0.0720295 0.231137
0.107858 0.00648508 0.0998036 9.9991E-05 0.183906 0.0839786 0.471582 0.0462871
9.9973E-05 9.9973E-05 0.0245126 9.9973E-05 0.26668 0.0438896 0.567713 0.0969046
9.9982E-05 9.9982E-05 0.0380989 0.0913062 0.242129 0.11447 0.475053 0.0387432
0.00596525 9.9973E-05 0.0224734 9.9973E-05 0.581811 9.9973E-05 0.35974 0.0297104
0.0485424 9.9964E-05 9.9964E-05 9.9964E-05 0.108226 9.9964E-05 0.669338 0.173494
0.0367044 9.9982E-05 0.0197302 9.9982E-05 0.34391 0.159131 0.338552 0.101772
9.9973E-05 9.9973E-05 0.219213 0.0121527 0.706662 0.0331237 9.9973E-05 0.0285485
9.9982E-05 0.0608702 9.9982E-05 0.0470463 0.188784 0.12603 0.525626 0.051444
9.9982E-05 0.0197332 0.0714219 0.124863 0.567163 0.0164119 0.200206 9.9982E-05
0.0032116 9.9991E-05 0.0491812 0.0301757 0.360751 0.0860661 0.467219 0.00329471
9.9982E-05 0.027967 0.0194954 9.9982E-05 0.672409 0.211626 0.0311231 0.0371795
9.9964E-05 0.0901613 9.9964E-05 0.0775162 9.9964E-05 9.9964E-05 0.0487438 0.783179
0.0169854 9.9964E-05 9.9964E-05 0.0729862 9.9964E-05 9.9964E-05 0.0615377 0.848091
9.9946E-05 9.9946E-05 0.077894 9.9946E-05 9.9946E-05 9.9946E-05 9.9946E-05 0.921506
9.99703E-05 0.0693907 0.0949177 0.000320792 9.99703E-05 9.99703E-05 9.99703E-05 0.834971
0.0515113 9.9982E-05 0.0457526 0.0689473 0.0166642 0.000553249 9.9982E-05 0.816371
0.0395375 9.9955E-05 9.9955E-05 9.9955E-05 9.9955E-05 9.9955E-05 0.0966407 0.863322
9.9955E-05 0.878927 9.9955E-05 9.9955E-05 0.0182164 9.9955E-05 0.102356 9.9955E-05
0.0252912 0.819132 9.9964E-05 9.9964E-05 9.9964E-05 9.9964E-05 0.0710261 0.0841508
0.0671473 0.753877 9.9955E-05 9.9955E-05 9.9955E-05 9.9955E-05 0.178476 9.9955E-05
0.0739146 0.734978 9.9973E-05 9.9973E-05 9.9973E-05 0.0586457 0.0806356 0.0515265
0.0433734 0.808649 9.9964E-05 9.9964E-05 9.9964E-05 0.0615124 0.0860654 9.9964E-05
9.9973E-05 0.41491 9.9973E-05 0.0494152 0.00432288 0.061159 9.9973E-05 0.469893
9.9973E-05 0.414583 0.0723758 0.0192386 0.0986443 9.9973E-05 9.9973E-05 0.394858
0.000961069 0.423905 0.144123 9.9973E-05 0.0108027 9.9973E-05 9.9973E-05 0.419908
9.9955E-05 0.811434 9.9955E-05 9.9955E-05 9.9955E-05 0.0421459 0.14592 9.9955E-05
0.0068845 0.376877 0.092869 9.9973E-05 0.0159242 9.9973E-05 9.9973E-05 0.507145
0.304842 0.192651 9.9973E-05 0.194394 9.9973E-05 9.9973E-05 0.256306 0.0515074
0.229204 0.114285 9.9991E-05 0.0231607 0.0836327 0.00293817 0.507476 0.0392045
0.307673 0.159383 9.9964E-05 0.0105285 9.9964E-05 9.9964E-05 0.522015 9.9964E-05
0.204564 0.244599 9.9991E-05 0.0651722 0.111424 0.0393666 0.308075 0.0266981
0.186691 0.162421 0.030989 9.9991E-05 0.0361181 0.0103919 0.449851 0.123439
0.304953 0.425213 0.0111265 0.258308 9.9964E-05 9.9964E-05 9.9964E-05 9.9964E-05
9.9991E-05 0.00608081 0.0172684 0.0130372 0.0622509 0.329649 0.395854 0.17576
9.9982E-05 9.9982E-05 0.175126 0.134362 0.0366713 0.232908 0.313387 0.107347
9.9982E-05 0.131072 0.0121448 0.00919181 9.9982E-05 0.509785 0.183797 0.153809
0.0241074 9.9991E-05 0.19811 0.0448067 0.0315149 0.139771 0.488657 0.0729326
9.9964E-05 9.9964E-05 0.413776 0.283359 0.123181 0.179284 9.9964E-05 9.9964E-05
0.0464637 0.0352722 0.101382 0.116926 0.0631891 0.207598 0.387573 0.0415963
9.9991E-05 0.0204986 0.239404 0.060423 0.0688114 0.150779 0.432373 0.027612
9.9982E-05 0.0155075 0.0151562 9.9982E-05 0.123247 0.631589 0.193273 0.021027
0.0682226 9.9991E-05 0.0322658 0.108715 0.0720058 0.23573 0.465267 0.0176929
9.9973E-05 9.9973E-05 0.161096 0.238086 0.115127 0.458129 0.0272613 9.9973E-05
9.9982E-05 9.9982E-05 0.128083 0.0953067 0.0666356 0.136438 0.433356 0.13998
9.9973E-05 9.9973E-05 0.0388885 9.9973E-05 0.0383555 0.277504 0.520434 0.124518
0.233038 0.0959706 9.9991E-05 0.051775 0.16558 0.0700018 0.343125 0.0404098
0.0108584 9.9982E-05 0.139345 0.100941 9.9982E-05 0.380949 0.340367 0.0273396
9.9982E-05 0.0204439 0.1045 9.9982E-05 0.0837362 0.294555 0.371293 0.125273
0.0436907 0.0491541 0.245957 0.062033 9.9982E-05 0.181673 0.417292 9.9982E-05
9.9982E-05 9.9982E-05 0.0174738 0.0701442 0.190506 0.0920793 0.540359 0.089238
0.0210142 9.9991E-05 0.0351086 0.0169149 0.0341969 0.140816 0.615858 0.135992
0.0952382 0.0457467 0.0520945 0.0253106 0.126524 0.112582 0.41398 0.128523
0.118335 0.0705205 0.0353284 0.0534402 0.0671928 0.187973 0.462403 0.00480681
0.0634304 0.793617 9.9955E-05 9.9955E-05 9.9955E-05 9.9955E-05 0.142452 9.9955E-05
0.0332994 0.808722 0.0480979 9.9973E-05 0.037651 9.9973E-05 0.0719297 9.9973E-05
9.9973E-05 0.745927 0.0174439 0.101599 9.9973E-05 9.9973E-05 0.086032 0.0486975
0.068189 0.765074 0.00921544 9.9973E-05 0.0782961 9.9973E-05 9.9973E-05 0.0789253
9.9955E-05 0.829526 9.9955E-05 9.9955E-05 9.9955E-05 9.9955E-05 0.156141 0.0138341
0.0202624 0.0290222 9.9982E-05 0.0682905 9.9982E-05 0.816089 0.0188638 0.0472726
0.0996867 0.0460046 0.0636905 0.0657337 0.00640906 0.255396 0.462979 9.9991E-05
0.123524 0.203067 0.0628732 0.158571 9.9973E-05 9.9973E-05 0.451665 9.9973E-05
0.0399811 9.9982E-05 0.0529323 0.0477031 9.9982E-05 0.0608152 0.662832 0.135536
0.0454121 9.9982E-05 0.0621981 9.9982E-05 0.0546714 0.275734 0.49702 0.0647646
0.064504 9.9991E-05 0.134884 0.140429 0.0128176 0.325282 0.207556 0.114427
9.9973E-05 0.129691 9.9973E-05 0.0460896 0.00954464 0.689945 9.9973E-05 0.12443
9.9973E-05 0.0166455 0.0177819 9.9973E-05 9.9973E-05 0.285263 0.497286 0.182724
0.0761212 0.025335 0.116775 9.9982E-05 9.9982E-05 0.463338 0.0596521 0.258579
0.053352 0.050843 0.0480081 0.129118 0.142691 0.0779104 0.402724 0.095354
9.9982E-05 0.178902 0.0848448 9.9982E-05 0.0189047 0.633273 0.00401585 0.0798595
0.0553079 0.0377428 9.9982E-05 9.9982E-05 0.0825326 0.178525 0.527782 0.11791
9.9982E-05 0.0896658 9.9982E-05 0.0207826 0.051624 0.671249 0.0602019 0.106276
0.0368311 0.0220721 0.146225 0.0426419 0.00252875 0.403623 0.310057 0.0360203
9.9982E-05 0.0932084 0.107956 0.197421 9.9982E-05 0.0896708 0.483936 0.0276076
9.9973E-05 9.9973E-05 0.0400906 0.510711 9.9973E-05 0.0213971 0.301379 0.126123
0.0473176 9.9991E-05 0.0345674 0.247359 0.0653053 0.0869641 0.457364 0.0610224
0.057914 0.138398 0.08119 0.0992795 0.107644 9.9982E-05 0.515375 9.9982E-05
9.9982E-05 9.9982E-05 0.0100593 0.471527 0.0103054 0.0909349 0.369253 0.0477203
0.0779229 0.0169258 0.0834178 0.101324 0.0750028 0.107571 0.451536 0.0862996
0.0234933 0.0244683 0.0925323 0.201806 0.0414602 9.9991E-05 0.526935 0.0892041
9.9973E-05 9.9973E-05 0.0998883 0.586922 0.102766 9.9973E-05 0.079352 0.130772
9.9973E-05 9.9973E-05 0.0280504 0.567431 0.13695 9.9973E-05 0.248498 0.0187702
9.9964E-05 9.9964E-05 0.038346 0.403538 9.9964E-05 9.9964E-05 0.453993 0.103724
9.9982E-05 9.9982E-05 0.121501 0.465372 0.170273 0.0814784 0.133775 0.0274002
9.9964E-05 9.9964E-05 9.9964E-05 0.291063 0.0860117 0.222939 0.399587 9.9964E-05
9.9964E-05 9.9964E-05 9.9964E-05 9.9964E-05 0.0989389 0.683508 0.04246 0.174693
9.9964E-05 9.9964E-05 0.297608 9.9964E-05 9.9964E-05 0.374523 0.23228 0.0951897
0.0476762 0.0219928 0.0216048 9.9991E-05 0.0597664 0.37624 0.297387 0.175233
0.0215566 0.0481553 9.9982E-05 9.9982E-05 0.00585109 0.218241 0.662784 0.0432117
9.9982E-05 9.9982E-05 0.0393273 0.028744 0.116836 0.561571 0.147847 0.105475
0.0585358 0.0265073 0.0893443 0.0457128 0.0236524 0.11088 0.483072 0.162296
0.110751 0.010735 9.9991E-05 0.0310947 0.103508 0.189387 0.491723 0.0627015
0.0722647 9.9973E-05 9.9973E-05 9.9973E-05 0.0486789 0.330172 0.489973 0.0586115
0.116269 9.9982E-05 0.0114939 9.9982E-05 0.0005163 0.259756 0.516541 0.0952229
0.0347046 0.0681827 9.9982E-05 9.9982E-05 0.125115 0.293733 0.389575 0.0884897
0.130347 9.9964E-05 9.9964E-05 9.9964E-05 0.155877 0.602073 9.9964E-05 0.111303
0.0847959 9.9982E-05 0.0792115 9.9982E-05 0.0260676 0.324982 0.257943 0.2268
0.051675 9.9964E-05 0.131271 9.9964E-05 9.9964E-05 0.301042 0.515612 9.9964E-05
0.0166016 0.000703894 9.9991E-05 0.0088302 0.112245 0.333351 0.47647 0.0516984
0.0703415 9.9991E-05 0.0848533 0.0539828 0.0446446 0.285905 0.35382 0.106353
0.0565602 9.9973E-05 0.152007 9.9973E-05 9.9973E-05 0.156933 0.477487 0.156713
0.0342439 0.0376424 9.9982E-05 0.052984 9.9982E-05 0.443188 0.298526 0.133215
0.0368871 9.9982E-05 0.00451378 0.0652203 9.9982E-05 0.251352 0.592868 0.0489589
0.000944167 0.0386733 0.0836156 0.0251586 0.0268142 0.216618 0.471014 0.137161
0.0578664 0.0806471 0.011996 0.113493 0.0426567 0.132109 0.472144 0.0890886
0.152831 0.319082 9.9982E-05 0.082231 0.0166466 0.0938503 0.335159 9.9982E-05
0.216801 0.0936305 0.0520082 0.02947 0.11628 0.0820908 0.40962 9.9991E-05
0.0984219 0.153201 0.0207552 0.0699058 0.0940305 0.0483324 0.507924 0.00742949
0.0573803 0.0658948 0.159999 0.018378 9.9982E-05 0.119414 0.578734 9.9982E-05
0.178902 0.194055 0.0175799 9.9982E-05 0.057066 0.116187 0.43601 9.9982E-05
9.9973E-05 9.9973E-05 0.209964 0.0737051 9.9973E-05 0.200828 0.430726 0.0844766
0.130589 0.191278 9.9991E-05 0.0331834 0.112888 0.018323 0.403115 0.110523
0.165087 0.167742 9.9982E-05 0.496029 0.0953941 0.0709279 0.0046211 9.9982E-05
0.183997 0.0850669 9.9982E-05 0.0899271 9.9982E-05 0.141053 0.460353 0.0394027
0.107591 0.05895 0.0673458 0.0503638 0.060281 0.0308387 0.593495 0.0311348
0.234806 0.07586 0.0438115 0.0358075 0.0613301 0.10856 0.418877 0.0209475
0.116452 0.133679 0.0987536 0.145693 0.058602 0.145005 0.301716 9.9991E-05
0.198284 0.157027 0.00683355 0.071194 0.0328868 0.0942129 0.381497 0.0580646
0.11955 0.18275 0.112598 9.9982E-05 9.9982E-05 0.0587541 0.501967 0.0241798
0.162614 0.468872 0.036653 0.331461 9.9964E-05 9.9964E-05 9.9964E-05 9.9964E-05
0.15968 0.176239 9.9982E-05 0.118003 9.9982E-05 0.0689219 0.472718 0.0042375
0.160851 0.201109 0.0161304 0.0733114 9.9982E-05 9.9982E-05 0.530577 0.0178207
0.0614355 0.100537 0.117576 9.9991E-05 0.0195025 0.069507 0.609045 0.0222981
0.13447 0.217077 9.9973E-05 0.0571537 9.9973E-05 0.0247849 0.566214 9.9973E-05
0.115296 0.179432 0.0215689 0.0798648 0.00917466 0.0797275 0.487168 0.0277679
0.00941754 0.0540062 0.444884 0.00384853 9.9982E-05 9.9982E-05 0.442101 0.0455428
0.0824745 0.0939241 0.206584 9.9991E-05 0.00477338 0.189831 0.4176 0.00471277
9.9946E-05 9.9946E-05 0.840242 9.9946E-05 9.9946E-05 0.159158 9.9946E-05 9.9946E-05
9.9955E-05 9.9955E-05 0.922173 9.9955E-05 9.9955E-05 0.059563 9.9955E-05 0.0177638
0.140884 0.0309373 0.331157 0.0071708 9.9982E-05 0.0834006 0.40625 9.9982E-05
0.266372 0.042447 0.105392 0.107579 0.0206624 0.0803155 0.377133 9.9991E-05
0.315353 0.068866 0.20376 0.0588149 9.9973E-05 9.9973E-05 0.352906 9.9973E-05
0.275173 0.152164 0.161072 0.168183 0.0415554 9.9982E-05 0.201652 9.9982E-05
0.251312 0.165079 0.182613 9.9973E-05 9.9973E-05 0.0474898 0.353206 9.9973E-05
0.0883334 0.0660632 0.638712 0.146938 9.9973E-05 9.9973E-05 0.0596543 9.9973E-05
0.127148 0.0585891 0.643984 0.0673054 9.9973E-05 9.9973E-05 0.102673 9.9973E-05
0.1253 9.9964E-05 0.29283 9.9964E-05 0.0723524 9.9964E-05 0.509118 9.9964E-05
0.0973547 0.0198503 0.458269 9.9964E-05 9.9964E-05 9.9964E-05 0.424127 9.9964E-05
0.127001 0.0419258 0.69406 9.9964E-05 9.9964E-05 9.9964E-05 0.136613 9.9964E-05
0.117495 0.0436412 0.254595 9.9982E-05 0.132283 0.0172608 0.434525 9.9982E-05
0.123712 0.0098191 0.379389 9.9973E-05 9.9973E-05 9.9973E-05 0.428353 0.0584268
0.150734 0.0861379 0.147838 0.0745745 0.010277 0.0536108 0.476728 9.9991E-05
9.9973E-05 9.9973E-05 0.576213 9.9973E-05 0.0347544 0.0434806 0.313092 0.0321606
0.035352 9.9973E-05 0.471991 9.9973E-05 9.9973E-05 0.194085 0.285206 0.0130657
9.9982E-05 0.0272733 0.228276 0.0937281 0.0539772 0.108333 0.488212 9.9982E-05
9.9973E-05 0.0398932 0.375934 0.0609881 9.9973E-05 9.9973E-05 0.408542 0.114343
0.0240654 0.0632547 0.139607 0.0949278 0.0539354 0.130539 0.49357 9.9991E-05
9.9955E-05 9.9955E-05 0.379467 0.145773 9.9955E-05 9.9955E-05 0.474261 9.9955E-05
9.9973E-05 9.9973E-05 0.697944 0.0200787 9.9973E-05 0.0236865 0.166001 0.0919894
9.9964E-05 0.0350422 0.353001 9.9964E-05 0.0764165 9.9964E-05 0.53514 9.9964E-05
0.0566202 0.0528019 0.21747 0.0268442 9.9982E-05 0.118796 0.527267 9.9982E-05
9.9973E-05 0.0100859 0.651218 9.9973E-05 0.0256795 0.104937 0.20778 9.9973E-05
9.9964E-05 0.00218672 0.563514 9.9964E-05 9.9964E-05 9.9964E-05 0.396488 0.0374111
0.0219151 0.0587886 0.285082 0.0553285 0.0813624 9.9982E-05 0.497323 9.9982E-05
0.00783771 9.9991E-05 0.313292 0.0926959 0.0477676 0.035363 0.499525 0.00341912
0.192262 0.0904066 9.9991E-05 0.108651 0.0357981 0.078089 0.424924 0.0697699
0.169993 0.114346 0.159337 0.0450807 0.0257454 0.150701 0.284799 0.0499969
0.258505 0.130857 0.0581715 0.120395 9.9982E-05 9.9982E-05 0.350798 0.0810734
0.20005 0.217565 0.105757 0.109545 9.9991E-05 0.0683144 0.284498 0.0141705
0.183022 0.187269 0.048319 0.0577509 0.110802 9.9991E-05 0.344696 0.0680419
0.237283 0.166725 0.0948579 0.0698745 0.0490361 9.9991E-05 0.357503 0.0246208
0.0970855 0.189877 0.702657 9.9964E-05 9.9964E-05 9.9964E-05 9.9964E-05 0.00998098
0.239096 0.0832784 0.133273 9.9982E-05 0.0132637 9.9982E-05 0.493684 0.0372046
0.110558 0.369516 0.41791 0.101616 9.9964E-05 9.9964E-05 9.9964E-05 9.9964E-05
0.190326 0.0739693 0.294343 9.9964E-05 9.9964E-05 9.9964E-05 0.440962 9.9964E-05
9.9955E-05 9.9955E-05 0.814445 9.9955E-05 0.0930337 9.9955E-05 0.0920216 9.9955E-05
9.9964E-05 0.0195341 0.923772 9.9964E-05 0.0486971 9.9964E-05 9.9964E-05 0.00759728
9.9964E-05 9.9964E-05 0.505158 9.9964E-05 0.0458496 9.9964E-05 0.447974 0.000618435
0.0742931 9.9964E-05 0.36584 9.9964E-05 9.9964E-05 0.023034 0.536433 9.9964E-05
9.9955E-05 9.9955E-05 0.572382 0.00587831 9.9955E-05 9.9955E-05 0.42124 9.9955E-05
9.9964E-05 9.9964E-05 0.404838 9.9964E-05 0.100513 0.00940689 0.484842 9.9964E-05
9.9955E-05 9.9955E-05 0.441894 9.9955E-05 0.0363915 9.9955E-05 0.521215 9.9955E-05
0.0221418 0.794066 0.056992 9.9973E-05 9.9973E-05 0.0684706 0.05803 9.9973E-05
0.128071 0.687292 0.0291201 9.9964E-05 9.9964E-05 9.9964E-05 9.9964E-05 0.155118
0.0415591 0.878353 9.9973E-05 9.9973E-05 9.9973E-05 0.0617671 0.00409371 0.0139274
9.9964E-05 0.914169 0.015186 0.00492397 9.9964E-05 9.9964E-05 0.0653208 9.9964E-05
9.9973E-05 0.0838752 9.9973E-05 9.9973E-05 0.326426 0.0610194 0.519693 0.00868669
0.0888868 0.0678745 0.0506627 0.0419902 0.36853 0.0316885 0.350268 9.9991E-05
9.9964E-05 9.9964E-05 9.9964E-05 9.9964E-05 0.484618 0.0462785 0.439679 0.0290243
9.9991E-05 0.119234 0.0164824 0.0317103 0.231673 0.0310075 0.55344 0.0163526
0.0391214 0.0724283 9.9982E-05 0.105766 0.259911 9.9982E-05 0.475587 0.0469862
9.9991E-05 0.0132781 0.0875338 0.0200168 0.562997 0.0782495 0.183594 0.0542308
0.0685959 9.9973E-05 0.0269491 9.9973E-05 0.388676 0.0175164 0.497963 9.9973E-05
9.9973E-05 9.9973E-05 0.0980387 0.0510474 0.508633 9.9973E-05 0.338923 0.0030576
0.134904 0.241353 9.9982E-05 0.0289356 0.0198115 0.123153 0.451643 9.9982E-05
0.116226 9.9982E-05 0.119267 0.0824211 0.333191 9.9982E-05 0.301432 0.0472617
9.9973E-05 0.0455781 9.9973E-05 9.9973E-05 0.541704 0.14386 0.267503 0.0010545
9.9973E-05 9.9973E-05 0.0183913 9.9973E-05 0.388684 0.0263359 0.5564 0.00988961
9.9973E-05 0.0256401 0.0650758 9.9973E-05 0.514988 0.0703237 0.323672 9.9973E-05
0.0818319 9.9964E-05 0.0568557 9.9964E-05 0.411963 9.9964E-05 0.448949 9.9964E-05
9.9964E-05 0.110412 0.0854107 9.9964E-05 0.303317 9.9964E-05 0.500461 9.9964E-05
9.9964E-05 9.9964E-05 0.0957438 0.0455742 0.823419 9.9964E-05 0.0348632 9.9964E-05
0.0584062 0.00671454 0.0902936 0.0792349 0.486749 0.156119 0.122382 9.9991E-05
9.9973E-05 9.9973E-05 0.127506 0.0321876 0.52652 9.9973E-05 0.296071 0.0174165
9.9955E-05 9.9955E-05 0.141676 0.152894 0.704931 9.9955E-05 9.9955E-05 9.9955E-05
9.9982E-05 0.018626 9.9982E-05 0.00726754 0.52543 0.0851964 0.328749 0.0345312
9.9955E-05 9.9955E-05 9.9955E-05 0.28886 0.665358 9.9955E-05 0.0452816 9.9955E-05
9.9955E-05 9.9955E-05 0.0934031 0.235736 0.670361 9.9955E-05 9.9955E-05 9.9955E-05
0.0676085 0.00770705 0.00973209 9.9991E-05 0.348586 0.0128052 0.514325 0.0391358
9.9982E-05 0.0303078 0.0380831 9.9982E-05 0.576308 0.238097 0.114761 0.00224355
0.180904 9.9973E-05 9.9973E-05 9.9973E-05 0.468012 0.0735961 0.254731 0.0224572
0.166458 0.0309785 9.9991E-05 0.0663149 0.251937 0.0886194 0.375122 0.0204699
0.0233552 9.9982E-05 9.9982E-05 0.0602583 0.461388 0.0223426 0.431076 0.00138004
0.0843635 9.9991E-05 0.114241 0.00931159 0.0823737 0.392049 0.253544 0.0640174
0.0606481 9.9973E-05 9.9973E-05 9.9973E-05 0.410858 0.0185852 0.460337 0.049272
9.9982E-05 0.0454186 0.0327739 9.9982E-05 0.334978 0.140828 0.411915 0.0338867
9.9964E-05 9.9964E-05 9.9964E-05 0.0291973 0.693624 9.9964E-05 0.272043 0.00473649
9.9982E-05 0.114449 0.0725609 9.9982E-05 0.30107 0.00960071 0.498922 0.00319806
9.9964E-05 0.61111 9.9964E-05 0.0652804 9.9964E-05 0.170425 9.9964E-05 0.152785
9.9982E-05 0.720943 9.9982E-05 0.0375106 0.055486 0.0422115 0.0696577 0.0739914
9.9973E-05 0.812558 9.9973E-05 0.0538878 0.040393 0.00173172 9.9973E-05 0.0911295
9.9973E-05 0.789363 0.0401616 0.00505525 9.9973E-05 0.0169979 9.9973E-05 0.148123
9.9973E-05 0.734231 9.9973E-05 0.0268363 9.9973E-05 0.0510368 0.0360417 0.151554
0.035097 0.0463733 9.9964E-05 9.9964E-05 0.670006 0.248124 9.9964E-05 9.9964E-05
9.9973E-05 0.0528865 9.9973E-05 0.0248117 0.647269 0.206001 0.068731 9.9973E-05
9.9964E-05 9.9964E-05 0.0786242 0.0384718 0.764308 9.9964E-05 0.118196 9.9964E-05
0.186507 0.0819097 9.9982E-05 9.9982E-05 0.192452 0.14242 0.38151 0.0150012
0.0807202 0.0759017 0.0824194 9.9982E-05 0.190011 9.9982E-05 0.44884 0.121908
0.0534612 9.9991E-05 0.0289641 0.171499 0.564647 0.00756577 0.172332 0.00143137
0.0449799 0.000792775 0.10482 9.9973E-05 0.231048 9.9973E-05 0.618059 9.9973E-05
0.0660613 9.9982E-05 0.103489 0.0511431 0.421711 0.0467715 0.310624 9.9982E-05
9.9991E-05 0.0350934 0.0599205 0.00893991 0.259993 0.040592 0.555211 0.0401511
0.0104388 0.00970362 0.0956806 9.9991E-05 0.255622 0.046525 0.565358 0.0165721
0.0218063 9.9982E-05 0.0264425 9.9982E-05 0.516651 0.141558 0.220853 0.0724894
9.9955E-05 9.9955E-05 9.9955E-05 9.9955E-05 0.544686 0.115378 0.339436 9.9955E-05
0.0289181 9.9973E-05 9.9973E-05 9.9973E-05 0.500438 0.128555 0.254535 0.0872533
9.9973E-05 0.0522572 0.00128278 0.207348 9.9973E-05 9.9973E-05 0.611656 0.127157
9.9955E-05 9.9955E-05 9.9955E-05 9.9955E-05 0.579467 9.9955E-05 0.383573 0.0364608
9.9964E-05 0.0408374 9.9964E-05 9.9964E-05 0.418091 0.126111 0.414561 9.9964E-05
0.364131 0.0725395 9.9991E-05 0.109968 0.0606706 0.0245005 0.336334 0.0317564
0.418768 0.0942752 9.9973E-05 0.108645 9.9973E-05 0.0128273 0.365185 9.9973E-05
0.384303 0.112045 9.9964E-05 0.0415678 9.9964E-05 9.9964E-05 0.461685 9.9964E-05
0.418742 0.182717 9.9964E-05 0.0320199 9.9964E-05 9.9964E-05 0.366121 9.9964E-05
0.238497 0.210219 0.0216386 9.9991E-05 0.0635661 0.0130145 0.443453 0.0095115
0.0220831 0.0143048 0.0232323 0.202166 0.187028 0.0134827 0.537603 9.9991E-05
0.58417 0.248421 9.9964E-05 0.0579798 9.9964E-05 9.9964E-05 0.10903 9.9964E-05
0.409438 0.207733 9.9964E-05 9.9964E-05 0.0324513 9.9964E-05 0.349978 9.9964E-05
0.199723 0.032657 0.0247954 0.255352 0.0135167 9.9991E-05 0.387455 0.0864009
9.9982E-05 0.116344 9.9982E-05 0.267612 0.00534347 0.0413063 0.56134 0.00785516
0.00472612 0.0983677 9.9991E-05 0.326075 0.0571654 0.0728719 0.405101 0.0355929
0.00386948 0.0653016 9.9982E-05 0.180774 9.9982E-05 0.041643 0.626387 0.0818252
0.0439963 0.110205 0.0147863 0.165295 0.110447 9.9991E-05 0.514227 0.0409435
0.463238 0.172354 9.9955E-05 9.9955E-05 9.9955E-05 9.9955E-05 0.363907 9.9955E-05
0.369173 0.108491 9.9982E-05 0.0340715 9.9982E-05 0.0583454 0.38923 0.0404896
0.43263 0.102585 9.9964E-05 9.9964E-05 9.9964E-05 9.9964E-05 0.45868 0.00570554
0.216601 0.0597451 9.9982E-05 0.0607488 9.9982E-05 0.0197637 0.543606 0.0993356
0.491339 0.0818016 0.0463832 0.0476687 9.9982E-05 0.0432781 0.289329 9.9982E-05
0.353269 0.156592 0.0719802 0.0316514 0.0742101 9.9982E-05 0.312098 9.9982E-05
0.528862 0.0911489 0.0197575 0.0395112 9.9982E-05 0.0950201 0.2255 9.9982E-05
0.378502 0.0846992 0.0308167 9.9982E-05 9.9982E-05 0.142627 0.360683 0.00247202
9.9964E-05 9.9964E-05 9.9964E-05 0.334928 9.9964E-05 0.0254874 0.579658 0.0595267
0.353377 0.184243 9.9982E-05 0.0352509 0.0138515 9.9982E-05 0.357991 0.0550864
0.609078 0.188534 9.9964E-05 0.0425815 9.9964E-05 9.9964E-05 0.159407 9.9964E-05
0.322501 0.091418 0.0617769 0.0394692 9.9982E-05 0.118537 0.366098 9.9982E-05
9.9982E-05 0.0923169 9.9982E-05 0.377958 0.0555878 0.174634 0.158843 0.140461
0.073123 9.9964E-05 9.9964E-05 0.23712 9.9964E-05 0.181236 0.508121 9.9964E-05
0.278717 0.183489 0.0303598 9.9982E-05 9.9982E-05 0.02499 0.381887 0.100357
0.0386739 0.0525906 9.9973E-05 0.217486 9.9973E-05 0.134821 0.556129 9.9973E-05
9.9982E-05 0.154596 9.9982E-05 0.192919 0.120598 0.0159708 0.488032 0.0276834
0.178148 0.200804 9.9982E-05 0.0707263 0.149665 9.9982E-05 0.350205 0.0502527
0.267982 0.242464 0.0999574 0.0609949 9.9982E-05 0.0107709 0.317631 9.9982E-05
0.0212454 0.115202 9.9991E-05 0.101106 0.0286424 0.0267588 0.646926 0.0600191
0.354886 0.0694782 9.9982E-05 0.0856761 0.0265092 0.0545501 0.4087 9.9982E-05
0.38687 0.106246 9.9973E-05 0.0504359 9.9973E-05 9.9973E-05 0.452886 0.00326229
0.574524 0.200354 0.0131626 0.0575116 9.9973E-05 9.9973E-05 0.154148 9.9973E-05
0.0960413 0.017618 9.9982E-05 0.208048 0.0906658 9.9982E-05 0.57079 0.0166368
9.9982E-05 0.0793422 9.9982E-05 0.269878 0.0146019 0.11313 0.460842 0.0620064
0.0645358 0.0126641 9.9973E-05 0.665431 9.9973E-05 9.9973E-05 0.186471 0.0705982
0.0278723 0.147346 9.9991E-05 0.0848209 0.179607 0.0665595 0.476082 0.0176128
0.0758784 0.0824771 0.0500004 0.0981515 0.0903835 0.220777 0.273328 0.109004
0.0602388 0.232955 9.9973E-05 0.157917 9.9973E-05 0.130218 0.418371 9.9973E-05
0.115867 0.0866771 9.9991E-05 0.195101 0.0323054 0.0152935 0.438023 0.116633
0.190108 0.247429 0.024165 0.537899 9.9964E-05 9.9964E-05 9.9964E-05 9.9964E-05
