9.9955E-05 9.9955E-05 0.828374 0.074585 0.0131748 0.0639326 0.0194342 9.9955E-05 9.9955E-05 9.9955E-05
0.00252642 0.0610132 0.905169 9.9946E-05 9.9946E-05 9.9946E-05 9.9946E-05 0.0306912 9.9946E-05 9.9946E-05
0.0130778 9.9964E-05 0.746122 0.0734051 0.0466104 0.0598181 0.0605667 9.9964E-05 9.9964E-05 9.9964E-05
0.0190336 9.9955E-05 0.797915 9.9955E-05 0.0915412 0.05803 0.0329809 9.9955E-05 9.9955E-05 9.9955E-05
0.0108165 0.0196736 0.844333 9.9964E-05 0.0433975 0.0373912 0.0439882 9.9964E-05 9.9964E-05 9.9964E-05
9.9946E-05 9.9946E-05 0.527487 9.9946E-05 9.9946E-05 0.0499207 0.0837324 9.9946E-05 0.33826 9.9946E-05
9.9946E-05 9.9946E-05 0.748068 9.9946E-05 9.9946E-05 0.000437926 0.014123 9.9946E-05 0.236771 9.9946E-05
9.9955E-05 0.0185484 0.653729 9.9955E-05 9.9955E-05 0.0785902 0.00193975 9.9955E-05 0.246693 9.9955E-05
0.104704 9.99549E-05 0.776126 0.0852006 9.99549E-05 0.0184043 9.99549E-05 0.0150646 9.99549E-05 9.99549E-05
9.9946E-05 9.9946E-05 0.604626 9.9946E-05 9.9946E-05 0.0512106 0.138584 9.9946E-05 0.204979 9.9946E-05
0.049456 9.9946E-05 0.6763 9.9946E-05 9.9946E-05 0.00223949 9.9946E-05 9.9946E-05 0.271405 9.9946E-05
9.9946E-05 9.9946E-05 9.9946E-05 9.9946E-05 0.0435114 9.9946E-05 0.0251014 9.9946E-05 0.0669165 0.863871
0.0154024 9.9964E-05 9.9964E-05 9.9964E-05 0.348359 0.0344854 0.100549 9.9964E-05 0.088568 0.412236
9.9955E-05 0.14179 9.9955E-05 0.0271035 9.9955E-05 0.0169876 0.121196 9.9955E-05 9.9955E-05 0.692423
9.9946E-05 9.9946E-05 9.9946E-05 9.9946E-05 0.0569989 0.0519473 0.130566 9.9946E-05 9.9946E-05 0.759888
9.9964E-05 9.9964E-05 0.117981 0.0253185 0.187846 9.9964E-05 0.128562 0.0498009 9.9964E-05 0.490091
9.9982E-05 0.0367767 0.0444792 0.047043 0.296484 9.9982E-05 0.107728 0.0831012 0.0123749 0.371812
9.9955E-05 9.9955E-05 0.0653 0.0699504 0.213006 9.9955E-05 0.00922188 9.9955E-05 9.9955E-05 0.642022
0.0597792 9.9946E-05 0.0344624 9.9946E-05 9.9946E-05 9.9946E-05 9.9946E-05 9.9946E-05 0.137302 0.767857
9.9982E-05 0.0100682 9.9982E-05 0.0646926 0.252953 0.0742519 0.0915928 0.0852959 0.0256913 0.395255
0.0239165 0.00227594 9.9991E-05 0.10727 0.346972 0.019249 0.0147999 0.0557347 0.139143 0.290539
9.9973E-05 0.0261308 0.0670887 9.9973E-05 0.484246 0.00985682 9.9973E-05 0.0704112 0.0899207 0.252045
9.9955E-05 9.9955E-05 0.0124438 9.9955E-05 0.091253 9.9955E-05 0.0458762 9.9955E-05 0.0435642 0.806363
0.0196562 9.9973E-05 0.0189307 0.0565861 0.488172 0.0145073 0.0354066 9.9973E-05 9.9973E-05 0.366441
0.0274362 9.9964E-05 0.0147356 9.9964E-05 0.0259344 9.9964E-05 0.0395515 9.9964E-05 0.0129933 0.878949
9.9937E-05 9.9937E-05 9.9937E-05 0.0302594 9.9937E-05 9.9937E-05 0.112342 9.9937E-05 9.9937E-05 0.856699
9.9964E-05 0.0109891 9.9964E-05 9.9964E-05 0.026318 0.0375979 0.0274365 9.9964E-05 0.0673298 0.829929
9.9946E-05 9.9946E-05 0.788665 9.9946E-05 0.116948 9.9946E-05 0.078679 9.9946E-05 9.9946E-05 0.0151079
9.9955E-05 9.9955E-05 0.784073 0.0174915 0.143882 9.9955E-05 0.00587934 9.9955E-05 9.9955E-05 0.0481753
0.010539 9.99371E-05 0.760075 9.99371E-05 0.228686 9.99371E-05 9.99371E-05 9.99371E-05 9.99371E-05 9.99371E-05
9.9955E-05 9.9955E-05 0.720913 0.0481834 0.182154 9.9955E-05 0.0328453 0.0154048 9.9955E-05 9.9955E-05
0.0263373 0.023431 0.00949062 9.9982E-05 0.52003 0.0682994 9.9982E-05 0.16976 0.100096 0.0823555
9.9964E-05 0.0646759 0.0233617 9.9964E-05 0.650841 0.0255554 9.9964E-05 0.186858 0.0483077 9.9964E-05
0.235924 0.0559957 0.0770723 9.9973E-05 0.0336247 9.9973E-05 0.0386708 0.0930242 9.9973E-05 0.465388
9.9955E-05 0.00864137 9.9955E-05 9.9955E-05 0.30264 9.9955E-05 0.0607874 0.478404 9.9955E-05 0.149027
9.9982E-05 0.103012 0.0624461 9.9982E-05 0.517711 0.0570496 0.0388871 0.156074 0.0319822 0.0326376
9.9973E-05 0.00157194 0.0358601 9.9973E-05 0.58258 0.0634405 9.9973E-05 0.0298844 0.264446 0.0219166
0.0650402 9.9973E-05 0.0847771 9.9973E-05 0.527958 0.0538893 0.0109648 0.0463282 0.210743 9.9973E-05
0.0301113 9.9955E-05 0.0562901 9.9955E-05 0.103405 9.9955E-05 9.9955E-05 0.582587 9.9955E-05 0.227106
0.0547725 9.9955E-05 9.9955E-05 0.0397404 0.547504 9.9955E-05 0.0630332 9.9955E-05 0.29445 9.9955E-05
0.0266315 9.9946E-05 9.9946E-05 0.0151308 0.369228 9.9946E-05 9.9946E-05 0.58841 9.9946E-05 9.9946E-05
0.0519639 9.9946E-05 9.9946E-05 0.217025 9.9946E-05 9.9946E-05 9.9946E-05 0.721926 0.00848553 9.9946E-05
0.195028 0.00299824 9.9982E-05 0.0192716 0.195668 0.0679912 9.9982E-05 0.210137 0.00247985 0.306227
0.012878 0.163733 9.9973E-05 0.135815 9.9973E-05 0.0170359 9.9973E-05 0.209452 0.147634 0.313151
0.222961 9.9982E-05 0.0800637 0.0468727 0.135791 0.0984574 9.9982E-05 0.209832 0.00443729 0.201386
0.12846 0.0456457 0.0299612 0.0501116 0.548529 0.0349943 9.9982E-05 9.9982E-05 0.0398323 0.122266
0.0581165 9.99902E-05 0.0695433 9.99902E-05 0.169587 0.0374907 0.0858093 0.145796 0.0952231 0.338235
9.9973E-05 0.0641577 0.17398 0.116788 0.0106644 0.110131 9.9973E-05 0.00126574 9.9973E-05 0.522713
0.0282247 9.9964E-05 9.9964E-05 0.128535 0.380619 0.130689 0.0314407 9.9964E-05 9.9964E-05 0.300092
0.0704859 9.9973E-05 0.074728 0.0230985 9.9973E-05 0.0326829 9.9973E-05 0.121024 0.0554985 0.622182
0.0153251 0.000721193 9.9973E-05 0.0458132 0.436773 0.0505488 9.9973E-05 0.095811 9.9973E-05 0.354707
0.0433993 0.0793793 0.037831 0.100283 0.65953 0.0207029 9.9973E-05 9.9973E-05 0.0585746 9.9973E-05
0.0300925 0.0731102 0.0777014 0.0456125 0.207833 0.0665196 0.00226061 0.0731725 9.9991E-05 0.423598
9.9973E-05 0.033302 9.9973E-05 0.120293 0.453306 0.0726882 0.0041612 0.0239876 9.9973E-05 0.291963
0.0749147 0.0734378 9.9982E-05 0.111012 0.128542 0.000456573 9.9982E-05 0.159275 0.0243785 0.427784
0.0963956 9.9937E-05 9.9937E-05 9.9937E-05 0.589976 9.9937E-05 9.9937E-05 0.312929 9.9937E-05 9.9937E-05
9.9955E-05 9.9955E-05 0.0159835 9.9955E-05 0.213487 0.0507814 9.9955E-05 0.504912 9.9955E-05 0.214336
9.9964E-05 9.9964E-05 9.9964E-05 0.05492 9.9964E-05 0.0261595 0.00989364 0.869454 0.0139387 0.0252345
9.9946E-05 0.0652721 9.9946E-05 9.9946E-05 9.9946E-05 0.0449747 9.9946E-05 0.808959 9.9946E-05 0.0801941
0.0433122 9.9964E-05 9.9964E-05 9.9964E-05 0.253965 0.0223473 0.00183639 0.664165 9.9964E-05 0.013974
9.9946E-05 9.9946E-05 9.9946E-05 9.9946E-05 0.45614 0.0724844 9.9946E-05 0.381023 9.9946E-05 0.0897533
0.0931727 0.0300707 9.9973E-05 0.0736402 0.490475 0.0104975 9.9973E-05 0.292279 0.00956454 9.9973E-05
0.0354185 9.9973E-05 0.0338828 9.9973E-05 0.180292 0.0579137 0.065986 0.591369 9.9973E-05 0.034838
0.0736764 9.9964E-05 0.00490275 9.9964E-05 0.268494 0.0810834 9.9964E-05 0.393223 9.9964E-05 0.17822
9.9964E-05 9.9964E-05 0.0312989 9.9964E-05 0.214495 9.9964E-05 0.0845692 0.402394 0.106856 0.159987
9.9964E-05 9.9964E-05 0.00823225 9.9964E-05 0.417523 0.090678 9.9964E-05 0.32199 0.073632 0.0875444
9.9946E-05 9.9946E-05 9.9946E-05 0.0461605 0.363328 9.9946E-05 9.9946E-05 0.50458 0.0853321 9.9946E-05
9.9964E-05 0.167415 9.9964E-05 0.0473977 9.9964E-05 0.00574134 0.0188245 0.653755 0.106466 9.9964E-05
9.9946E-05 9.9946E-05 0.751424 9.9946E-05 0.102834 0.0393565 9.9946E-05 9.9946E-05 9.9946E-05 0.105786
9.9937E-05 0.0148215 0.894871 9.9937E-05 0.089608 9.9937E-05 9.9937E-05 9.9937E-05 9.9937E-05 9.9937E-05
9.9946E-05 9.9946E-05 0.844094 0.0433549 0.0933791 9.9946E-05 0.0185726 9.9946E-05 9.9946E-05 9.9946E-05
9.9937E-05 9.9937E-05 0.848196 0.127374 0.0237305 9.9937E-05 9.9937E-05 9.9937E-05 9.9937E-05 9.9937E-05
9.9955E-05 0.0198624 0.824845 0.050531 0.0874561 9.9955E-05 0.0168055 9.9955E-05 9.9955E-05 9.9955E-05
9.9964E-05 9.9964E-05 0.869445 0.0285795 0.00567485 0.0145061 0.0622359 0.0191589 9.9964E-05 9.9964E-05
9.9964E-05 9.9964E-05 0.887168 0.0457166 0.0418467 9.9964E-05 0.00263733 9.9964E-05 0.0193878 0.00284332
0.000535696 0.0185351 0.00846425 9.9955E-05 9.9955E-05 9.9955E-05 9.9955E-05 0.758341 9.9955E-05 0.213624
9.9955E-05 9.9955E-05 0.0847253 9.9955E-05 0.340625 9.9955E-05 9.9955E-05 0.344638 0.0362608 0.193251
9.9964E-05 0.0630198 0.072343 9.9964E-05 0.538716 9.9964E-05 0.00277564 0.300364 0.0223816 9.9964E-05
9.9955E-05 9.9955E-05 0.0547517 0.0314476 0.589752 9.9955E-05 9.9955E-05 0.258459 0.0650898 9.9955E-05
0.0546542 0.0209388 0.0128819 9.9964E-05 0.383023 9.9964E-05 0.102162 0.42594 9.9964E-05 9.9964E-05
9.9946E-05 9.9946E-05 0.0431961 9.9946E-05 9.9946E-05 0.0660387 9.9946E-05 0.62075 9.9946E-05 0.269415
9.9973E-05 9.9973E-05 0.00937254 0.0112336 0.222157 9.9973E-05 0.0467577 0.515765 0.0894848 0.104929
9.9973E-05 0.0221706 0.0540335 0.000650368 0.498866 0.0220572 9.9973E-05 0.376184 0.0257383 9.9973E-05
9.9964E-05 9.9964E-05 0.0424318 9.9964E-05 0.460202 0.041873 0.0108367 0.263968 9.9964E-05 0.180289
9.9964E-05 0.0353503 9.9964E-05 9.9964E-05 0.25602 9.9964E-05 0.105281 0.49857 0.00916297 0.0952167
0.0959726 9.9955E-05 0.0942955 9.9955E-05 0.334043 9.9955E-05 9.9955E-05 0.394475 9.9955E-05 0.080715
0.11939 0.182755 9.9982E-05 0.141176 0.179041 0.0242492 0.0487275 0.0864869 9.9982E-05 0.217975
0.0729145 9.9991E-05 0.107809 0.0125748 0.376262 0.128268 0.00717914 0.0339406 0.0942358 0.166716
0.152793 0.0670391 0.061796 9.9964E-05 0.477001 9.9964E-05 9.9964E-05 9.9964E-05 0.0400748 0.200896
0.0754372 9.9973E-05 9.9973E-05 0.0289507 0.558918 0.0501034 9.9973E-05 0.00822164 0.00777155 0.270297
0.090003 0.0572946 0.0189622 0.0380118 0.389697 0.0771023 9.9973E-05 9.9973E-05 9.9973E-05 0.328629
0.0515197 9.9982E-05 0.0725025 0.0331168 0.540542 0.0107828 9.9982E-05 0.0658167 0.0770066 0.148513
0.184653 0.0564251 9.9955E-05 9.9955E-05 0.536609 0.0566336 9.9955E-05 9.9955E-05 9.9955E-05 0.16518
0.148236 0.0556344 9.9964E-05 9.9964E-05 0.500607 9.9964E-05 0.0575611 0.0514269 9.9964E-05 0.186135
0.0799292 0.0888104 9.9973E-05 0.0407926 0.62 0.0524313 0.0717463 9.9973E-05 9.9973E-05 0.0459908
0.0882414 0.118169 0.0572532 0.0576654 0.29719 0.00644584 9.9982E-05 9.9982E-05 0.120727 0.254108
0.130574 0.0463694 9.9964E-05 0.114191 0.69085 9.9964E-05 0.00270525 9.9964E-05 9.9964E-05 0.0149107
0.115061 0.0527919 9.9973E-05 0.0807081 0.683504 0.0448924 9.9973E-05 9.9973E-05 0.00575327 0.0169885
0.278745 0.120194 9.9964E-05 9.9964E-05 0.153073 9.9964E-05 0.0610469 0.0830853 9.9964E-05 0.303456
0.0753855 0.194186 9.9991E-05 0.165154 0.0408332 0.0209159 0.0180344 0.118989 0.0601335 0.306268
0.10554 0.225785 9.9982E-05 0.113465 0.100607 0.148501 9.9982E-05 0.149182 0.00457134 0.15215
0.127323 0.0213756 0.0227038 9.9973E-05 0.174413 0.00732298 9.9973E-05 0.12822 9.9973E-05 0.518342
0.147979 0.0272998 0.0253287 9.9973E-05 0.403328 9.9973E-05 9.9973E-05 0.155059 0.00611022 0.234595
0.102451 0.0570108 0.0510873 9.9973E-05 0.260204 0.0662889 9.9973E-05 0.0525383 9.9973E-05 0.41012
0.188011 9.9973E-05 0.0086828 9.9973E-05 0.199042 9.9973E-05 0.0533886 0.114203 0.0488077 0.387565
0.0993744 0.00447498 0.0438258 9.9982E-05 0.497353 9.9982E-05 0.104408 0.0257101 0.0938506 0.130802
0.117917 0.0683796 9.9991E-05 0.0936436 0.0636885 0.0960588 0.0925893 0.138763 0.0229279 0.305932
9.9982E-05 0.172512 0.0861877 0.00287446 0.422012 0.0819852 0.0207494 0.0650254 0.148453 9.9982E-05
0.10799 0.145281 0.0727166 0.214583 9.9973E-05 0.0270137 9.9973E-05 0.126955 0.305162 9.9973E-05
9.9973E-05 0.0359933 0.0638051 0.16303 0.374026 0.089959 9.9973E-05 0.199417 0.07347 9.9973E-05
0.070715 0.0584704 0.0699368 0.0747909 0.299223 9.9991E-05 0.110167 0.00572345 0.172132 0.138741
0.038896 0.123752 9.9982E-05 0.23232 0.194585 0.0368037 9.9982E-05 0.113192 0.231097 0.0291549
9.9982E-05 0.170103 0.0308467 0.107082 0.0555224 0.0591996 9.9982E-05 0.0613424 0.288914 0.22679
0.0320619 0.126864 9.9973E-05 0.00958694 0.384523 9.9973E-05 9.9973E-05 0.0540818 0.187204 0.205378
9.9973E-05 0.143161 0.0406143 0.180974 9.9973E-05 9.9973E-05 0.0990707 0.199816 0.166502 0.169563
9.9964E-05 0.0505948 9.9964E-05 0.0652283 0.283917 9.9964E-05 9.9964E-05 0.144383 0.309771 0.145705
0.0636639 0.0793956 9.9982E-05 0.082744 0.409362 0.0143359 9.9982E-05 0.10515 0.0961099 0.149039
9.9964E-05 9.9964E-05 0.214471 0.143494 0.0242626 9.9964E-05 0.278115 9.9964E-05 0.206568 0.13269
9.9955E-05 9.9955E-05 0.362364 0.494081 9.9955E-05 0.0013011 0.103658 9.9955E-05 0.0380969 9.9955E-05
9.9955E-05 0.0600066 0.221294 0.584055 9.9955E-05 9.9955E-05 0.0889282 9.9955E-05 0.0452165 9.9955E-05
0.0296097 9.9964E-05 0.278034 0.267689 0.0496474 9.9964E-05 0.297122 9.9964E-05 0.077498 9.9964E-05
0.00193089 0.0220194 9.9964E-05 0.0310454 0.597524 9.9964E-05 9.9964E-05 0.0251055 0.321975 9.9964E-05
9.99461E-05 9.99461E-05 9.99461E-05 9.99461E-05 0.259357 0.0121005 0.618852 9.99461E-05 9.99461E-05 0.109091
9.9964E-05 0.102614 9.9964E-05 9.9964E-05 0.181291 9.9964E-05 0.014724 0.0892795 0.54118 0.0705111
9.9973E-05 0.29961 9.9973E-05 0.0479321 0.0830123 9.9973E-05 0.00191463 0.110939 0.455474 0.000817749
9.9964E-05 0.0600639 9.9964E-05 0.0121867 0.480081 9.9964E-05 9.9964E-05 0.131747 0.246051 0.0694702
0.0235392 0.102098 0.0471098 9.9982E-05 0.308293 9.9982E-05 0.0261892 0.0545758 0.255642 0.182354
9.9955E-05 0.0618096 9.9955E-05 9.9955E-05 0.554511 0.0372106 9.9955E-05 9.9955E-05 0.299645 0.0463235
9.9964E-05 0.113896 9.9964E-05 0.0192864 0.0932151 9.9964E-05 9.9964E-05 0.0902591 0.520886 0.162058
9.9937E-05 0.062254 9.9937E-05 9.9937E-05 9.9937E-05 9.9937E-05 0.932825 0.00422123 9.9937E-05 9.9937E-05
9.9964E-05 9.9964E-05 9.9964E-05 9.9964E-05 0.0606696 0.0209174 0.835066 0.0174069 0.0627177 0.00282277
9.9937E-05 9.9937E-05 9.9937E-05 9.9937E-05 0.336689 0.0181976 0.644414 9.9937E-05 9.9937E-05 9.9937E-05
0.000333665 9.9964E-05 9.9964E-05 9.9964E-05 0.098762 0.0404808 0.741778 0.0266999 0.0915458 9.9964E-05
9.9928E-05 9.9928E-05 9.9928E-05 0.0220449 9.9928E-05 9.9928E-05 0.977156 9.9928E-05 9.9928E-05 9.9928E-05
0.0447119 9.9946E-05 9.9946E-05 0.0128545 9.9946E-05 0.0296714 0.912163 9.9946E-05 9.9946E-05 9.9946E-05
9.9937E-05 9.9937E-05 9.9937E-05 9.9937E-05 0.170037 9.9937E-05 0.803731 0.0255322 9.9937E-05 9.9937E-05
9.9937E-05 9.9937E-05 9.9937E-05 9.9937E-05 9.9937E-05 0.000308675 0.920032 9.9937E-05 9.9937E-05 0.0789596
9.99201E-05 9.99201E-05 9.99201E-05 9.99201E-05 9.99201E-05 9.99201E-05 0.999101 9.99201E-05 9.99201E-05 9.99201E-05
9.9928E-05 9.9928E-05 9.9928E-05 0.0291872 9.9928E-05 9.9928E-05 0.970013 9.9928E-05 9.9928E-05 9.9928E-05
9.9955E-05 0.0194659 0.0474125 9.9955E-05 0.112951 9.9955E-05 0.71176 9.9955E-05 9.9955E-05 0.107911
0.0661271 9.9964E-05 0.0144562 0.0788564 0.0948546 9.9964E-05 0.742286 0.00301979 9.9964E-05 9.9964E-05
9.9928E-05 9.9928E-05 9.9928E-05 9.9928E-05 9.9928E-05 0.0209519 0.978249 9.9928E-05 9.9928E-05 9.9928E-05
0.0213621 9.9982E-05 0.0129183 0.0271141 0.100332 9.9982E-05 0.752605 0.013184 0.0241506 0.0481344
0.0242377 9.9955E-05 9.9955E-05 9.9955E-05 0.127203 0.00742805 0.805304 9.9955E-05 9.9955E-05 0.0353276
9.9946E-05 9.9946E-05 0.00819629 0.0215444 0.035946 9.9946E-05 0.933714 9.9946E-05 9.9946E-05 9.9946E-05
0.0299813 9.9955E-05 0.00639008 0.0312262 0.0914001 9.9955E-05 0.840502 9.9955E-05 9.9955E-05 9.9955E-05
0.00876432 9.9928E-05 9.9928E-05 9.9928E-05 9.9928E-05 9.9928E-05 0.990436 9.9928E-05 9.9928E-05 9.9928E-05
0.1182 9.9964E-05 0.00424372 0.0333496 0.229272 9.9964E-05 0.612242 9.9964E-05 9.9964E-05 0.00229262
0.047269 9.9955E-05 9.9955E-05 9.9955E-05 0.000901015 9.9955E-05 0.90111 0.0176391 9.9955E-05 0.0325813
9.9946E-05 0.052382 0.178964 0.234225 9.9946E-05 9.9946E-05 9.9946E-05 9.9946E-05 0.533829 9.9946E-05
9.9973E-05 9.9973E-05 0.0956173 0.0684684 0.27189 0.10836 0.0856472 9.9973E-05 0.224683 0.145034
0.00178757 9.9973E-05 0.246041 9.9973E-05 0.308952 0.0583424 0.0769211 0.0669037 0.240752 9.9973E-05
0.0175001 0.0565474 0.14621 0.174058 0.157716 0.0368329 0.0819469 9.9982E-05 0.328989 9.9982E-05
9.9973E-05 0.0663328 0.0959656 0.344126 0.140034 9.9973E-05 0.0749702 0.0803838 0.197888 9.9973E-05
9.9982E-05 0.0153671 0.0942227 0.0805588 0.279475 0.0527617 0.143389 0.0147297 0.319296 9.9982E-05
0.0822085 0.00237965 0.124455 0.0806767 0.402805 9.9982E-05 0.107374 0.0333313 0.166571 9.9982E-05
9.9955E-05 9.9955E-05 0.0849497 0.163072 0.257988 9.9955E-05 0.195208 9.9955E-05 0.298284 9.9955E-05
0.00407446 9.9964E-05 0.802661 0.038706 0.0280432 0.0758111 9.9964E-05 9.9964E-05 0.0503041 9.9964E-05
0.0199463 0.0171627 0.872813 0.0391312 9.9955E-05 9.9955E-05 0.0504468 9.9955E-05 9.9955E-05 9.9955E-05
0.0301313 9.9937E-05 0.866173 0.102996 9.9937E-05 9.9937E-05 9.9937E-05 9.9937E-05 9.9937E-05 9.9937E-05
0.0305675 9.9946E-05 0.876375 0.0398517 9.9946E-05 9.9946E-05 9.9946E-05 9.9946E-05 9.9946E-05 0.0526057
0.0973668 9.9946E-05 0.807613 0.0871241 0.00729679 9.9946E-05 9.9946E-05 9.9946E-05 9.9946E-05 9.9946E-05
9.9937E-05 9.9937E-05 0.852129 0.0816506 9.9937E-05 9.9937E-05 0.065521 9.9937E-05 9.9937E-05 9.9937E-05
0.0161444 9.9964E-05 0.845433 9.9964E-05 0.00811297 0.0151398 0.10826 9.9964E-05 0.00650958 9.9964E-05
0.0277537 0.0445388 0.779617 0.147491 9.9946E-05 9.9946E-05 9.9946E-05 9.9946E-05 9.9946E-05 9.9946E-05
9.9946E-05 9.9946E-05 0.828917 0.0944504 0.07227 9.9946E-05 9.9946E-05 9.9946E-05 9.9946E-05 0.00376304
9.9946E-05 9.9946E-05 0.816242 0.122293 0.0296665 9.9946E-05 0.0311997 9.9946E-05 9.9946E-05 9.9946E-05
9.9964E-05 0.0550348 0.571341 9.9964E-05 9.9964E-05 0.119664 9.9964E-05 0.0178058 0.0101811 0.225574
9.9955E-05 9.9955E-05 0.500558 0.0969475 9.9955E-05 0.223535 9.9955E-05 0.0181265 9.9955E-05 0.160333
0.0447293 0.104803 0.573714 9.9964E-05 9.9964E-05 0.0151056 9.9964E-05 0.0676647 9.9964E-05 0.193583
0.0353218 0.0155141 0.459722 9.9973E-05 9.9973E-05 0.10245 9.9973E-05 0.0626573 0.0201214 0.303913
0.0316588 9.9964E-05 0.0364618 9.9964E-05 0.440548 9.9964E-05 0.0470948 0.25792 9.9964E-05 0.185916
9.9973E-05 0.0828416 0.00543672 9.9973E-05 0.367355 0.124984 0.0523525 0.19265 9.9973E-05 0.174079
0.0464603 0.0139837 0.0239596 9.9982E-05 0.403507 9.9982E-05 0.072067 0.0823059 0.0623523 0.295165
0.0828412 9.9964E-05 0.0217245 0.158076 0.372714 9.9964E-05 9.9964E-05 0.128937 9.9964E-05 0.235308
0.308611 9.9964E-05 9.9964E-05 9.9964E-05 0.0649246 0.0227128 9.9964E-05 0.0625329 0.0301922 0.510626
0.0921144 0.146539 0.0595754 9.9973E-05 0.520671 9.9973E-05 0.0421967 0.0849682 9.9973E-05 0.0536353
9.9973E-05 0.0237078 9.9973E-05 0.0130766 0.494008 0.0139156 0.101527 0.303221 9.9973E-05 0.0502439
9.9964E-05 9.9964E-05 9.9964E-05 0.0699504 0.57525 0.0646022 9.9964E-05 0.232965 0.0488216 0.00801059
9.9955E-05 9.9955E-05 9.9955E-05 9.9955E-05 0.322196 9.9955E-05 0.0774757 0.517353 0.0372065 0.0452692
9.9946E-05 9.9946E-05 9.9946E-05 9.9946E-05 0.448483 0.109318 9.9946E-05 0.361044 9.9946E-05 0.0805555
0.060527 0.194944 9.9946E-05 9.9946E-05 9.9946E-05 9.9946E-05 9.9946E-05 0.701656 9.9946E-05 0.0422736
9.9964E-05 0.0967969 9.9964E-05 0.137581 0.282501 9.9964E-05 9.9964E-05 0.437754 0.0126876 0.03228
0.0458091 0.103131 0.0465923 9.9955E-05 0.540206 9.9955E-05 9.9955E-05 0.263761 9.9955E-05 9.9955E-05
0.0511498 9.9964E-05 0.016138 9.9964E-05 0.141855 0.0376733 9.9964E-05 0.552545 9.9964E-05 0.200239
0.0289646 9.9955E-05 0.00716657 0.0293078 9.9955E-05 0.888726 9.9955E-05 0.0453354 9.9955E-05 9.9955E-05
9.9937E-05 0.0115543 9.9937E-05 9.9937E-05 9.9937E-05 0.968899 9.9937E-05 9.9937E-05 0.0188476 9.9937E-05
9.99201E-05 9.99201E-05 9.99201E-05 9.99201E-05 9.99201E-05 0.999101 9.99201E-05 9.99201E-05 9.99201E-05 9.99201E-05
0.0251109 0.00868487 0.0332582 9.9946E-05 9.9946E-05 0.932346 9.9946E-05 9.9946E-05 9.9946E-05 9.9946E-05
9.9946E-05 9.9946E-05 9.9946E-05 9.9946E-05 0.00473145 0.893023 0.013639 9.9946E-05 9.9946E-05 0.0880067
9.9937E-05 9.9937E-05 9.9937E-05 9.9937E-05 0.0585254 0.900107 0.0406684 9.9937E-05 9.9937E-05 9.9937E-05
9.9973E-05 0.0177288 0.839852 0.00973311 0.0788982 0.0242557 0.0259564 0.00327569 9.9973E-05 9.9973E-05
0.0389087 9.9955E-05 0.740645 0.0640308 0.112477 0.0434391 9.9955E-05 9.9955E-05 9.9955E-05 9.9955E-05
9.9964E-05 0.00799893 0.76832 0.0136267 0.105885 9.9964E-05 0.103294 9.9964E-05 0.000475418 9.9964E-05
9.9946E-05 9.9946E-05 0.757364 9.9946E-05 0.0345067 9.9946E-05 0.0844308 9.9946E-05 9.9946E-05 0.123099
0.0400819 9.9955E-05 0.747535 9.9955E-05 0.0755531 9.9955E-05 0.0872245 9.9955E-05 0.0491055 9.9955E-05
0.340338 9.9955E-05 0.376688 9.9955E-05 9.9955E-05 0.197081 9.9955E-05 0.000341529 0.0850513 9.9955E-05
0.192216 0.0303094 0.439028 9.9982E-05 9.9982E-05 0.195507 0.00295115 0.0492522 0.0896935 0.000842232
0.190827 0.0594279 0.418248 9.9964E-05 9.9964E-05 0.23628 0.0231177 0.0716998 9.9964E-05 9.9964E-05
9.9955E-05 9.9955E-05 0.776466 0.00762104 0.0883672 9.9955E-05 0.0611806 9.9955E-05 9.9955E-05 0.0658651
0.17983 0.0152566 0.358391 0.0276793 9.9964E-05 0.298023 9.9964E-05 0.12042 9.9964E-05 9.9964E-05
0.0625133 9.9955E-05 0.0593906 0.288562 0.321461 9.9955E-05 0.267573 9.9955E-05 9.9955E-05 9.9955E-05
9.9946E-05 9.9946E-05 0.194795 9.9946E-05 0.584519 0.0234482 0.196638 9.9946E-05 9.9946E-05 9.9946E-05
9.9973E-05 9.9973E-05 0.145783 0.180812 0.270491 0.0771349 0.228704 0.0462511 0.0505233 9.9973E-05
9.9946E-05 9.9946E-05 0.24635 0.339857 9.9946E-05 9.9946E-05 0.284165 9.9946E-05 0.129028 9.9946E-05
0.205164 0.121645 9.9955E-05 9.9955E-05 0.39266 0.0452914 9.9955E-05 9.9955E-05 9.9955E-05 0.234739
0.194264 0.181376 9.9973E-05 0.0790894 0.315604 9.9973E-05 9.9973E-05 0.108416 0.0145529 0.106397
0.113733 9.9955E-05 0.0531788 9.9955E-05 0.148121 0.0534125 9.9955E-05 9.9955E-05 9.9955E-05 0.631055
0.00570947 0.17845 0.011218 0.0677612 0.417335 0.0305575 9.9982E-05 0.146419 9.9982E-05 0.142349
0.131143 0.417289 9.9964E-05 0.136546 9.9964E-05 0.00251388 9.9964E-05 0.194908 9.9964E-05 0.1172
0.0826551 0.253958 0.050113 9.9973E-05 0.416181 0.0456584 9.9973E-05 9.9973E-05 0.00360116 0.147534
0.103819 0.075417 0.0198973 0.0222337 0.194494 9.9982E-05 9.9982E-05 0.0463908 0.0291506 0.508398
0.00956248 0.230779 9.9973E-05 0.163622 9.9973E-05 0.00581042 9.9973E-05 0.0941619 0.100125 0.395639
0.0393617 0.130657 9.9991E-05 0.102997 0.36896 0.063926 0.0782404 0.0804695 0.114914 0.0203745
0.17621 9.9973E-05 9.9973E-05 0.0849406 0.532854 0.00707206 9.9973E-05 0.0722591 0.00012394 0.126241
9.9991E-05 0.0331599 0.0966847 0.14328 0.41169 0.0139536 0.138033 0.0549934 0.00626843 0.101837
0.0917974 0.22131 9.9973E-05 0.065037 0.361955 0.0324802 9.9973E-05 0.0551727 9.9973E-05 0.171947
0.0733602 0.148681 9.9982E-05 0.0136199 0.48371 0.11111 0.0125432 0.0643425 9.9982E-05 0.0924333
0.101804 0.0861105 9.9991E-05 0.0346393 0.437159 0.000441642 0.0468518 0.0787662 0.07744 0.136688
0.0439161 9.9973E-05 9.9973E-05 0.0387675 0.514627 0.0193077 9.9973E-05 0.187123 0.0394384 0.156521
0.018502 0.107505 0.0680994 0.053749 0.591841 0.0872969 0.0122426 9.9991E-05 0.0417765 0.0188866
9.9946E-05 9.9946E-05 0.744841 9.9946E-05 0.130566 9.9946E-05 0.072694 9.9946E-05 0.0512991 9.9946E-05
9.9955E-05 0.0525508 0.79727 9.9955E-05 0.0569055 9.9955E-05 0.069365 9.9955E-05 0.0234085 9.9955E-05
0.0869008 9.9973E-05 0.687305 0.104579 0.0193321 9.9973E-05 0.00605886 0.0597596 0.0357651 9.9973E-05
9.9955E-05 0.0923733 0.773343 9.9955E-05 0.0411859 0.0625065 0.0300912 9.9955E-05 9.9955E-05 9.9955E-05
9.9955E-05 0.00192068 0.827856 9.9955E-05 0.0943321 0.0265203 9.9955E-05 9.9955E-05 0.048871 9.9955E-05
0.113409 9.9964E-05 9.9964E-05 0.0358551 0.0614105 0.108344 0.0468945 9.9964E-05 9.9964E-05 0.633687
9.9973E-05 0.0400597 9.9973E-05 0.0347952 0.571131 9.9973E-05 0.0987804 0.000228992 0.0266079 0.228097
0.111262 9.9973E-05 0.0689709 0.0611127 0.381622 0.0822474 9.9973E-05 0.107281 9.9973E-05 0.187204
0.154258 0.199115 9.9964E-05 0.215656 0.231169 0.016932 9.9964E-05 9.9964E-05 9.9964E-05 0.182471
0.263143 0.0370087 0.0687258 0.0997102 9.9973E-05 0.0353644 9.9973E-05 0.0891183 9.9973E-05 0.406629
0.150858 0.0291391 0.0230296 0.071528 0.507729 0.0493222 9.9991E-05 0.0070719 0.0405081 0.120714
0.198171 0.11929 0.0928556 9.9982E-05 0.0590662 0.0155117 0.0320922 9.9982E-05 0.0795755 0.403237
0.0678098 0.13448 0.0466917 0.110114 0.405968 9.9982E-05 9.9982E-05 0.0404605 0.0711324 0.123143
0.175071 0.101053 0.0951631 0.0113053 0.0798571 0.107019 0.00454468 0.0390445 9.9991E-05 0.386843
0.192847 0.0543412 0.0258437 9.9982E-05 0.0780073 0.0281121 0.0366165 9.9982E-05 0.0240652 0.559967
0.164508 0.114326 0.0301546 9.9991E-05 0.231346 0.000578617 0.097416 0.0366921 0.122012 0.202866
0.0227458 0.107978 9.9982E-05 0.0658498 0.128322 0.041953 9.9982E-05 0.0431414 0.527574 0.0622364
9.9982E-05 0.0151082 0.103279 0.00663768 0.520182 0.024906 9.9982E-05 0.0256658 0.291207 0.012815
0.0245034 0.104771 9.9982E-05 0.0226237 0.250921 0.0453825 9.9982E-05 0.025146 0.524647 0.00180631
0.0574127 0.0746118 0.0167359 9.9973E-05 0.430605 0.0589691 9.9973E-05 0.0452859 0.316079 9.9973E-05
0.0480103 0.168488 9.9982E-05 0.00352574 0.000479182 0.0555711 9.9982E-05 0.117406 0.597743 0.0085762
9.9955E-05 0.0865456 9.9955E-05 0.147244 0.137708 9.9955E-05 9.9955E-05 0.0779469 0.550056 9.9955E-05
0.00522052 0.11431 0.0106696 9.9973E-05 0.470975 0.0195327 9.9973E-05 9.9973E-05 0.334323 0.0446693
0.023849 0.132111 9.9982E-05 0.0322615 0.0348878 0.0491986 9.9982E-05 0.176579 0.518669 0.0322442
0.00952784 9.9964E-05 9.9964E-05 0.0501667 0.362486 9.9964E-05 9.9964E-05 0.0362727 0.317986 0.223161
0.294684 9.9966E-05 9.9966E-05 0.0491528 0.0840691 0.0386058 9.9966E-05 0.115565 9.9966E-05 0.417524
0.234523 0.250331 9.9982E-05 0.00273392 0.210265 0.0493297 0.00241652 0.074522 9.9982E-05 0.175678
0.145788 0.0839322 0.0133828 0.0739659 0.292729 9.9973E-05 0.0238481 9.9973E-05 9.9973E-05 0.366054
0.0581257 9.9982E-05 9.9982E-05 0.0980637 0.588758 0.00436425 0.0480643 0.0123138 0.0113969 0.178713
0.213822 9.9973E-05 9.9973E-05 9.9973E-05 0.236249 0.0371145 0.0223462 0.0619128 0.0374845 0.390771
0.135543 0.115513 0.0397025 9.9982E-05 0.393361 0.034258 0.105208 0.0217651 9.9982E-05 0.154449
0.198467 9.9964E-05 0.0526124 9.9964E-05 0.444605 0.0482238 9.9964E-05 0.125236 9.9964E-05 0.130456
0.113578 9.9973E-05 9.9973E-05 0.00357737 0.136952 0.132045 0.0725051 0.158432 9.9973E-05 0.382611
0.167534 9.9973E-05 9.9973E-05 9.9973E-05 0.18249 0.0790725 0.150674 0.110716 0.0661094 0.243104
0.193042 0.0810318 9.9973E-05 9.9973E-05 0.462478 9.9973E-05 0.098829 0.0724009 0.064505 0.0274133
0.230198 0.0297032 0.0089298 0.145051 0.426496 9.9982E-05 9.9982E-05 0.0670448 0.0065482 0.0858287
0.12596 0.0307359 9.9973E-05 0.039169 0.484876 0.0507645 0.0262294 9.9973E-05 9.9973E-05 0.241966
0.293896 9.9982E-05 0.0349617 0.0301611 0.334093 0.0542604 9.9982E-05 0.0227746 0.0905128 0.13914
0.151706 9.9973E-05 0.026365 9.9973E-05 0.445186 9.9973E-05 0.117492 0.0068094 0.050351 0.201789
9.9982E-05 9.9982E-05 0.239482 0.059272 0.29053 0.00914752 0.149813 0.00871795 0.140605 0.102232
0.00792712 0.0662911 0.0761297 0.143882 0.382683 9.9982E-05 0.167448 0.0352505 9.9982E-05 0.120189
9.99691E-05 0.100709 0.0388075 0.122655 0.612226 0.0929764 0.0322262 9.99691E-05 9.99691E-05 9.99691E-05
9.9982E-05 0.0969821 0.17582 0.0974566 0.445422 0.0357887 0.108385 0.00865227 9.9982E-05 0.0312928
0.14679 0.182679 9.9973E-05 9.9973E-05 0.428848 0.0168949 0.0101129 9.9973E-05 0.0716657 0.14271
9.9982E-05 0.092595 0.0938249 0.387915 0.0344585 9.9982E-05 0.0603929 0.159046 0.121136 0.0504322
0.0132576 0.0122862 0.0772563 0.0718937 0.427503 0.0137178 0.173069 9.9991E-05 0.0251402 0.185776
0.0982529 0.109329 0.0426847 0.012465 0.426476 9.9991E-05 0.240312 0.00328411 0.0581176 0.00897816
0.0349664 0.0154546 0.0737006 0.243174 0.164133 0.0185655 0.136742 0.060677 0.0786251 0.173961
0.00349565 0.0899284 0.108261 0.0752316 0.554301 9.9973E-05 0.142258 9.9973E-05 9.9973E-05 0.0262246
9.9955E-05 0.0297645 0.260188 0.537852 9.9955E-05 9.9955E-05 0.133448 0.0382481 9.9955E-05 9.9955E-05
0.0477714 9.9955E-05 0.13686 0.173741 0.557705 9.9955E-05 0.0834227 9.9955E-05 9.9955E-05 9.9955E-05
9.99751E-05 0.0171518 0.140553 9.99751E-05 0.403206 0.00170188 0.133287 9.99751E-05 0.0747101 0.229091
9.9964E-05 0.355714 0.0144737 9.9964E-05 0.412665 0.0734153 0.0442942 9.9964E-05 0.0990384 9.9964E-05
9.9937E-05 0.810847 9.9937E-05 9.9937E-05 9.9937E-05 9.9937E-05 9.9937E-05 9.9937E-05 0.0013736 0.187079
9.99459E-05 0.896022 0.0169504 9.99459E-05 9.99459E-05 9.99459E-05 9.99459E-05 0.0501912 9.99459E-05 0.0362365
0.0357864 0.0854245 0.084027 0.0791415 0.369423 9.9973E-05 0.312377 9.9973E-05 0.0335205 9.9973E-05
9.9955E-05 0.213829 0.0745035 0.0901749 0.375268 9.9955E-05 0.245725 9.9955E-05 9.9955E-05 9.9955E-05
9.9973E-05 0.150316 0.102948 0.24733 0.179595 9.9973E-05 0.252606 0.0131482 9.9973E-05 0.0537561
9.9955E-05 0.177745 0.0962675 0.188346 0.348192 9.9955E-05 0.18895 9.9955E-05 9.9955E-05 9.9955E-05
9.9955E-05 0.643897 9.9955E-05 0.256852 0.0620705 0.0160597 0.0206209 9.9955E-05 9.9955E-05 9.9955E-05
0.00837839 0.517761 0.0736135 0.191052 0.179053 9.9964E-05 0.0297417 9.9964E-05 9.9964E-05 9.9964E-05
9.9955E-05 0.351874 0.0600891 9.9955E-05 0.483855 0.0120091 0.0916731 9.9955E-05 9.9955E-05 9.9955E-05
9.9946E-05 0.388728 0.0781503 9.9946E-05 0.437757 9.9946E-05 0.094765 9.9946E-05 9.9946E-05 9.9946E-05
9.9946E-05 0.632495 9.9946E-05 0.0795941 0.229298 9.9946E-05 0.0580128 9.9946E-05 9.9946E-05 9.9946E-05
9.9982E-05 0.237398 0.00599348 0.0605908 0.421279 0.0392974 0.128755 0.0303148 0.0761715 9.9982E-05
0.033463 0.372466 9.9964E-05 0.0134716 0.490228 0.0249236 0.0650476 9.9964E-05 9.9964E-05 9.9964E-05
0.0249781 0.553375 0.00802301 9.9964E-05 0.290891 9.9964E-05 9.9964E-05 9.9964E-05 0.0182309 0.104102
0.077715 0.45486 0.0384421 0.0133552 0.26154 9.9973E-05 9.9973E-05 0.129901 9.9973E-05 0.0238874
0.0593881 0.329955 0.053494 9.9973E-05 0.371552 0.0654363 0.0390294 9.9973E-05 0.0808457 9.9973E-05
0.00156359 0.332478 9.9973E-05 0.0649117 0.499595 0.0128234 9.9973E-05 9.9973E-05 0.0853742 0.00295349
0.0425875 0.630093 9.9964E-05 9.9964E-05 0.203279 0.0111159 9.9964E-05 9.9964E-05 0.102745 0.00977952
9.9964E-05 0.290575 0.00708531 0.0119499 0.61757 9.9964E-05 9.9964E-05 0.0680759 0.00434424 9.9964E-05
9.9955E-05 0.734987 9.9955E-05 9.9955E-05 0.133094 0.00484769 0.0163117 9.9955E-05 9.9955E-05 0.110259
9.9955E-05 0.577298 0.00153348 9.9955E-05 0.345927 0.037799 9.9955E-05 9.9955E-05 0.0369436 9.9955E-05
0.0206222 0.0129424 0.206133 0.0553923 0.359584 9.9982E-05 0.204413 9.9982E-05 0.103061 0.0376516
0.0842425 0.0666764 0.162819 9.9982E-05 0.322936 0.030191 0.196646 0.0508015 0.0854868 9.9982E-05
9.9955E-05 0.565675 0.179847 0.12387 9.9955E-05 0.0449259 0.085183 9.9955E-05 9.9955E-05 9.9955E-05
0.016244 0.111439 0.0578215 9.9964E-05 0.631271 0.0437199 0.139105 9.9964E-05 9.9964E-05 9.9964E-05
9.9946E-05 0.413098 0.263303 0.238445 9.9946E-05 9.9946E-05 0.0845538 9.9946E-05 9.9946E-05 9.9946E-05
9.9955E-05 0.29944 9.9955E-05 0.0416663 0.46675 0.00671323 0.184931 9.9955E-05 9.9955E-05 9.9955E-05
9.9946E-05 0.832352 9.9946E-05 9.9946E-05 0.0542177 9.9946E-05 9.9946E-05 0.105232 0.00759883 9.9946E-05
9.9928E-05 0.890682 9.9928E-05 9.9928E-05 9.9928E-05 9.9928E-05 9.9928E-05 0.108519 9.9928E-05 9.9928E-05
0.0462478 0.472397 9.9946E-05 9.9946E-05 0.480568 9.9946E-05 9.9946E-05 0.000187523 9.9946E-05 9.9946E-05
9.9946E-05 0.355541 0.0231515 9.9946E-05 0.589858 9.9946E-05 9.9946E-05 9.9946E-05 9.9946E-05 0.03085
0.012637 0.635309 9.9946E-05 9.9946E-05 0.33452 9.9946E-05 9.9946E-05 9.9946E-05 9.9946E-05 0.016934
9.9955E-05 0.40275 9.9955E-05 0.000865563 0.466873 9.9955E-05 0.0133482 0.115663 9.9955E-05 9.9955E-05
0.0681811 0.457439 0.00150784 9.9955E-05 0.428635 9.9955E-05 9.9955E-05 0.043738 9.9955E-05 9.9955E-05
9.9964E-05 0.0748339 0.738911 9.9964E-05 0.0413291 9.9964E-05 0.090507 0.00181935 0.0521998 9.9964E-05
0.0897868 0.0800723 0.651575 0.0158921 9.9982E-05 0.00984259 0.120129 9.9982E-05 0.00811058 0.0243914
9.9946E-05 9.9946E-05 0.846733 9.9946E-05 9.9946E-05 0.0295916 0.0565641 9.9946E-05 9.9946E-05 0.0665114
9.9946E-05 0.00503931 0.911282 0.0399512 0.0431281 9.9946E-05 9.9946E-05 9.9946E-05 9.9946E-05 9.9946E-05
9.9964E-05 0.086613 0.0791198 0.0538376 0.517783 0.0180593 9.9964E-05 0.244187 9.9964E-05 9.9964E-05
0.00133689 9.9955E-05 0.0207965 9.9955E-05 0.476132 9.9955E-05 9.9955E-05 0.405004 9.9955E-05 0.09623
9.9973E-05 0.00157488 0.0189127 9.9973E-05 0.234328 0.0822118 9.9973E-05 0.4395 0.0793787 0.143794
9.9946E-05 9.9946E-05 9.9946E-05 9.9946E-05 0.612533 9.9946E-05 0.0268247 0.287449 9.9946E-05 0.0725939
9.9964E-05 0.103326 9.9964E-05 0.00732112 0.356998 0.0367021 9.9964E-05 0.384156 0.111096 9.9964E-05
0.0374103 9.9973E-05 0.210745 9.9973E-05 0.453163 0.0221293 0.15667 9.9973E-05 0.0598722 0.0597112
9.9964E-05 0.0919265 9.9964E-05 0.048158 0.397376 0.00639435 0.0427052 0.41304 9.9964E-05 9.9964E-05
0.00430841 9.9982E-05 0.00894565 0.021111 0.38582 0.0109233 0.0125332 0.369802 9.9982E-05 0.186357
9.9964E-05 0.0519862 9.9964E-05 0.00241338 0.467868 0.043054 0.0592633 0.375015 9.9964E-05 9.9964E-05
0.118775 0.0162507 0.040134 9.9973E-05 0.413063 0.042987 9.9973E-05 0.293674 9.9973E-05 0.0748163
9.9964E-05 0.0258627 9.9964E-05 0.0572406 0.515464 9.9964E-05 0.0302501 0.346124 0.0246584 9.9964E-05
9.9937E-05 0.00775753 9.9937E-05 9.9937E-05 0.085268 9.9937E-05 9.9937E-05 0.906275 9.9937E-05 9.9937E-05
9.9955E-05 9.9955E-05 9.9955E-05 9.9955E-05 0.0783628 9.9955E-05 0.0899389 0.537675 0.112602 0.180922
0.0186363 9.9946E-05 0.00829245 9.9946E-05 0.38338 9.9946E-05 9.9946E-05 0.589092 9.9946E-05 9.9946E-05
9.9937E-05 0.082769 9.9937E-05 0.0332827 9.9937E-05 9.9937E-05 9.9937E-05 0.883249 9.9937E-05 9.9937E-05
0.096586 0.00666542 0.020975 0.0676493 0.445355 0.00823392 9.9973E-05 0.354236 9.9973E-05 9.9973E-05
0.0457725 0.00791196 9.9982E-05 0.05493 0.0837628 0.0016742 0.00188085 0.613071 0.190797 9.9982E-05
9.9928E-05 9.9928E-05 9.9928E-05 0.130273 9.9928E-05 9.9928E-05 9.9928E-05 0.868927 9.9928E-05 9.9928E-05
0.0379692 9.9964E-05 0.0494777 9.9964E-05 0.555516 9.9964E-05 0.0519684 0.274324 0.0303447 9.9964E-05
9.99639E-05 9.99639E-05 0.0124884 9.99639E-05 0.175152 9.99639E-05 0.0174235 0.4843 0.0769804 0.233255
0.0158132 9.9973E-05 9.9973E-05 9.9973E-05 0.336126 0.0686686 0.0732895 0.29146 0.0694185 0.144924
0.000876437 9.9964E-05 9.9964E-05 0.0221257 0.488179 0.07145 9.9964E-05 0.262665 9.9964E-05 0.154303
0.17122 0.152995 9.9973E-05 0.0285068 0.275562 9.9973E-05 0.0527247 0.0282771 9.9973E-05 0.290415
9.9973E-05 9.9973E-05 0.0396599 9.9973E-05 0.475029 0.0497563 0.0499239 0.353514 0.00573647 0.0260809
9.9946E-05 9.9946E-05 0.0726192 9.9946E-05 0.487824 9.9946E-05 9.9946E-05 0.245415 9.9946E-05 0.193542
9.9946E-05 9.9946E-05 9.9946E-05 0.0726692 0.338751 9.9946E-05 9.9946E-05 0.580856 0.00712449 9.9946E-05
0.178807 0.0322531 0.656291 9.9973E-05 9.9973E-05 0.025232 9.9973E-05 0.0604287 0.0217785 0.0249101
0.001885 0.00409334 0.700286 0.0732538 0.00999378 0.0426555 9.9982E-05 0.0144143 9.9982E-05 0.153218
0.106674 9.9955E-05 0.815814 9.9955E-05 9.9955E-05 0.00934062 9.9955E-05 0.0173966 9.9955E-05 0.0502752
0.0757313 0.0402659 0.757496 0.0237621 9.9964E-05 0.0959366 9.9964E-05 0.00640867 9.9964E-05 9.9964E-05
0.039848 9.9955E-05 0.670645 9.9955E-05 9.9955E-05 0.0811886 9.9955E-05 9.9955E-05 0.134238 0.0735808
0.051064 9.9964E-05 0.0102108 9.9964E-05 0.0528025 9.9964E-05 0.0775493 0.626169 9.9964E-05 0.181805
0.0401356 9.9973E-05 0.0686675 9.9973E-05 0.151958 0.0287249 9.9973E-05 0.564073 0.00561182 0.140529
9.9955E-05 0.0633771 9.9955E-05 9.9955E-05 0.132195 9.9955E-05 0.023214 0.73416 0.0465538 9.9955E-05
0.0861821 0.0269877 9.9973E-05 0.0442935 0.300162 9.9973E-05 0.0173318 0.436987 0.0877559 9.9973E-05
9.9973E-05 0.0400462 0.0614034 9.9973E-05 0.604966 0.00648072 9.9973E-05 0.262352 0.00317292 0.0212786
9.9973E-05 0.00866702 0.0836867 9.9973E-05 0.409843 9.9973E-05 0.0315161 0.28084 0.168502 0.0166452
9.9991E-05 0.0557767 0.0200211 0.00209212 0.502088 0.0658829 0.0188578 0.206362 0.0614737 0.067346
0.0263626 9.9973E-05 9.9973E-05 9.9973E-05 0.206075 0.0352005 0.0420467 0.44856 0.0783368 0.163118
0.0117345 9.9955E-05 9.9955E-05 9.9955E-05 0.341719 0.0748003 9.9955E-05 0.485559 9.9955E-05 0.0856874
0.122855 9.9955E-05 9.9955E-05 9.9955E-05 0.316289 9.9955E-05 9.9955E-05 0.413758 0.0415983 0.105001
9.9946E-05 9.9946E-05 0.13616 9.9946E-05 0.417915 9.9946E-05 9.9946E-05 9.9946E-05 0.326572 0.118753
9.9955E-05 9.9955E-05 0.0514123 9.9955E-05 0.434837 0.0644006 9.9955E-05 0.399277 9.9955E-05 0.0495738
9.9982E-05 9.9982E-05 0.0374383 0.02297 0.463072 0.0408909 0.00369764 0.358165 0.00490287 0.0686636
9.9964E-05 0.0319804 0.0824756 0.0850145 0.380699 9.9964E-05 0.406508 0.0129225 9.9964E-05 9.9964E-05
9.9946E-05 9.9946E-05 0.0509261 0.198446 0.43997 9.9946E-05 0.310059 9.9946E-05 9.9946E-05 9.9946E-05
9.9973E-05 0.00944516 0.0532186 9.9973E-05 0.374424 9.9973E-05 0.0190539 0.184867 0.285411 0.0732809
9.9955E-05 9.9955E-05 0.199513 0.133365 0.125403 0.000828044 0.54039 9.9955E-05 9.9955E-05 9.9955E-05
9.9946E-05 9.9946E-05 0.214381 9.9946E-05 0.352949 0.0109408 0.42113 9.9946E-05 9.9946E-05 9.9946E-05
0.0334367 9.9982E-05 0.0925958 0.111022 0.316197 0.0102147 0.14616 0.0210927 0.269082 9.9982E-05
9.9955E-05 9.9955E-05 0.100824 9.9955E-05 0.409199 9.9955E-05 0.0149773 9.9955E-05 0.325561 0.14894
9.9955E-05 9.9955E-05 0.0936139 9.9955E-05 0.368145 0.00692776 9.9955E-05 9.9955E-05 0.426173 0.104641
9.9955E-05 0.00705493 0.140249 0.129738 0.313464 9.9955E-05 0.408994 9.9955E-05 9.9955E-05 9.9955E-05
0.0241304 9.9955E-05 0.0368265 0.144288 0.405295 9.9955E-05 0.388961 9.9955E-05 9.9955E-05 9.9955E-05
9.9964E-05 0.0286464 0.0584129 0.163136 0.378897 0.0410648 0.329443 9.9964E-05 9.9964E-05 9.9964E-05
9.9955E-05 9.9955E-05 0.0365131 0.20207 0.279409 0.0313919 0.450116 9.9955E-05 9.9955E-05 9.9955E-05
0.000768034 9.9973E-05 0.0243192 0.00571175 0.470938 0.0246108 0.0469129 9.9973E-05 0.426439 9.9973E-05
9.9946E-05 9.9946E-05 0.1611 0.0860885 0.205005 9.9946E-05 0.547206 9.9946E-05 9.9946E-05 9.9946E-05
9.99549E-05 9.99549E-05 0.0752276 9.99549E-05 0.0131946 0.0593037 9.99549E-05 9.99549E-05 0.588051 0.263724
9.9946E-05 9.9946E-05 9.9946E-05 9.9946E-05 0.475766 9.9946E-05 0.133204 9.9946E-05 0.377225 0.013205
0.0275574 9.9964E-05 0.104197 9.9964E-05 0.534219 9.9964E-05 0.0297086 9.9964E-05 0.224614 0.0793036
0.0679436 9.9964E-05 0.143229 9.9964E-05 0.414757 9.9964E-05 0.00136165 9.9964E-05 0.344068 0.028241
0.037241 0.0365524 0.181413 0.0244548 0.256391 0.00384216 0.262105 0.0277904 0.17011 9.9991E-05
9.9982E-05 0.106705 0.177089 0.0708041 0.342109 0.0190602 0.235821 9.9982E-05 0.0183531 0.0298579
9.9946E-05 9.9946E-05 0.142207 0.182347 0.277937 9.9946E-05 0.396909 9.9946E-05 9.9946E-05 9.9946E-05
9.9955E-05 9.9955E-05 0.117107 9.9955E-05 0.338953 9.9955E-05 9.9955E-05 0.0439446 0.377973 0.121523
9.9982E-05 0.0606251 0.0255977 0.118569 0.0792932 0.00405028 0.0557326 0.014908 0.641024 9.9982E-05
0.0687184 0.0761487 0.0409568 0.0272607 0.210995 0.0469356 0.0876419 0.0412251 0.168071 0.232047
9.9982E-05 9.9982E-05 0.0786637 0.252474 0.449924 0.0156557 0.110317 0.00398301 0.0153056 0.0734774
9.99459E-05 9.99459E-05 9.99459E-05 0.859913 0.0706769 0.0583282 9.99459E-05 0.0104822 9.99459E-05 9.99459E-05
9.99279E-05 9.99279E-05 9.99279E-05 0.979211 9.99279E-05 0.0199898 9.99279E-05 9.99279E-05 9.99279E-05 9.99279E-05
0.00627609 9.9964E-05 9.9964E-05 0.470943 0.353821 0.0441935 9.9964E-05 0.0522772 9.9964E-05 0.0720887
9.9946E-05 9.9946E-05 0.115566 0.60458 0.183199 9.9946E-05 9.9946E-05 9.9946E-05 0.0960556 9.9946E-05
9.9946E-05 9.9946E-05 0.100567 0.813811 0.0168098 9.9946E-05 0.068213 9.9946E-05 9.9946E-05 9.9946E-05
0.0437901 0.110605 0.0584843 0.346429 0.423688 0.00812586 9.9973E-05 0.00857767 9.9973E-05 9.9973E-05
0.0124924 0.0371988 0.203363 0.128173 0.444679 9.9982E-05 0.0594199 9.9982E-05 0.0680564 0.046418
9.9982E-05 9.9982E-05 0.164188 0.349683 0.232524 0.0079434 0.102423 0.00755599 0.113963 0.0215202
9.99369E-05 9.99369E-05 9.99369E-05 0.755159 0.156664 9.99369E-05 9.99369E-05 9.99369E-05 9.99369E-05 0.087477
9.9973E-05 0.0619959 0.0871879 0.255956 0.494963 0.0746137 0.020202 0.0047818 9.9973E-05 9.9973E-05
9.9937E-05 9.9937E-05 9.9937E-05 0.577642 0.269872 9.9937E-05 9.9937E-05 9.9937E-05 9.9937E-05 0.151786
9.9928E-05 9.9928E-05 0.0105209 0.98868 9.9928E-05 9.9928E-05 9.9928E-05 9.9928E-05 9.9928E-05 9.9928E-05
0.000719172 9.9973E-05 0.0163448 0.408484 0.397916 0.0327336 0.111225 9.9973E-05 9.9973E-05 0.0322782
