9.9991E-05 0.911491 0.0884095
9.999E-05 0.939116 0.0607842
9.999E-05 0.794682 0.205218
0.0200087 0.790931 0.18906
9.9991E-05 0.860466 0.139434
0.193414 0.682426 0.124161
0.0480844 0.883727 0.068189
0.0793361 0.806833 0.113831
0.0878743 0.912026 9.9991E-05
0.0401985 0.753462 0.20634
0.146199 0.802065 0.051736
0.764561 0.0940099 0.141429
0.608168 0.0571593 0.334673
0.680717 0.183385 0.135898
0.551831 0.103508 0.344662
0.502222 0.136406 0.361372
0.526274 9.9991E-05 0.473626
0.648466 0.0207186 0.330816
0.563911 0.16656 0.269529
0.757652 0.242248 9.9991E-05
0.614625 0.036299 0.349076
0.585633 0.0489417 0.365425
0.597938 0.0294914 0.372571
0.67951 0.0846927 0.235798
0.512663 0.0240779 0.463259
0.505083 0.0344352 0.460481
0.700102 0.154704 0.145194
0.621195 0.153223 0.225583
0.81367 0.0731082 0.113222
9.9991E-05 0.815065 0.184835
9.9991E-05 0.824022 0.175878
0.0382686 0.759989 0.201742
0.034099 0.73748 0.228421
0.669037 0.00585557 0.325107
0.65836 0.0333958 0.308244
0.647824 9.9991E-05 0.352076
0.699403 0.246374 0.0542231
0.76188 9.9991E-05 0.23802
0.625334 0.0451555 0.32951
0.575471 9.9991E-05 0.424429
0.651759 0.0292315 0.319009
0.528975 0.0676294 0.403396
0.896351 0.0744983 0.0291509
0.56352 9.9991E-05 0.43638
0.607231 0.00603083 0.386738
0.521904 0.14102 0.337076
0.821957 9.9991E-05 0.177943
0.562114 9.9991E-05 0.437786
0.567074 0.00741331 0.425513
0.845281 0.154619 9.9991E-05
0.915537 0.0766065 0.00785621
0.858176 0.129994 0.0118293
0.561842 0.0522682 0.38589
0.50744 0.0111399 0.48142
0.530338 9.9991E-05 0.469562
0.764748 0.198955 0.0362968
0.641261 9.9991E-05 0.358639
0.481451 0.0103787 0.508171
0.666406 0.174314 0.15928
0.651672 0.317108 0.0312197
0.555554 0.0805292 0.363917
0.614313 0.136797 0.24889
0.822368 0.177532 9.9991E-05
0.735076 9.9991E-05 0.264824
0.513024 9.9991E-05 0.486876
0.508807 0.06912 0.422074
0.685323 0.131107 0.18357
0.632274 9.9991E-05 0.367626
0.420408 0.109972 0.46962
0.793146 0.149271 0.0575832
0.722563 9.9991E-05 0.277337
0.886624 0.0418757 0.0715004
0.576141 0.0465907 0.377268
0.946282 0.0536182 9.9991E-05
0.974848 0.0250519 9.9991E-05
0.846115 9.9991E-05 0.153785
0.742796 9.9991E-05 0.257104
0.555994 0.112413 0.331594
0.704391 9.9991E-05 0.295509
0.807134 0.0913811 0.101485
0.830685 0.0786603 0.0906551
0.528379 0.0124597 0.459161
0.795646 0.026798 0.177556
0.776346 9.9991E-05 0.223554
0.771872 9.9991E-05 0.228028
0.924547 0.0753535 9.9991E-05
0.672431 9.9991E-05 0.327469
0.0118284 0.824388 0.163784
9.9991E-05 0.871004 0.128896
9.9991E-05 0.837262 0.162638
9.9991E-05 0.869815 0.130085
9.9991E-05 0.847529 0.152371
9.9991E-05 0.852209 0.147692
9.9991E-05 0.87601 0.12389
0.57579 0.00659555 0.417615
0.590839 0.0508999 0.358261
0.937716 0.0621838 9.9991E-05
0.529799 0.0234069 0.446794
0.772711 9.9991E-05 0.227189
0.631405 9.9991E-05 0.368495
0.659549 9.9991E-05 0.340351
0.667337 9.9991E-05 0.332563
0.884741 0.115159 9.9991E-05
0.539485 0.125176 0.335339
0.567763 0.00372522 0.428511
0.588233 0.0299118 0.381855
0.810338 9.9991E-05 0.189562
0.686922 9.9991E-05 0.312978
0.758614 0.00416626 0.23722
0.746999 9.9991E-05 0.252901
0.768758 0.0192552 0.211987
0.581484 0.0243756 0.39414
0.754096 0.153722 0.0921816
0.616862 0.140271 0.242867
0.547908 0.0900179 0.362074
0.537486 0.064953 0.397561
0.736673 0.037 0.226327
0.63152 9.9991E-05 0.36838
0.684746 0.0407249 0.274529
0.571243 0.0606047 0.368152
0.541141 0.084302 0.374557
0.682777 9.9991E-05 0.317123
0.726578 0.0534676 0.219954
0.592079 0.0175727 0.390348
0.480388 0.10607 0.413542
0.592263 9.9991E-05 0.407637
0.570769 0.00334503 0.425886
0.592159 0.00653747 0.401304
0.625217 0.164092 0.21069
0.577928 0.00699306 0.415079
0.583366 9.9991E-05 0.416534
0.727915 0.0943219 0.177763
0.805011 0.138859 0.0561294
0.715255 0.0196065 0.265139
0.880346 0.0449726 0.0746818
0.786275 0.150726 0.0629985
0.722423 0.0664062 0.211171
0.778929 0.0853092 0.135762
0.802828 0.0680686 0.129104
0.630963 0.000724917 0.368312
0.478369 0.134912 0.386718
0.614867 0.0834794 0.301653
0.771543 0.113573 0.114884
0.490983 0.103037 0.405981
0.636759 0.0513089 0.311932
0.686756 0.313144 9.9991E-05
0.546439 0.0641316 0.38943
0.623372 0.148592 0.228036
0.58569 0.0363436 0.377967
0.677456 0.207213 0.115331
0.747829 0.195639 0.0565321
0.693562 0.0877674 0.21867
0.541221 0.0801251 0.378654
0.563586 0.130325 0.306089
0.677287 0.221934 0.100779
0.511229 0.0971039 0.391667
0.84556 0.0134518 0.140989
0.754264 9.9991E-05 0.245636
0.560546 0.047582 0.391872
0.247924 0.393092 0.358984
0.0509129 0.761867 0.18722
0.182929 0.686645 0.130426
0.102368 0.505983 0.39165
0.613845 9.9991E-05 0.386055
0.637382 9.9991E-05 0.362518
0.0857256 9.9991E-05 0.914174
0.317128 0.0129883 0.669884
0.258307 0.093088 0.648605
0.765839 0.0463971 0.187764
0.499195 0.0605338 0.440271
0.801077 0.0688674 0.130056
0.621811 9.9991E-05 0.378089
0.679998 0.0590519 0.26095
0.605843 0.00860569 0.385552
0.858925 0.0696635 0.0714111
0.551499 0.0128475 0.435654
0.504875 0.0701959 0.424929
9.9991E-05 0.0602647 0.939635
0.00962104 0.0666026 0.923776
0.141464 0.0293034 0.829233
0.048594 0.0715747 0.879831
0.0592844 0.0929731 0.847743
9.9991E-05 0.0545494 0.945351
9.9991E-05 0.053484 0.946416
9.999E-05 9.999E-05 0.9998
9.9991E-05 0.0372744 0.962626
9.9991E-05 0.0566179 0.943282
9.9991E-05 0.0761785 0.923721
0.00601728 0.101471 0.892511
0.0100447 0.116415 0.87354
9.9991E-05 0.0417028 0.958197
0.275019 0.125431 0.59955
0.090621 0.0903557 0.819023
0.0433403 0.122132 0.834527
9.9991E-05 0.0855344 0.914366
9.9991E-05 0.0802383 0.919662
9.9991E-05 0.106608 0.893292
9.9991E-05 0.0752524 0.924648
0.0766298 0.111466 0.811904
9.9991E-05 0.104865 0.895035
0.432678 0.526388 0.0409345
0.471632 0.198732 0.329636
0.45839 0.183608 0.358002
0.466348 0.292226 0.241426
0.424162 0.187535 0.388303
0.43032 0.365121 0.20456
0.44506 0.162337 0.392603
0.485108 0.196541 0.318351
0.400276 0.143334 0.456389
0.390308 0.190545 0.419147
0.486161 0.132249 0.38159
0.0585187 0.885645 0.0558365
9.9991E-05 0.896881 0.103019
9.9991E-05 0.969223 0.0306768
9.9991E-05 0.934398 0.0655019
9.9991E-05 0.914444 0.0854559
9.9991E-05 0.868131 0.131769
9.9991E-05 0.848632 0.151268
9.9991E-05 0.923086 0.0768138
9.9991E-05 0.903533 0.0963671
9.9991E-05 0.847757 0.152143
0.272136 0.727764 9.9991E-05
0.306325 0.693575 9.9991E-05
0.343733 0.656167 9.9991E-05
0.398082 0.601818 9.9991E-05
0.646886 9.9991E-05 0.353014
0.628203 0.0378792 0.333918
0.667882 9.9991E-05 0.332018
0.722558 0.0767213 0.200721
0.851966 0.147635 0.000399556
0.680895 0.0110095 0.308096
0.692419 9.9991E-05 0.307481
0.666435 9.9991E-05 0.333465
0.721102 9.9991E-05 0.278798
0.629332 9.9991E-05 0.370568
0.743005 9.9991E-05 0.256895
0.971587 0.0283133 9.9991E-05
0.661652 0.0865977 0.251751
0.83375 0.0354238 0.130826
0.685463 9.9991E-05 0.314437
0.905588 0.0721818 0.02223
0.687044 0.312856 9.9991E-05
0.688542 0.311358 9.9991E-05
0.733146 0.266754 9.9991E-05
0.70117 0.29873 9.9991E-05
0.781513 0.218387 9.9991E-05
0.678894 0.29305 0.0280565
9.9991E-05 0.845691 0.154209
0.0319911 0.835352 0.132657
9.9991E-05 0.719024 0.280876
9.9991E-05 0.785261 0.214639
9.9991E-05 0.82748 0.17242
0.441074 0.558826 9.9991E-05
0.402826 0.597074 9.9991E-05
0.422309 0.577591 9.9991E-05
9.9991E-05 0.814131 0.185769
0.469183 0.530717 9.9991E-05
0.189378 0.258603 0.552018
0.251422 0.143285 0.605293
0.208319 0.13202 0.659661
0.296156 0.254846 0.448998
0.347482 0.15395 0.498567
0.0732061 0.575601 0.351193
0.781057 0.00489118 0.214052
0.797844 0.037456 0.1647
0.713321 0.195371 0.091308
0.695406 9.9991E-05 0.304494
0.911301 0.0885994 9.9991E-05
0.494764 0.10922 0.396016
0.707667 0.0236948 0.268639
0.782321 0.0967553 0.120924
0.573125 0.0309462 0.395929
0.871277 0.128623 9.9991E-05
0.676757 0.0263642 0.296878
0.64052 0.0443799 0.3151
0.451576 0.171521 0.376903
0.798328 9.9991E-05 0.201572
0.690079 0.0287623 0.281158
0.660579 9.9991E-05 0.339321
0.70488 9.9991E-05 0.29502
0.590205 9.9991E-05 0.409695
0.497419 0.095684 0.406897
0.502605 0.131525 0.36587
9.9991E-05 0.765591 0.234309
0.00280723 0.854263 0.142929
0.112053 0.79544 0.0925067
0.0576289 0.819279 0.123092
9.9991E-05 0.830518 0.169382
0.770971 0.185885 0.0431446
0.653463 0.00206963 0.344467
0.324513 0.162695 0.512792
0.586002 9.9991E-05 0.413898
0.719254 9.9991E-05 0.280646
0.714033 0.118367 0.1676
0.697694 0.302206 9.9991E-05
0.585099 0.0235146 0.391386
0.732811 0.207106 0.0600822
0.679415 0.0731239 0.247461
0.697153 0.261693 0.0411546
0.512846 0.0245569 0.462597
0.766269 0.167093 0.0666376
0.678972 0.0955034 0.225525
0.692398 0.00708824 0.300514
0.812351 0.0881646 0.0994848
0.666142 0.0221747 0.311683
0.504123 0.125865 0.370012
0.785081 0.0355161 0.179403
0.520936 0.131024 0.34804
0.665999 9.9996E-05 0.333901
0.945596 0.0543036 9.9991E-05
0.855304 0.0692624 0.0754333
0.728332 0.00195899 0.269709
0.86528 0.13462 9.9991E-05
0.77097 9.9991E-05 0.22893
0.81935 0.18055 9.9991E-05
0.895794 9.9991E-05 0.104106
0.656535 0.0784845 0.264981
0.587211 9.9991E-05 0.412689
0.833959 0.0653729 0.100668
0.572918 0.0920977 0.334984
0.509974 0.0860058 0.404021
0.584505 0.0243912 0.391103
0.611002 9.9991E-05 0.388898
0.669422 0.0374979 0.29308
0.790846 0.0281588 0.180995
0.704829 0.0345285 0.260643
0.590606 9.9991E-05 0.409294
0.561448 9.9991E-05 0.438452
0.666697 0.0834014 0.249902
0.62384 9.9991E-05 0.37606
0.620085 0.168796 0.211118
0.598228 9.9991E-05 0.401672
0.57514 0.0154012 0.409459
0.445001 0.121533 0.433466
0.288602 0.308363 0.403035
0.362594 0.095235 0.542171
0.484047 0.0806452 0.435307
0.459246 0.0219905 0.518764
0.348046 0.145355 0.506599
0.693787 9.9991E-05 0.306113
0.476078 0.0928927 0.43103
0.466198 0.386266 0.147536
0.405591 0.10006 0.494348
0.456856 0.0176351 0.525509
0.387126 0.0462452 0.566629
0.449154 0.223693 0.327153
0.391655 0.0936146 0.51473
0.305213 0.104135 0.590652
0.146282 0.673337 0.180381
0.282163 0.120157 0.59768
0.285104 0.134644 0.580252
0.439453 0.0843729 0.476174
0.282754 0.140419 0.576827
0.411972 0.129569 0.458459
0.65427 9.9991E-05 0.345631
0.506882 0.123564 0.369553
0.951475 0.0484254 9.9991E-05
0.895735 0.104165 9.9991E-05
0.557281 0.0536717 0.389047
0.295826 0.154897 0.549277
0.294043 0.113252 0.592705
0.312506 0.254293 0.433201
0.272969 0.204898 0.522134
0.653467 0.179494 0.167039
0.586488 0.174044 0.239468
0.578666 9.9991E-05 0.421234
0.574576 0.0207132 0.404711
0.662998 0.0952255 0.241776
0.526832 0.00797094 0.465197
0.531777 0.0236781 0.444545
0.463635 0.0783216 0.458044
0.815882 0.0342455 0.149872
0.75923 0.0385739 0.202196
0.582401 0.0295721 0.388027
0.64673 0.0486649 0.304605
0.56079 0.0377673 0.401443
0.748538 0.0394956 0.211966
0.885399 9.9991E-05 0.114501
0.567799 9.9991E-05 0.432101
0.489718 0.119994 0.390288
0.888299 0.0339506 0.0777507
0.678582 0.0406758 0.280742
0.527239 0.0842443 0.388517
0.648271 0.0090188 0.34271
0.390587 0.111985 0.497429
0.463951 0.13793 0.398119
0.375503 0.16672 0.457777
0.364268 0.199819 0.435913
0.430854 0.146745 0.422401
0.392635 0.177874 0.429491
0.500116 0.342632 0.157251
0.364083 0.00708345 0.628834
0.327312 0.549387 0.123301
0.41649 0.0648164 0.518693
0.954997 0.0257596 0.0192433
0.880366 0.119534 9.9991E-05
0.76463 9.9991E-05 0.23527
0.573633 9.9991E-05 0.426267
0.788495 9.9991E-05 0.211405
0.688425 9.9991E-05 0.311475
0.694258 9.9991E-05 0.305642
0.00534703 0.816827 0.177826
0.0703098 0.782635 0.147056
9.9991E-05 0.857143 0.142757
9.9991E-05 0.91111 0.0887904
0.706082 9.9991E-05 0.293818
0.700912 0.0224192 0.276668
0.772866 9.9991E-05 0.227034
0.570212 9.9991E-05 0.429688
0.569023 0.0581226 0.372854
0.855137 0.0355527 0.10931
0.649903 9.9991E-05 0.349997
0.812536 0.000977233 0.186487
0.287841 0.21727 0.494889
0.745307 9.9991E-05 0.254593
0.844085 0.00821808 0.147697
0.702963 9.9991E-05 0.296937
0.794992 9.9991E-05 0.204908
0.666203 9.9991E-05 0.333697
0.63537 9.9991E-05 0.36453
0.983823 9.9991E-05 0.0160767
0.81589 0.000606281 0.183504
0.81542 0.000466367 0.184113
0.9998 9.999E-05 9.999E-05
0.693897 0.0309436 0.275159
0.902061 0.037049 0.0608905
0.90665 0.0932503 9.9991E-05
0.675459 9.9991E-05 0.324441
0.86801 0.0622634 0.0697271
0.720143 0.00170371 0.278154
0.566436 0.036795 0.396769
0.718038 9.9991E-05 0.281862
0.76491 9.9991E-05 0.23499
0.712753 9.9991E-05 0.287147
0.700057 0.0162148 0.283728
0.817326 9.9991E-05 0.182574
0.642126 0.0191393 0.338735
0.267835 0.732065 9.9991E-05
0.164144 0.795486 0.0403701
0.0914186 0.908481 9.9991E-05
0.0939806 0.905919 9.9991E-05
0.197783 0.802117 9.9991E-05
0.852226 0.0677284 0.0800453
0.894753 0.0780717 0.0271751
0.90922 9.9991E-05 0.0906801
0.520286 0.0404679 0.439246
0.512585 0.104027 0.383389
0.774712 0.0175628 0.207726
0.562755 9.9991E-05 0.437145
0.709023 0.0370126 0.253964
0.7183 0.00169366 0.280007
0.610263 0.015286 0.374451
0.870706 0.0214247 0.107869
0.794799 9.9991E-05 0.205101
0.841962 0.0260372 0.132001
0.593642 0.0406102 0.365748
0.827373 9.9991E-05 0.172527
0.688561 9.9991E-05 0.311339
0.300648 0.0294408 0.669911
0.26412 0.0954869 0.640394
0.168444 0.181667 0.649889
0.18694 0.128617 0.684443
0.248035 0.162578 0.589386
0.619686 9.9991E-05 0.380214
9.9991E-05 0.338899 0.661001
0.141174 0.159134 0.699692
0.45982 0.128451 0.411729
0.565941 0.0977035 0.336356
0.606658 0.115912 0.27743
0.519387 0.070456 0.410157
0.568466 9.9991E-05 0.431434
9.9991E-05 0.260139 0.739761
0.234289 0.0904868 0.675224
0.132791 0.0307806 0.836429
0.283638 0.0782123 0.63815
0.0757639 0.169702 0.754534
0.252559 0.156693 0.590748
0.0912091 0.217131 0.69166
0.280707 0.0999845 0.619309
0.611529 0.0514312 0.33704
0.254704 0.14936 0.595936
9.9991E-05 0.210724 0.789176
0.295776 0.145946 0.558278
0.649175 0.287338 0.0634873
0.554865 9.9991E-05 0.445035
0.226261 0.152312 0.621428
0.541748 0.0897846 0.368467
0.590713 0.0953548 0.313932
0.371506 0.126797 0.501697
0.266298 0.252229 0.481473
0.477339 0.0398851 0.482776
0.249463 0.144908 0.605628
0.200554 0.0618376 0.737609
9.9991E-05 0.256275 0.743625
0.539988 0.0352852 0.424726
0.654866 0.0848746 0.26026
0.613667 0.227638 0.158695
0.521848 0.0700401 0.408112
0.600336 0.154508 0.245156
0.384109 0.19074 0.425151
0.443991 0.120998 0.435011
0.306441 0.501116 0.192443
0.364222 0.488854 0.146924
0.520267 0.186466 0.293267
0.308624 0.451781 0.239595
0.12643 0.558896 0.314674
0.444552 0.228723 0.326725
0.382582 0.245505 0.371913
0.371177 0.343759 0.285063
0.373781 0.431231 0.194988
0.446452 0.0712877 0.48226
0.422468 0.318426 0.259106
0.254884 0.648565 0.0965508
0.412418 0.149271 0.438311
0.297104 0.207005 0.495891
0.269855 0.242771 0.487374
0.242827 0.103602 0.65357
0.478646 0.140774 0.380581
0.280504 0.135786 0.58371
0.356978 0.147364 0.495659
0.124513 0.340514 0.534973
0.376134 0.124526 0.499341
0.171476 0.249718 0.578806
0.299007 0.268649 0.432344
0.491623 0.156398 0.351979
0.454885 0.110448 0.434667
0.437799 0.0484411 0.51376
0.478567 0.0877271 0.433706
0.199771 0.26041 0.539819
0.308632 0.119352 0.572015
0.211723 0.416769 0.371508
0.309499 0.0994006 0.591101
0.196674 0.354576 0.44875
0.103222 0.856289 0.0404883
0.766328 0.233572 9.9991E-05
0.70735 0.29255 9.9991E-05
0.70424 0.29566 9.9991E-05
0.764683 0.235217 9.9991E-05
0.755841 0.244059 9.9991E-05
0.792016 0.207884 9.9991E-05
0.708491 0.291409 9.9991E-05
0.582842 0.417058 9.9991E-05
9.9991E-05 0.907353 0.0925468
0.0501397 0.856714 0.0931459
9.9991E-05 0.890921 0.108979
0.0959607 0.867759 0.0362803
9.9991E-05 0.862968 0.136932
9.9991E-05 0.940192 0.0597082
0.000933028 0.772893 0.226174
9.9991E-05 0.877351 0.122549
0.0657154 0.764548 0.169736
9.9991E-05 0.872611 0.127289
9.9991E-05 0.992079 0.00782099
0.00989295 0.851203 0.138904
9.9991E-05 0.907636 0.0922636
9.9991E-05 0.863356 0.136544
9.9991E-05 0.850402 0.149498
9.9991E-05 0.814795 0.185105
9.9991E-05 0.749371 0.250529
9.9991E-05 0.760968 0.238932
9.9991E-05 0.79419 0.20571
0.590916 0.140267 0.268817
0.563909 9.9991E-05 0.435991
0.49425 0.0763485 0.429402
0.747994 0.186615 0.0653914
0.546046 0.104491 0.349463
0.626625 0.270628 0.102748
0.489188 0.0362206 0.474592
0.681063 0.0896949 0.229242
0.655086 0.0557406 0.289173
0.684176 0.00285838 0.312966
0.617795 0.145125 0.23708
0.605386 9.9991E-05 0.394514
0.615114 0.0556992 0.329186
0.843768 0.139194 0.0170379
0.771246 0.228654 9.9991E-05
0.730184 0.214103 0.0557134
0.543259 0.0491009 0.40764
0.523807 0.135483 0.34071
0.592478 0.0964114 0.311111
0.502567 0.0390212 0.458412
0.331855 0.183676 0.484469
0.378126 0.0882239 0.53365
0.265428 0.492138 0.242434
0.488936 0.132628 0.378435
0.353253 0.227146 0.419601
0.25701 0.557635 0.185355
0.225175 0.33765 0.437176
0.260107 0.382011 0.357882
0.353737 0.303372 0.342891
0.407657 0.124162 0.46818
0.296651 0.199463 0.503886
0.340243 0.0977322 0.562025
0.40296 0.209133 0.387907
0.166333 0.413608 0.420059
