0.0594269 9.9982E-05 9.9982E-05 0.0304773 0.909896
0.0416412 9.9991E-05 0.025201 0.0155539 0.917504
0.0212285 9.9991E-05 0.105249 0.0587393 0.814683
0.0942851 9.9991E-05 0.0621233 0.049195 0.794297
0.00740379 0.0141921 0.0509203 0.0290168 0.898467
0.0702952 0.131758 0.115099 0.0588969 0.62395
0.0304648 0.109535 9.9982E-05 9.9982E-05 0.8598
0.161125 0.0432294 9.9991E-05 0.0294132 0.766132
0.0538413 0.0930809 9.9982E-05 9.9982E-05 0.852878
9.999E-05 0.116387 0.11774 0.0131484 0.752624
0.070827 0.1276 0.0193913 9.9991E-05 0.782082
0.557958 0.0985133 0.264331 0.0790979 9.9991E-05
0.38497 0.0702783 0.410746 0.133906 9.9991E-05
0.519281 0.125002 0.162597 0.1475 0.0456197
0.40868 0.0533564 0.348748 0.141629 0.0475864
0.295648 0.0268903 0.363336 0.216905 0.0972197
0.185762 0.0441684 0.560651 0.168543 0.0408756
0.228872 0.205052 0.434793 0.104883 0.0264004
0.323959 0.09503 0.391974 0.0500363 0.139
0.626982 0.228095 0.0125579 0.0696064 0.0627588
0.281793 0.199893 0.346497 0.160724 0.0110937
0.155016 0.226477 0.469342 0.0786684 0.0704956
0.251496 0.0887777 0.622039 0.0375872 9.9991E-05
0.378575 0.17872 0.296279 0.146326 9.9991E-05
0.126618 0.0289468 0.65767 0.135174 0.0515908
0.270012 0.0014467 0.570746 0.125319 0.0324765
0.513564 0.129228 0.208033 0.070869 0.0783054
0.472345 0.135503 0.161184 0.228105 0.00286283
0.483721 0.19786 0.232794 0.0784585 0.00716624
9.9982E-05 9.9982E-05 0.121153 0.0145149 0.864132
9.9973E-05 9.9973E-05 0.125692 9.9973E-05 0.874008
9.9982E-05 9.9982E-05 0.182659 0.0206558 0.796485
9.9982E-05 9.9982E-05 0.170159 0.0579149 0.771726
0.0553322 0.172721 0.660629 0.029637 0.0816799
0.107693 0.153981 0.585385 0.0604709 0.0924697
9.9991E-05 0.230913 0.706442 0.018024 0.0445206
0.571611 0.11211 0.197478 0.0238854 0.0949151
0.0107426 0.445102 0.526625 9.9991E-05 0.0174307
0.165398 0.116357 0.647905 0.0573484 0.0129914
9.9982E-05 0.19401 0.764528 9.9982E-05 0.0412619
0.114643 0.119609 0.639851 0.0218228 0.104074
0.123502 0.0669786 0.697987 9.9991E-05 0.111433
0.148901 0.5237 0.293476 9.9991E-05 0.0338227
0.0579568 0.259512 0.540266 0.079924 0.0623414
0.103761 0.100607 0.673003 0.0487846 0.0738436
0.0106275 0.109472 0.671811 0.0496317 0.158458
9.9973E-05 0.499657 0.500043 9.9973E-05 9.9973E-05
9.9982E-05 0.242014 0.705026 0.0527595 9.9982E-05
0.0728853 0.0998365 0.597311 0.117772 0.112195
0.0395397 0.880075 9.9982E-05 9.9982E-05 0.0801854
0.471969 0.26519 0.26264 9.9982E-05 9.9982E-05
0.182967 0.607926 0.127629 0.0389205 0.0425579
0.118531 0.0904624 0.664321 0.0770128 0.0496723
0.0749334 0.131492 0.600349 0.14815 0.0450749
0.0769127 0.137378 0.59972 0.0807715 0.105219
0.404995 0.239646 0.231845 9.9991E-05 0.123414
0.195772 0.0954286 0.686715 9.9991E-05 0.0219843
0.119704 0.0837198 0.620589 0.104218 0.0717693
0.214375 0.209783 0.435283 9.9991E-05 0.140458
0.354857 0.269873 0.11843 0.0693909 0.187449
0.149014 0.0802996 0.546173 0.0886536 0.135859
0.247434 0.0961913 0.459783 0.0841157 0.112476
0.490347 0.351058 0.108456 9.9991E-05 0.0500389
0.324429 0.0687562 0.540616 0.0660983 9.9991E-05
0.109119 0.141722 0.679454 0.0535665 0.0161389
0.210732 0.0754718 0.462319 0.203459 0.0480189
0.331191 0.270585 0.283192 0.0676374 0.0473947
0.162445 0.192079 0.547072 0.0887462 0.00965746
0.247095 0.0491325 0.621837 0.0818358 9.9991E-05
0.426666 0.229665 0.288911 9.9991E-05 0.0546581
0.0982172 0.163665 0.737918 9.9982E-05 9.9982E-05
0.206486 0.394549 0.398764 9.9982E-05 9.9982E-05
0.172956 0.129431 0.529905 0.0985634 0.069144
9.9973E-05 0.824211 0.175489 9.9973E-05 9.9973E-05
0.0692466 0.775778 0.154776 9.9982E-05 9.9982E-05
9.9973E-05 0.537648 0.462053 9.9973E-05 9.9973E-05
0.0509806 0.268433 0.620343 9.9991E-05 0.0601436
0.159778 0.0723205 0.48508 0.136768 0.146054
0.0658002 0.343792 0.558238 0.0320694 9.9991E-05
0.298375 0.313395 0.327168 0.0233797 0.0376831
0.321678 0.294622 0.3835 9.9982E-05 9.9982E-05
0.119229 0.209329 0.49201 0.120971 0.0584604
0.0599296 0.425219 0.471703 9.9991E-05 0.0430486
0.104327 0.270501 0.560062 9.9991E-05 0.0650096
9.9973E-05 0.491567 0.508133 9.9973E-05 9.9973E-05
0.0494727 0.803296 0.147032 9.9982E-05 9.9982E-05
0.0155581 0.192413 0.762084 0.0054626 0.0244832
0.0220309 9.9982E-05 0.145714 9.9982E-05 0.832055
9.9973E-05 9.9973E-05 0.0719298 9.9973E-05 0.92777
9.9982E-05 9.9982E-05 0.0893515 0.00647541 0.903973
9.9991E-05 0.0251737 0.0288493 0.0308414 0.915036
9.9982E-05 9.9982E-05 0.0928366 0.0205218 0.886442
9.9982E-05 0.0130637 0.0867171 9.9982E-05 0.900019
9.9982E-05 9.9982E-05 0.0721346 0.00752644 0.920139
0.143758 0.0566279 0.577407 0.0787502 0.143457
0.105314 0.1646 0.559139 0.0311052 0.139841
0.184741 0.625957 0.189102 9.9982E-05 9.9982E-05
0.0738947 0.0936658 0.624521 0.0629624 0.144956
0.129948 0.2763 0.593552 9.9982E-05 9.9982E-05
0.0358619 0.142883 0.738249 0.0233979 0.0596077
0.0349944 0.280592 0.582553 0.0427241 0.0591369
9.9991E-05 0.358153 0.544631 0.0775155 0.0196002
0.321636 0.574708 0.0944581 9.9991E-05 0.00909878
0.054535 0.141003 0.608817 0.0220157 0.173629
0.0975844 0.0715496 0.760466 9.9991E-05 0.0703003
0.0582943 0.103685 0.617938 0.0736814 0.146401
0.0104668 0.490643 0.481257 0.0102527 0.00738103
9.9982E-05 0.317694 0.679384 9.9982E-05 0.00272185
0.0961555 0.312444 0.591201 9.9982E-05 9.9982E-05
9.9982E-05 0.443963 0.531688 0.0241496 9.9982E-05
0.101279 0.304747 0.593774 9.9982E-05 9.9982E-05
0.0713345 0.112337 0.687605 9.9991E-05 0.128623
0.326342 0.31997 0.2241 0.0843762 0.0452113
0.365843 0.00361844 0.448795 0.0533566 0.128387
0.184416 0.026534 0.555944 0.0956639 0.137441
0.0975776 0.1128 0.659957 0.0701764 0.0594889
0.307636 0.0360832 0.622882 9.9991E-05 0.0332991
0.279633 0.0147185 0.639507 0.0660407 9.9991E-05
0.382589 0.0455138 0.472282 0.0582088 0.0414072
0.210958 0.132185 0.532557 0.0185457 0.105755
0.1959 0.0719833 0.610126 0.0826524 0.0393384
0.166979 0.106344 0.672451 0.00826955 0.045957
0.34356 0.0262173 0.630022 9.9982E-05 9.9982E-05
0.136339 0.0357169 0.665792 0.0842275 0.0779242
0.165311 0.0415399 0.599841 0.0348617 0.158446
0.276771 0.0229469 0.611906 0.0848018 0.00357441
0.0770379 0.172802 0.468951 0.161094 0.120114
0.180672 0.082256 0.584128 0.135739 0.0172055
0.262174 0.243183 0.372613 0.0524308 0.0695994
0.178441 9.9991E-05 0.69808 0.0933464 0.0300324
0.232233 9.9991E-05 0.716051 0.028195 0.0234217
0.365639 0.234925 0.299221 0.0647099 0.0355053
0.289831 0.397131 0.18948 0.0822328 0.0413249
0.236267 0.0560483 0.511267 0.153871 0.0425462
0.320656 0.498032 0.0943222 0.0868896 9.9991E-05
0.487815 0.140032 0.319191 0.00939888 0.0435624
0.279487 0.229611 0.490702 9.9982E-05 9.9982E-05
0.514947 0.0194022 0.433984 9.9991E-05 0.031566
0.589963 0.0366878 0.326098 0.0409453 0.00630639
0.156515 0.108358 0.641449 0.0299119 0.063766
0.11725 0.189817 0.489906 0.179149 0.0238772
0.289516 0.0519279 0.641233 9.9991E-05 0.0172229
0.36329 0.36896 0.174869 0.0927815 9.9991E-05
0.0599204 0.167422 0.503043 0.110433 0.159182
0.0453082 0.237677 0.607729 0.0482676 0.0610186
0.0948008 0.619936 0.0394425 0.0111216 0.234699
9.9991E-05 0.151581 0.64677 0.112064 0.0894843
0.0938786 0.37841 0.364632 0.0318995 0.131179
0.103254 0.23687 0.498496 0.0718299 0.0895497
0.0637508 0.446621 0.296356 0.0656257 0.127647
0.170719 0.485482 0.248181 9.9991E-05 0.0955185
0.104718 0.27999 0.43835 0.0409134 0.136029
0.0348695 0.166235 0.482926 0.190969 0.125001
0.0788439 0.26764 0.482452 0.0764253 0.0946387
0.0438875 0.631513 9.9991E-05 0.222043 0.102456
0.0929878 0.20935 0.568554 0.0646042 0.0645037
0.15093 0.335464 0.509973 9.9991E-05 0.00353352
0.0984027 0.345649 0.505768 0.0460915 0.00408965
0.0895324 0.0822062 0.644998 9.9991E-05 0.183164
9.9991E-05 0.229546 0.155822 0.278622 0.33591
9.9982E-05 0.213591 9.9982E-05 0.165553 0.620657
9.9982E-05 0.332773 9.9982E-05 0.164017 0.50301
0.0708543 0.103547 0.0110867 0.405529 0.408983
9.9982E-05 0.240227 0.721106 0.0384676 9.9982E-05
0.0803352 0.117264 0.697904 0.0454497 0.0590469
0.0311189 9.9982E-05 0.240752 0.727929 9.9982E-05
0.0753467 0.0217155 0.408651 0.424231 0.0700567
0.0899191 0.0277599 0.404147 0.397733 0.0804413
0.0168984 0.475228 0.454635 0.00406593 0.0491725
9.9991E-05 0.235077 0.569109 0.112741 0.0829738
0.0995173 0.5992 0.223211 0.0593374 0.0187347
0.00241019 0.270989 0.586844 0.122488 0.0172696
9.9991E-05 0.35621 0.576278 0.0167179 0.0506933
9.9991E-05 0.268704 0.597124 0.0781207 0.0559508
0.035643 0.650859 0.242231 0.020577 0.05069
9.9991E-05 0.15789 0.711614 0.0708246 0.0595722
0.0920439 0.223728 0.508633 0.0954996 0.0800952
9.9973E-05 0.0027876 9.9973E-05 0.996912 9.9973E-05
9.9973E-05 9.9973E-05 0.113405 0.886295 9.9973E-05
0.0698853 0.0786006 0.236036 0.597362 0.0181163
9.9982E-05 9.9982E-05 0.334805 0.634135 0.0308599
0.0108792 9.9982E-05 0.148477 0.840444 9.9982E-05
9.997E-05 9.997E-05 9.997E-05 0.9996 9.997E-05
0.017239 9.9973E-05 9.9973E-05 0.982461 9.9973E-05
9.9973E-05 9.9973E-05 0.109252 0.890448 9.9973E-05
0.0233648 9.9973E-05 9.9973E-05 0.976335 9.9973E-05
9.9973E-05 9.9973E-05 9.9973E-05 0.99879 0.000909631
9.997E-05 9.997E-05 9.997E-05 0.9996 9.997E-05
0.0343347 9.9982E-05 0.158756 0.806709 9.9982E-05
0.00320668 9.9991E-05 0.0927788 0.822261 0.0816538
0.0150354 9.9973E-05 9.9973E-05 0.984665 9.9973E-05
0.128704 9.9991E-05 0.334658 0.474011 0.0625267
0.00502762 9.9991E-05 0.295184 0.655816 0.0438726
0.0531564 9.9982E-05 0.178561 0.768082 9.9982E-05
0.0154718 9.9991E-05 0.0391545 0.912495 0.0327782
9.997E-05 9.997E-05 9.997E-05 0.9996 9.997E-05
0.0244575 9.9991E-05 0.0700317 0.836612 0.0687983
9.997E-05 9.997E-05 9.997E-05 0.9996 9.997E-05
9.9982E-05 9.9982E-05 0.321051 0.624648 0.0541008
9.9973E-05 0.0722855 9.9973E-05 0.927415 9.9973E-05
9.9982E-05 0.513559 9.9982E-05 0.0808795 0.405362
0.147317 0.141955 0.381776 0.154763 0.174189
0.057999 0.1839 0.474458 0.0817242 0.201919
0.0166418 0.390913 0.14937 0.13675 0.306326
9.9991E-05 0.217331 0.438749 0.192 0.15182
9.9991E-05 0.35906 0.155952 0.149828 0.33506
0.175631 0.0853263 0.458079 0.0846957 0.196268
9.9991E-05 0.303392 0.336184 0.167578 0.192746
9.9991E-05 0.144806 0.513338 0.111208 0.230547
9.9991E-05 0.27033 0.273476 0.26722 0.188874
0.0389375 0.144103 0.425526 0.220584 0.170849
0.0548694 0.0488106 0.0214755 9.9991E-05 0.874745
9.9982E-05 0.0150494 9.9982E-05 0.0299954 0.954755
0.0106553 9.9982E-05 0.00749807 9.9982E-05 0.981647
0.0251062 9.9973E-05 9.9973E-05 9.9973E-05 0.974594
0.0637754 9.9982E-05 0.00690688 9.9982E-05 0.929118
9.9982E-05 0.00988435 9.9982E-05 0.0799107 0.910005
9.9982E-05 9.9982E-05 0.0225277 0.0813541 0.895918
9.9991E-05 0.0664318 0.0170151 0.00119275 0.91526
0.0237012 0.0043882 0.0414622 0.015565 0.914883
0.0607323 9.9982E-05 9.9982E-05 0.104343 0.834725
0.251742 0.124601 9.9982E-05 9.9982E-05 0.623457
0.375396 0.0363675 9.9982E-05 9.9982E-05 0.588037
0.309139 0.15931 9.9982E-05 9.9982E-05 0.531351
0.400504 0.110291 9.9982E-05 9.9982E-05 0.489006
0.115819 0.132243 0.642914 0.036788 0.0722348
0.107599 0.244566 0.554288 0.0637314 0.0298155
0.171273 0.129591 0.608363 0.0906731 9.9991E-05
0.329228 0.1504 0.490973 9.9991E-05 0.0292993
0.650451 0.16225 0.149073 0.0381251 9.9991E-05
0.0163138 0.159857 0.73696 9.9991E-05 0.0867698
0.0541928 0.242969 0.680452 0.0222855 9.9991E-05
0.0299383 0.343041 0.62382 9.9991E-05 0.00310093
0.0114277 0.458683 0.529689 9.9982E-05 9.9982E-05
0.164403 0.0476603 0.678474 9.9991E-05 0.109363
0.177023 0.327863 0.494914 9.9982E-05 9.9982E-05
0.109999 0.854636 0.0351654 9.9982E-05 9.9982E-05
0.16416 0.223106 0.579283 0.0289565 0.00449479
0.017955 0.598649 0.357821 0.025475 9.9991E-05
0.0138945 0.303675 0.652781 9.9991E-05 0.0295501
0.195112 0.53292 0.248757 9.9991E-05 0.0231106
0.812951 0.0197181 9.9991E-05 0.00425582 0.162975
0.783211 0.049258 9.9991E-05 0.0516177 0.115813
0.867411 0.0684074 0.00215887 9.9991E-05 0.0619226
0.860268 0.0411907 9.9982E-05 9.9982E-05 0.0983413
0.887389 0.0573654 0.00522657 0.0499193 9.9991E-05
0.802626 0.0101372 0.0295571 0.0731096 0.0845698
9.9982E-05 9.9982E-05 0.0915845 0.0136638 0.894552
0.0990837 9.9991E-05 0.0429665 0.0467896 0.81106
9.9982E-05 9.9982E-05 0.0939219 0.148996 0.756882
0.0777269 9.9991E-05 0.0270652 0.148815 0.746293
0.0339837 9.9991E-05 0.0690072 0.0976177 0.799291
0.520838 0.0659951 9.9982E-05 9.9982E-05 0.412967
0.374129 0.165994 9.9982E-05 9.9982E-05 0.459677
0.486436 0.0436952 0.000737878 9.9991E-05 0.469031
0.00539654 9.9991E-05 0.146178 0.00454392 0.843782
0.48702 0.129196 9.9982E-05 9.9982E-05 0.383584
0.0356953 0.0941761 0.247627 0.374571 0.247931
0.0490764 9.9991E-05 0.568202 0.296145 0.0864768
9.9982E-05 9.9982E-05 0.466427 0.389717 0.143656
0.0178549 0.141557 0.331259 0.253202 0.256127
0.137427 9.9991E-05 0.566812 0.208478 0.0871823
9.9982E-05 0.140236 9.9982E-05 0.348848 0.510716
0.350343 0.162765 0.486693 9.9982E-05 9.9982E-05
0.181439 0.403179 0.334695 0.0538675 0.0268206
0.545693 0.0413076 0.304185 0.0234832 0.0853319
0.177282 0.254852 0.545287 0.015029 0.0075503
0.165082 0.834618 9.9973E-05 9.9973E-05 9.9973E-05
0.189491 0.092813 0.543257 0.0646174 0.109822
0.20107 0.199872 0.49734 0.0480634 0.0536542
0.498171 0.0437365 0.404078 9.9991E-05 0.0539149
0.201847 0.104098 0.551763 0.108434 0.0338583
0.280769 0.530912 0.188119 9.9982E-05 9.9982E-05
0.127696 0.259499 0.48824 0.123153 0.00141248
0.306858 0.0705837 0.568761 0.0452919 0.00850593
0.00661962 0.204438 0.418903 0.199497 0.170542
0.280191 0.271949 0.402509 0.0452503 9.9991E-05
0.30825 0.111396 0.55518 0.0180846 0.0070891
0.130848 0.218977 0.456715 0.193361 9.9991E-05
0.236068 0.104616 0.643143 0.0101079 0.0060649
0.0858516 0.135189 0.714288 0.0340398 0.0306317
0.202642 0.0586379 0.6016 0.0467785 0.0903415
0.243661 9.9991E-05 0.565241 0.0913821 0.0996153
9.9982E-05 9.9982E-05 0.136712 0.0568808 0.806207
9.9991E-05 0.0125667 0.115507 0.00295879 0.868867
0.062929 0.0840326 0.0549038 0.0270131 0.771121
0.0906322 0.0162226 0.0568674 0.00739451 0.828883
9.9973E-05 9.9973E-05 0.1129 9.9973E-05 0.8868
0.702649 9.9982E-05 0.20739 0.0897603 9.9982E-05
0.138344 0.104793 0.558611 0.129347 0.0689056
0.0251518 0.0211749 0.522935 0.195219 0.23552
0.120286 0.0578639 0.631048 0.190702 9.9991E-05
0.372666 0.0508751 0.539697 9.9991E-05 0.0366614
0.388818 0.265263 0.158793 0.177949 0.00917637
0.648546 0.160934 0.0376491 9.9991E-05 0.152771
0.285193 0.0523537 0.563612 0.0316499 0.0671911
0.552584 0.15816 0.133262 0.0928023 0.0631918
0.220595 0.244632 0.48233 9.9991E-05 0.052343
0.616397 0.0477147 0.180433 0.0218218 0.133633
0.257554 9.9991E-05 0.542153 0.0959335 0.104259
0.594695 0.111918 0.208141 0.0192212 0.0660251
0.353149 0.183658 0.319485 0.110669 0.0330392
0.0862039 0.220257 0.569993 0.0436298 0.0799156
0.195006 0.476724 0.287377 0.0095964 0.031296
0.0303515 0.248809 0.619661 0.0246754 0.0765023
9.9991E-05 0.128018 0.640323 0.0486979 0.182861
0.079957 0.441865 0.432781 9.9991E-05 0.0452974
0.163235 0.202509 0.526046 0.10811 9.9991E-05
0.0448647 0.262122 0.620846 9.9991E-05 0.0720675
0.133625 0.693363 0.172812 9.9982E-05 9.9982E-05
0.00449385 0.642508 0.318932 9.9991E-05 0.0339661
0.0598308 0.335734 0.518 0.0193327 0.0671021
0.168441 0.527739 0.269028 9.9991E-05 0.0346918
0.141321 0.309619 0.54886 9.9982E-05 9.9982E-05
0.686811 0.143816 0.135221 0.0340517 9.9991E-05
0.314281 0.371683 0.273275 0.0406614 9.9991E-05
0.507065 0.0293904 0.301082 0.162363 9.9991E-05
0.159491 0.0514268 0.701976 0.08277 0.00433598
0.517587 0.134194 0.348019 9.9982E-05 9.9982E-05
0.234529 0.0749202 0.484244 0.164778 0.0415296
0.225179 9.9991E-05 0.560343 0.159805 0.0545733
0.311567 0.0601066 0.527019 0.0805138 0.0207926
0.262719 0.0575985 0.572651 0.104958 0.00207296
0.322552 9.9991E-05 0.599932 0.00679392 0.0706219
0.601155 0.043516 0.283264 0.0719645 9.9991E-05
0.412332 0.100471 0.314493 0.172605 9.9991E-05
0.220986 0.0787723 0.700042 9.9982E-05 9.9982E-05
0.229879 0.0287257 0.672476 0.0688191 9.9991E-05
0.195691 0.119524 0.503452 0.0470598 0.134273
0.197187 0.0996343 0.570489 0.13259 9.9991E-05
0.452688 9.9991E-05 0.431196 0.0397662 0.0762493
0.204886 9.9991E-05 0.738859 0.0196932 0.0364616
0.314208 0.0345525 0.559987 0.0768973 0.0143556
0.18844 0.106234 0.394084 0.218742 0.0924998
0.0212462 0.0763529 0.46417 0.0673363 0.370895
9.9991E-05 0.1172 0.478354 0.256232 0.148113
0.13278 0.0977473 0.335627 0.305686 0.128159
0.0993505 0.0872669 0.618703 0.167067 0.0276131
0.0520377 0.0635615 0.449494 0.264939 0.169967
0.251423 0.209208 0.481284 0.0579845 9.9991E-05
0.0177058 0.109558 0.557589 0.21495 0.100196
9.9982E-05 0.520311 9.9982E-05 0.20708 0.272409
0.19118 9.9991E-05 0.525606 0.187336 0.0957775
0.0756643 0.117754 0.556382 0.179112 0.0710867
0.0613701 0.14777 0.38614 0.280379 0.12434
0.108852 0.266405 0.23116 0.212912 0.180671
0.0491652 9.9991E-05 0.629691 0.0538294 0.267214
9.9991E-05 0.0354564 0.537766 0.227796 0.198882
9.9982E-05 0.279111 9.9982E-05 0.214916 0.505772
9.9991E-05 0.0423695 0.533258 0.215824 0.208449
9.9991E-05 0.116854 0.453292 0.319133 0.110622
0.0243929 0.0996094 0.623702 0.130454 0.121843
9.9982E-05 9.9982E-05 0.575223 0.221706 0.202871
0.115916 0.075665 0.430021 0.239996 0.138401
0.0612312 0.309118 0.518051 0.105549 0.00605137
0.0495142 0.237468 0.46281 0.152947 0.0972611
0.154236 0.742358 0.0702826 0.0330234 9.9991E-05
0.112369 0.821704 0.0588319 0.00699507 9.9991E-05
0.135446 0.218316 0.449174 0.169845 0.0272197
0.0262179 0.16806 0.344699 0.366823 0.0942002
9.9991E-05 0.21421 0.285485 0.411808 0.0883972
9.9991E-05 0.254431 0.177879 0.341983 0.225607
9.9991E-05 0.160965 0.27023 0.361597 0.207108
9.9991E-05 0.674496 0.0509986 0.164973 0.109432
9.9991E-05 0.585065 0.116861 0.212421 0.085553
9.9982E-05 0.328577 0.573009 0.0982142 9.9982E-05
0.0531786 0.292033 0.400724 0.214284 0.0397803
9.9991E-05 0.54263 0.207641 0.176388 0.0732407
0.0763012 0.147893 0.549627 0.184264 0.041915
0.0287077 0.263314 0.545441 0.162437 9.9991E-05
0.134718 0.1749 0.360317 0.193816 0.136249
0.110646 0.497205 0.391949 9.9982E-05 9.9982E-05
0.0596224 0.473508 0.369645 0.0971237 9.9991E-05
9.9991E-05 0.299293 0.532126 0.0671659 0.101315
0.12717 0.361031 0.349217 0.115963 0.0466186
0.155743 0.165964 0.402143 0.154968 0.121181
0.0514056 0.415248 0.469849 0.063398 9.9991E-05
0.144242 0.568741 0.268443 0.0184736 9.9991E-05
9.9991E-05 0.25407 0.666937 0.028029 0.0508648
0.0369023 0.215945 0.581979 0.073552 0.0916219
0.0659755 0.650321 0.26689 0.0167131 9.9991E-05
9.9991E-05 0.43042 0.503808 0.0234906 0.0421817
9.9991E-05 0.288217 0.483198 0.14836 0.0801249
0.174133 0.227004 0.533742 0.03995 0.0251712
0.0309673 0.193473 0.536407 0.137078 0.102076
0.0622737 0.182163 0.413178 0.189978 0.152408
0.0869382 0.1621 0.301746 0.296527 0.152689
0.148945 9.9991E-05 0.383367 0.243404 0.224184
0.0717682 0.125933 0.478068 0.140369 0.183862
0.0337851 0.166979 0.412087 0.187764 0.199384
0.00581923 0.608012 9.9991E-05 0.18206 0.204009
9.9991E-05 0.0584757 0.540737 0.253244 0.147443
9.9982E-05 0.410729 9.9982E-05 0.158429 0.430642
9.9991E-05 0.171109 0.550896 0.24449 0.0334049
9.9973E-05 0.758363 0.241337 9.9973E-05 9.9973E-05
0.0599865 0.905826 9.9982E-05 9.9982E-05 0.0339873
0.0353403 0.380118 0.584341 9.9982E-05 9.9982E-05
9.9991E-05 0.235976 0.652071 0.0776123 0.0342407
0.0781806 0.402668 0.518951 9.9982E-05 9.9982E-05
0.0298899 0.311953 0.601915 0.00187954 0.0543627
9.9982E-05 0.379813 0.565293 0.0546948 9.9982E-05
9.9991E-05 0.0237708 0.0994044 0.07806 0.798665
0.14142 0.00803179 9.9991E-05 0.0883839 0.762064
0.029733 9.9982E-05 9.9982E-05 0.0784346 0.891632
9.9982E-05 9.9982E-05 0.0287212 0.00306199 0.968017
0.0727636 0.241321 0.607015 0.030556 0.0483444
0.0115858 0.274767 0.630563 9.9991E-05 0.0829836
0.00903655 0.279738 0.711025 9.9982E-05 9.9982E-05
0.048617 0.146901 0.702862 0.033984 0.0676367
0.126715 0.108084 0.619176 0.000637192 0.145387
0.137497 0.473551 0.388752 9.9982E-05 9.9982E-05
0.0175015 0.137135 0.786766 9.9991E-05 0.0584977
9.9982E-05 0.538632 0.441341 9.9982E-05 0.0198277
0.0552012 9.9991E-05 0.470238 0.20938 0.265081
0.0908358 0.352267 0.480627 0.0761707 9.9991E-05
0.0981536 0.356414 0.545233 9.9982E-05 9.9982E-05
0.0218803 0.295289 0.68263 9.9982E-05 9.9982E-05
0.116835 0.312902 0.570063 9.9982E-05 9.9982E-05
9.9973E-05 0.252069 0.747632 9.9973E-05 9.9973E-05
0.0178456 0.202104 0.704126 9.9991E-05 0.0758243
9.9973E-05 0.750514 0.249186 9.9973E-05 9.9973E-05
0.0680577 0.504633 0.398782 9.9991E-05 0.0284278
0.0525906 0.43164 0.51557 9.9982E-05 9.9982E-05
9.9973E-05 0.972996 0.0267037 9.9973E-05 9.9973E-05
0.112801 0.286577 0.511863 0.0480448 0.0407133
0.0522676 0.70088 0.214759 0.0319936 9.9991E-05
9.9982E-05 0.95478 0.0421576 9.9982E-05 0.00286235
0.0210216 0.211812 0.712575 0.00802659 0.0465645
0.133598 0.448461 0.40854 9.9991E-05 0.0093012
0.178372 0.190751 0.568207 0.0625696 9.9991E-05
0.0280814 0.19393 0.578219 0.116818 0.0829518
0.148043 0.204851 0.610475 0.0365308 9.9991E-05
0.331617 0.220721 0.353863 0.0936994 9.9991E-05
0.0542889 0.218131 0.696628 0.0194968 0.0114547
0.0899225 0.21477 0.642286 0.0134479 0.0395741
9.9973E-05 0.518773 0.480927 9.9973E-05 9.9973E-05
0.114453 0.174498 0.663287 9.9991E-05 0.0476622
0.278792 0.0524191 9.9991E-05 0.0224816 0.646207
0.0918607 0.069131 0.0573954 9.9991E-05 0.781513
0.116391 0.0491081 9.9982E-05 9.9982E-05 0.834301
0.112995 0.0367855 9.9982E-05 9.9982E-05 0.850019
0.188669 9.9982E-05 0.0404477 9.9982E-05 0.770683
0.184149 0.50055 0.315101 9.9982E-05 9.9982E-05
0.155865 0.485393 0.354109 9.9991E-05 0.00453203
9.9973E-05 0.671471 0.328229 9.9973E-05 9.9973E-05
0.0302725 0.1511 0.575273 0.127756 0.115598
0.00631391 0.133155 0.643104 0.100743 0.116684
9.9982E-05 0.508422 0.459766 9.9982E-05 0.0316122
9.9982E-05 0.250401 0.699376 0.0500224 9.9982E-05
9.9991E-05 0.37006 0.511728 0.0207277 0.0973838
0.0481662 0.186005 0.730365 9.9991E-05 0.035364
0.125081 0.105689 0.691302 0.0778283 9.9991E-05
0.16165 0.393834 0.444316 9.9982E-05 9.9982E-05
0.139758 0.319275 0.540767 9.9982E-05 9.9982E-05
0.190091 0.357644 0.452065 9.9982E-05 9.9982E-05
0.153629 0.132803 0.58195 0.0306458 0.100973
0.136563 0.311898 0.551339 9.9982E-05 9.9982E-05
0.102379 0.251465 0.616249 9.9991E-05 0.0298073
0.0530995 9.9991E-05 0.400846 0.463947 0.0820081
9.9991E-05 0.107367 0.294907 0.560062 0.0375645
0.102924 9.9991E-05 0.326862 0.47875 0.0913645
9.9991E-05 0.0720872 0.263468 0.497854 0.166492
0.00739774 0.0447907 0.456097 0.371354 0.120361
9.9982E-05 0.316 0.575108 9.9982E-05 0.108691
0.00875001 0.0362796 9.9991E-05 0.715488 0.239382
9.9991E-05 0.0267212 0.265931 0.550668 0.15658
9.9991E-05 0.196603 0.451953 0.18119 0.170154
9.9982E-05 0.17776 0.584774 9.9982E-05 0.237266
0.0505852 0.278104 0.48681 0.0397273 0.144774
0.0756405 0.0668297 0.668969 0.0141575 0.174404
0.0777007 0.0549458 0.71427 9.9991E-05 0.152984
9.9982E-05 9.9982E-05 0.34027 0.494193 0.165337
0.0840679 9.9991E-05 0.426455 0.378932 0.110445
9.9982E-05 9.9982E-05 0.39431 0.509013 0.0964778
0.0223003 9.9991E-05 0.455212 0.288961 0.233427
9.9991E-05 0.0586844 0.281437 0.559204 0.100575
9.9991E-05 0.0683296 0.415336 0.35553 0.160704
9.9991E-05 0.0629909 0.175666 0.563949 0.197294
0.0354244 0.0355538 0.383571 0.527092 0.0183583
9.9982E-05 0.220251 0.600914 9.9982E-05 0.178634
9.9991E-05 0.121662 0.300339 0.463359 0.11454
9.9982E-05 9.9982E-05 0.166222 0.659595 0.173984
0.0835335 0.0348475 0.31636 0.414154 0.151105
0.239119 0.329622 0.239693 9.9991E-05 0.191466
0.11086 0.157452 0.512009 0.181215 0.0384645
0.112053 0.0417717 0.394996 0.306435 0.144744
0.132389 0.138556 0.51883 0.12367 0.0865551
0.0920381 0.076319 0.593706 9.9991E-05 0.237837
9.9991E-05 0.159534 0.369458 0.241995 0.228913
9.9991E-05 0.127106 0.286187 0.330458 0.256148
0.0423969 0.13078 0.545751 0.219557 0.0615142
0.048301 0.0837501 0.38428 0.386912 0.0967565
9.9982E-05 9.9982E-05 0.363943 0.538662 0.0971953
9.9982E-05 9.9982E-05 0.172888 0.583538 0.243374
0.095737 0.0434055 0.693964 9.9991E-05 0.166794
0.0929409 0.169898 0.607901 9.9991E-05 0.12916
9.9991E-05 0.582764 0.170222 0.0546791 0.192235
0.0694955 0.0672621 0.676468 0.0452677 0.141507
0.259609 0.121565 0.403255 0.0493901 0.166181
9.9991E-05 0.077727 0.497651 0.217321 0.207201
0.0317557 0.147951 0.599714 0.100964 0.119615
9.9982E-05 0.387618 9.9982E-05 0.195271 0.416911
9.9982E-05 0.445279 9.9982E-05 0.181315 0.373206
0.116168 0.272939 0.263987 0.210956 0.13595
9.9982E-05 0.351253 9.9982E-05 0.26666 0.381888
9.9982E-05 0.290632 9.9982E-05 0.223267 0.485901
0.0335627 0.330004 0.361639 0.118063 0.156732
9.9991E-05 0.101543 0.454009 0.178992 0.265356
9.9991E-05 0.295224 0.133501 0.223928 0.347247
9.9991E-05 0.404957 0.0824963 0.19181 0.320637
0.0647657 0.14362 0.45972 0.15245 0.179444
9.9991E-05 0.411039 0.156903 0.173853 0.258105
9.9982E-05 0.379911 9.9982E-05 0.103976 0.515913
0.167478 0.0479481 0.461621 0.270076 0.0528766
0.0181433 0.214367 0.351258 0.261841 0.15439
0.0740892 0.04298 0.397476 0.130374 0.355081
9.9982E-05 9.9982E-05 0.549938 0.272928 0.176934
0.0848479 0.199418 0.490178 0.0782891 0.147267
9.9991E-05 0.115549 0.493416 0.218061 0.172873
0.0363136 0.0316196 0.468391 0.278387 0.185289
0.0450637 0.000599731 0.402571 0.21389 0.337875
0.0414384 9.9991E-05 0.528861 0.191295 0.238306
9.9982E-05 9.9982E-05 0.458566 0.3141 0.227134
0.0447187 0.107776 0.30424 0.248818 0.294446
0.174039 0.202613 0.276314 0.152979 0.194055
0.0922899 0.0709375 0.470924 0.180355 0.185493
0.0239512 0.0260364 0.637251 0.102019 0.210743
0.0560346 0.148496 0.556034 0.120736 0.118699
0.0401887 9.9991E-05 0.322316 0.330138 0.307256
9.9991E-05 0.0727167 0.467423 0.260601 0.199159
9.9991E-05 0.18709 0.1466 0.229776 0.436434
0.0344894 9.9991E-05 0.565911 0.218125 0.181375
9.9991E-05 0.14549 0.183728 0.390799 0.279883
0.119579 0.0607281 9.9982E-05 9.9982E-05 0.819493
0.74357 0.0122056 0.157048 0.0253863 0.0617899
0.957267 0.0139401 9.9982E-05 9.9982E-05 0.0285927
0.965715 9.9973E-05 9.9973E-05 9.9973E-05 0.0339855
0.969884 9.9982E-05 0.0201036 0.00981254 9.9982E-05
0.915657 9.9973E-05 9.9973E-05 0.0840435 9.9973E-05
0.911229 9.9973E-05 0.088471 9.9973E-05 9.9973E-05
0.959329 9.9973E-05 9.9973E-05 9.9973E-05 0.0403708
0.760999 9.9982E-05 9.9982E-05 0.0284973 0.210304
0.035578 9.9991E-05 0.030166 0.00170282 0.932453
0.112772 9.9982E-05 0.0480098 9.9982E-05 0.839018
0.014595 0.00662851 9.9991E-05 0.0998476 0.878829
0.150712 9.9982E-05 0.034094 9.9982E-05 0.814994
0.0502261 9.9982E-05 9.9982E-05 0.0548784 0.894695
0.0506382 0.0514651 9.9982E-05 9.9982E-05 0.897697
0.0588092 0.0065581 0.0224553 0.169107 0.743071
0.0169124 0.000792175 0.01436 0.0808256 0.88711
0.11359 0.0539787 0.0647964 0.0584512 0.709183
9.9991E-05 0.00362846 0.00834845 0.0751907 0.912732
0.0497851 9.9973E-05 9.9973E-05 9.9973E-05 0.949915
0.0316201 9.9991E-05 0.0580987 0.0453717 0.86481
0.0217635 9.9982E-05 9.9982E-05 0.0457088 0.932328
9.9982E-05 9.9982E-05 0.0647126 0.046742 0.888345
0.0152068 9.9991E-05 0.0677248 0.0454593 0.871509
9.9982E-05 9.9982E-05 0.115567 0.0255291 0.858704
9.9982E-05 9.9982E-05 0.0785037 0.135046 0.78625
9.9982E-05 9.9982E-05 0.133179 0.0537484 0.812873
9.9982E-05 9.9982E-05 0.165061 0.0144646 0.820275
0.0338226 0.285963 0.460317 0.0213339 0.198563
9.9982E-05 0.115584 0.763508 9.9982E-05 0.120708
0.0981206 0.114503 0.588467 0.07746 0.121449
9.9982E-05 0.668767 0.216819 9.9982E-05 0.114214
0.145539 0.0934489 0.572607 0.0325004 0.155904
9.9991E-05 0.631482 0.134437 0.0158791 0.218103
9.9991E-05 0.113207 0.688715 0.0798203 0.118157
0.151418 0.225627 0.514384 9.9991E-05 0.108471
0.027898 0.205402 0.675504 9.9991E-05 0.0910961
0.0203424 0.27331 0.617392 9.9991E-05 0.0888561
0.186909 0.178847 0.489681 9.9991E-05 0.144463
0.0587162 0.0574969 0.781595 0.00418204 0.0980094
0.141648 0.0788756 0.647793 0.00162003 0.130064
0.464374 0.369822 0.113717 0.0481609 0.00392562
0.094858 0.774385 9.9982E-05 9.9982E-05 0.130557
0.0507468 0.575597 0.211454 0.0291268 0.133075
0.0679812 0.0501589 0.694964 0.0696941 0.117202
0.0388134 0.174615 0.555914 9.9991E-05 0.230557
9.9991E-05 0.226202 0.560288 0.029444 0.183966
0.00748143 0.245749 0.659804 0.0868662 9.9991E-05
0.0652863 9.9991E-05 0.533362 0.23143 0.169822
0.0240898 0.0995794 0.548961 0.164998 0.162371
0.157134 0.121491 0.139078 0.167472 0.414824
0.0992207 0.0600197 0.652146 9.9991E-05 0.188513
0.080422 0.103483 0.385895 0.200033 0.230167
9.9982E-05 0.35033 9.9982E-05 0.206984 0.442486
9.9991E-05 0.172258 0.206476 0.29426 0.326906
0.083095 0.0394571 0.329333 0.192241 0.355874
0.109902 9.9991E-05 0.464744 0.0459361 0.379319
0.174153 0.0304517 0.469479 0.192285 0.133631
0.0162557 0.0261244 0.58368 0.127419 0.246521
9.9991E-05 0.0646983 0.637038 0.0940814 0.204082
0.0419603 0.186288 0.426206 0.183273 0.162272
9.9982E-05 9.9982E-05 0.373521 0.112566 0.513713
