0.929467 0.070433 9.9991E-05
0.962489 0.0374113 9.9991E-05
0.820376 0.179524 9.9991E-05
0.807921 0.182116 0.00996389
0.853092 0.146808 9.9991E-05
0.681233 0.0958857 0.222881
0.894222 0.046849 0.0589286
0.798121 0.0488539 0.153025
0.936244 9.9991E-05 0.063656
0.73542 0.17156 0.0930202
0.784697 0.043132 0.172171
0.0763036 0.161839 0.761857
9.9991E-05 0.398081 0.601819
0.115546 0.163107 0.721347
0.136912 0.284834 0.578254
0.153082 0.338153 0.508765
0.114995 0.401427 0.483578
0.0340707 0.348671 0.617258
0.161292 0.216559 0.622149
0.216966 9.9991E-05 0.782934
0.0325397 0.328544 0.638916
0.037546 0.371253 0.591201
0.0362871 0.416748 0.546965
0.0557565 0.243761 0.700482
0.0393734 0.479901 0.480725
0.0367735 0.459575 0.503652
0.125736 0.172698 0.701566
0.150417 0.241776 0.607806
0.0894994 0.154678 0.755822
0.802176 0.197724 9.9991E-05
0.796082 0.203818 9.9991E-05
0.77339 0.176645 0.0499651
0.750853 0.197349 0.0517979
0.0106753 0.359107 0.630218
0.00121047 0.462518 0.536272
9.9991E-05 0.38178 0.61812
0.224839 0.0248979 0.750263
9.9991E-05 0.261028 0.738872
0.0574985 0.363488 0.579013
9.9991E-05 0.51249 0.48741
0.0377776 0.375552 0.58667
0.0461454 0.417763 0.536092
0.109284 0.0516022 0.839114
0.0182926 0.443137 0.538571
0.0212508 0.434511 0.544238
0.0483117 0.470288 0.481401
9.9991E-05 0.221791 0.778109
9.9991E-05 0.468612 0.531288
0.0738081 0.392657 0.533535
0.175005 9.9991E-05 0.824895
0.112886 0.066644 0.82047
0.124054 0.0353138 0.840632
0.0218734 0.388122 0.590004
0.0559594 0.465161 0.478879
0.0495298 0.47629 0.47418
0.191191 0.0803048 0.728505
0.0134222 0.345104 0.641474
0.0580384 0.501558 0.440404
0.113211 0.226453 0.660335
0.356644 0.0185477 0.624809
0.0784385 0.411235 0.510326
0.149665 0.296168 0.554166
0.161332 9.9991E-05 0.838568
0.0231509 0.361137 0.615712
0.0289688 0.456948 0.514083
0.00353844 0.405735 0.590727
0.187078 0.144656 0.668266
0.015532 0.337569 0.646899
0.0682951 0.399181 0.532524
0.129786 0.0370794 0.833134
9.9991E-05 0.308177 0.691723
0.0252185 0.130966 0.843815
0.0184271 0.435585 0.545988
0.036731 9.9991E-05 0.963169
9.999E-05 9.999E-05 0.9998
9.9991E-05 0.177321 0.822579
9.9991E-05 0.289959 0.709941
0.0394678 0.385787 0.574745
9.9991E-05 0.292508 0.707392
0.0778629 0.118355 0.803782
0.0633391 0.134776 0.801885
0.0847191 0.410105 0.505176
9.9991E-05 0.198552 0.801348
0.072968 0.235345 0.691687
9.9991E-05 0.208416 0.791484
0.0867625 9.9991E-05 0.913137
9.9991E-05 0.44023 0.55967
0.84396 0.155821 0.000219358
0.888097 0.111803 9.9991E-05
0.843525 0.156375 9.9991E-05
0.905349 0.0945514 9.9991E-05
0.895625 0.104275 9.9991E-05
0.866804 0.133096 9.9991E-05
0.887883 0.112017 9.9991E-05
0.0211029 0.381554 0.597344
0.0550556 0.37389 0.571054
0.0512202 9.9991E-05 0.94868
0.0651166 0.485766 0.449118
9.9991E-05 0.29374 0.70616
0.0284165 0.378846 0.592738
9.9991E-05 0.378612 0.621288
9.9991E-05 0.365976 0.633924
0.109795 9.9991E-05 0.890105
0.14323 0.371943 0.484827
9.9991E-05 0.446289 0.553611
0.0813566 0.423561 0.495082
9.9991E-05 0.166739 0.833161
9.9991E-05 0.332493 0.667407
0.0352668 0.314746 0.649987
9.9991E-05 0.275852 0.724048
0.0287627 0.260283 0.710955
0.0819924 0.397789 0.520219
0.125736 0.163792 0.710471
0.194288 0.248663 0.557049
0.122104 0.374898 0.502998
0.0220413 0.434381 0.543578
0.0487727 0.299526 0.651701
9.9991E-05 0.412462 0.587438
0.0317997 0.291354 0.676847
0.0779987 0.331784 0.590217
0.0736046 0.430765 0.495631
0.0229031 0.34399 0.633107
9.9991E-05 0.302635 0.697265
9.9991E-05 0.53537 0.46453
0.0766932 0.482733 0.440573
9.9991E-05 0.430381 0.569519
0.079499 0.368865 0.551636
9.9991E-05 0.395907 0.603993
0.170631 0.273424 0.555944
9.9991E-05 0.464191 0.535709
9.9991E-05 0.418134 0.581766
0.139238 0.154886 0.705876
0.136678 0.114881 0.748441
0.0893721 0.341654 0.568974
0.080222 0.0558121 0.863966
0.103558 0.156757 0.739685
0.026611 0.248159 0.72523
0.078151 0.098913 0.822936
0.0246627 0.143109 0.832228
0.0100271 0.477074 0.512899
0.0437031 0.431905 0.524392
9.9991E-05 0.399003 0.600897
0.122207 0.0904743 0.787319
0.188006 0.348818 0.463176
0.0730567 0.337566 0.589377
0.282218 9.9991E-05 0.717682
0.0568217 0.464725 0.478453
0.119915 0.214167 0.665918
0.0520794 0.399921 0.548
0.207253 0.188814 0.603933
0.198175 0.0431639 0.758661
0.0226483 0.28268 0.694672
0.0220634 0.40328 0.574657
0.0892424 0.386458 0.5243
0.201384 0.122257 0.676359
0.0818678 0.421827 0.496305
9.9991E-05 0.152153 0.847747
9.9991E-05 0.279123 0.720777
0.00266713 0.495344 0.501989
0.361857 0.396504 0.241639
0.76322 0.168311 0.0684691
0.687737 0.1319 0.180363
0.4975 0.415295 0.0872047
9.9991E-05 0.399923 0.599977
0.0115166 0.446459 0.542024
0.0148715 0.866449 0.118679
0.0555259 0.638551 0.305923
0.0562085 0.701663 0.242129
0.046498 0.20651 0.746992
0.093738 0.419754 0.486507
0.0875523 0.13791 0.774537
9.9991E-05 0.443268 0.556632
9.9991E-05 0.316063 0.683837
0.00585064 0.412227 0.581922
0.0705974 0.120419 0.808984
9.9991E-05 0.502647 0.497253
0.0404595 0.398461 0.56108
0.104906 0.894994 9.9991E-05
0.0198282 0.980072 9.9991E-05
0.11273 0.694176 0.193094
0.0356422 0.90009 0.0642673
0.0842069 0.915693 9.9991E-05
0.102996 0.896904 9.9991E-05
0.137489 0.862411 9.9991E-05
0.0305025 0.969398 9.9991E-05
0.0353303 0.96457 9.9991E-05
0.0463573 0.953543 9.9991E-05
0.0835275 0.916372 9.9991E-05
0.0974965 0.902404 9.9991E-05
0.142525 0.857375 9.9991E-05
0.0607513 0.939149 9.9991E-05
0.111034 0.623999 0.264967
0.148336 0.727694 0.12397
0.139685 0.860216 9.9991E-05
0.0712041 0.928696 9.9991E-05
0.0573084 0.942592 9.9991E-05
0.151518 0.848382 9.9991E-05
0.081422 0.918478 9.9991E-05
0.0570562 0.829865 0.113079
0.130858 0.869042 9.9991E-05
0.531957 0.0186531 0.44939
0.198601 0.297879 0.50352
0.252926 0.391118 0.355957
0.350124 0.203683 0.446193
0.108389 0.455295 0.436316
0.317388 0.243843 0.438769
0.213267 0.335729 0.451004
0.194422 0.395694 0.409884
0.144637 0.406231 0.449132
0.217175 0.445689 0.337136
0.199164 0.346419 0.454417
0.869817 0.0745306 0.0556519
0.897178 0.102722 9.9991E-05
0.992485 0.00741479 9.9991E-05
0.952018 0.0478818 9.9991E-05
0.876834 0.123066 9.9991E-05
0.898332 0.101568 9.9991E-05
0.872008 0.127892 9.9991E-05
0.933348 0.0665516 9.9991E-05
0.925529 0.074371 9.9991E-05
0.869496 0.130404 9.9991E-05
0.696271 9.9991E-05 0.303629
0.711983 9.9991E-05 0.287917
0.644422 9.9991E-05 0.355478
0.579638 9.9991E-05 0.420262
0.0085747 0.312473 0.678953
9.9991E-05 0.330854 0.669046
0.0212873 0.343228 0.635485
0.098124 0.2388 0.663076
0.130144 0.0239081 0.845948
9.9991E-05 0.425381 0.574519
9.9991E-05 0.338826 0.661074
9.9991E-05 0.308412 0.691488
9.9991E-05 0.263093 0.736807
9.9991E-05 0.391933 0.607967
9.9991E-05 0.202134 0.797766
0.0294516 9.9991E-05 0.970448
0.0183301 0.320665 0.661005
0.0148561 0.141656 0.843488
9.9991E-05 0.289958 0.709942
0.0599013 0.0555071 0.884592
0.295016 9.9991E-05 0.704884
0.27997 9.9991E-05 0.71993
0.251333 9.9991E-05 0.748567
0.30138 9.9991E-05 0.69852
0.25635 9.9991E-05 0.74355
0.29479 0.00803019 0.69718
0.869763 0.130137 9.9991E-05
0.829005 0.170895 9.9991E-05
0.764176 0.235724 9.9991E-05
0.79574 0.20416 9.9991E-05
0.819435 0.180465 9.9991E-05
0.56223 9.9991E-05 0.43767
0.637284 9.9991E-05 0.362616
0.576733 9.9991E-05 0.423167
0.854844 0.145056 9.9991E-05
0.548746 9.9991E-05 0.451154
0.285612 0.565245 0.149143
0.151379 0.55588 0.292741
0.178349 0.660645 0.161005
0.230414 0.489472 0.280114
0.123257 0.556448 0.320294
0.582748 0.378179 0.0390731
9.9991E-05 0.271602 0.728298
0.0580991 0.210742 0.731159
0.158086 0.102775 0.73914
9.9991E-05 0.285401 0.714499
0.0764414 9.9991E-05 0.923459
0.132133 0.373775 0.494092
0.0325398 0.305836 0.661624
0.116987 0.131184 0.751829
0.0921631 0.434778 0.473059
0.0778199 9.9991E-05 0.92208
0.0253024 0.276126 0.698572
9.9991E-05 0.340953 0.658947
0.163128 0.435485 0.401387
9.9991E-05 0.234209 0.765691
0.0339854 0.259757 0.706257
9.9991E-05 0.403749 0.596151
9.9991E-05 0.321521 0.678379
9.9991E-05 0.459052 0.540848
0.10021 0.365905 0.533884
0.0573556 0.420025 0.52262
0.76641 0.23349 9.9991E-05
0.859873 0.140027 9.9991E-05
0.787527 0.0845779 0.127895
0.863349 0.093669 0.0429818
0.829438 0.170462 9.9991E-05
0.134293 0.0719614 0.793746
0.0368279 0.378578 0.584594
0.187047 0.463935 0.349018
0.000736381 0.460405 0.538858
0.0848528 0.294347 0.6208
0.112537 0.207435 0.680028
0.317115 9.9991E-05 0.682785
0.0504749 0.327838 0.621687
0.18682 0.0699817 0.743198
0.0499688 0.302295 0.647737
0.273937 0.00210532 0.723957
0.139113 0.399217 0.46167
0.20539 0.0737756 0.720834
0.089228 0.237504 0.673268
0.00520858 0.453014 0.541778
0.138813 0.119265 0.741922
0.0949295 0.299436 0.605634
9.9991E-05 0.458785 0.541115
0.0120378 0.182405 0.805558
0.063086 0.410276 0.526638
0.00191493 0.264713 0.733372
0.0940046 9.9991E-05 0.905895
0.0318628 0.152307 0.81583
0.0039062 0.292118 0.703976
0.110219 0.000617123 0.889164
0.0106723 0.238815 0.750513
0.189683 0.0393713 0.770946
9.9991E-05 0.187832 0.812068
0.116797 0.256238 0.626965
9.9991E-05 0.42768 0.57222
0.0793318 0.110933 0.809736
0.0849523 0.32402 0.591028
0.0252505 0.410826 0.563923
0.0530372 0.375767 0.571196
0.0104533 0.422535 0.567012
0.0781996 0.344854 0.576946
0.0409971 0.19004 0.768962
0.055303 0.258927 0.68577
9.9991E-05 0.407117 0.592783
0.0294405 0.474604 0.495955
0.0683977 0.272547 0.659055
9.9991E-05 0.391764 0.608136
0.148363 0.231213 0.620423
0.00682493 0.424183 0.568992
9.9991E-05 0.456429 0.543471
0.0863923 0.432199 0.481409
0.33014 0.415529 0.254331
0.166805 0.568174 0.26502
0.0921101 0.505071 0.402819
0.0666518 0.521266 0.412082
0.184135 0.52564 0.290225
9.9991E-05 0.326403 0.673497
0.141981 0.458789 0.39923
0.389866 0.155923 0.454211
0.125946 0.504114 0.36994
0.123827 0.48682 0.389354
0.0674606 0.54304 0.389499
0.209286 0.355531 0.435183
0.140537 0.530401 0.329063
0.162776 0.581479 0.255746
0.675543 0.179431 0.145026
0.147916 0.529086 0.322997
0.122301 0.594075 0.283624
0.0871886 0.532404 0.380407
0.121337 0.566089 0.312574
0.149339 0.482831 0.36783
0.0224755 0.36719 0.610334
0.0698435 0.420324 0.509832
0.0454921 9.9991E-05 0.954408
0.100648 9.9991E-05 0.899252
9.9991E-05 0.419449 0.580451
0.114578 0.588581 0.296841
0.103109 0.598715 0.298177
0.316938 0.418079 0.264983
0.246304 0.499792 0.253904
0.200388 0.15321 0.646402
0.199335 0.197113 0.603552
9.9991E-05 0.529659 0.470241
0.0371338 0.420324 0.542542
0.133245 0.260638 0.606117
0.0828772 0.434192 0.482931
9.9991E-05 0.509927 0.489973
0.102911 0.417527 0.479562
9.9991E-05 0.167962 0.831938
9.9991E-05 0.229084 0.770816
0.0491614 0.390405 0.560434
0.0345403 0.298138 0.667322
0.0669358 0.372384 0.56068
9.9991E-05 0.321421 0.678479
0.0340937 0.125589 0.840317
9.9991E-05 0.427045 0.572855
0.0743081 0.39345 0.532242
0.00516942 0.166444 0.828387
9.9991E-05 0.278183 0.721717
0.0190126 0.471796 0.509191
9.9991E-05 0.333195 0.666705
0.126033 0.470488 0.403479
0.110017 0.396076 0.493906
0.179683 0.511456 0.308862
0.179966 0.481874 0.338159
0.102392 0.453877 0.443732
0.142303 0.449518 0.408179
0.317237 0.156761 0.526001
0.0648908 0.638991 0.296119
0.58748 0.12572 0.2868
9.9991E-05 0.537623 0.462277
0.012834 0.0301039 0.957062
0.0896404 9.9991E-05 0.91026
9.9991E-05 0.258556 0.741344
9.9991E-05 0.440698 0.559202
9.9991E-05 0.241464 0.758436
9.9991E-05 0.293091 0.706809
9.9991E-05 0.337281 0.662619
0.829412 0.138467 0.0321208
0.793628 0.139182 0.0671904
0.925039 0.0748615 9.9991E-05
0.92671 0.0731902 9.9991E-05
9.9991E-05 0.338405 0.661495
0.017987 0.38167 0.600343
9.9991E-05 0.304951 0.694949
0.000516922 0.435003 0.564481
0.0618201 0.394107 0.544073
0.0406267 0.121727 0.837646
9.9991E-05 0.366337 0.633563
9.9991E-05 0.185492 0.814408
0.258583 0.487846 0.253571
9.9991E-05 0.265779 0.734121
0.00182922 0.180106 0.818065
9.9991E-05 0.348754 0.651146
9.9991E-05 0.27632 0.72358
9.9991E-05 0.378295 0.621605
0.00185726 0.393735 0.604408
9.9991E-05 0.0133065 0.986594
0.0112734 0.159078 0.829648
9.9991E-05 0.222813 0.777087
9.999E-05 9.999E-05 0.9998
0.0138585 0.27993 0.706212
0.0312006 0.0502259 0.918574
0.125709 9.9991E-05 0.874191
9.9991E-05 0.384068 0.615832
0.0261414 0.100073 0.873786
9.9991E-05 0.255197 0.744703
9.9991E-05 0.464561 0.53534
9.9991E-05 0.328223 0.671677
0.0060726 0.251858 0.742069
9.9991E-05 0.351629 0.648271
9.9991E-05 0.361144 0.638756
9.9991E-05 0.19484 0.80506
9.9991E-05 0.382379 0.617521
0.731009 0.00745333 0.261538
0.833675 0.0156618 0.150663
0.901456 9.9991E-05 0.0984436
0.883491 9.9991E-05 0.116409
0.764913 9.9991E-05 0.234987
0.0594545 0.106178 0.834367
0.106824 0.0322599 0.860916
9.9991E-05 0.0986178 0.901282
0.04839 0.526579 0.425031
0.07028 0.398893 0.530827
0.0177757 0.244705 0.737519
9.9991E-05 0.41392 0.58598
0.0167483 0.306003 0.677248
9.9991E-05 0.410858 0.589042
9.9991E-05 0.363525 0.636375
0.0137835 0.1428 0.843417
9.9991E-05 0.166952 0.832948
9.9991E-05 0.212399 0.787501
0.0508489 0.374384 0.574767
9.9991E-05 0.176539 0.823361
9.9991E-05 0.297897 0.702003
0.0913507 0.669893 0.238757
0.114176 0.724941 0.160883
0.125922 0.704019 0.170059
0.182487 0.667809 0.149704
0.129077 0.660957 0.209965
9.9991E-05 0.349854 0.650046
0.329684 0.670216 9.9991E-05
0.230621 0.63705 0.13233
0.173258 0.426524 0.400218
0.0874875 0.358461 0.554052
0.119945 0.31551 0.564546
0.0325235 0.460389 0.507087
0.031216 0.415829 0.552955
0.248229 0.669248 0.0825234
0.0553815 0.65573 0.288888
0.0385686 0.779143 0.182288
0.0981256 0.601328 0.300546
0.180539 0.762187 0.0572735
0.136379 0.627643 0.235978
0.24488 0.75502 9.9991E-05
0.0969772 0.62908 0.273943
0.0452432 0.348427 0.60633
0.184665 0.538272 0.277063
0.232756 0.763364 0.00387967
0.149935 0.576661 0.273404
0.223539 0.0866881 0.689773
9.9991E-05 0.477644 0.522256
0.164321 0.601407 0.234272
0.0454612 0.422884 0.531654
0.142923 0.319273 0.537805
0.179312 0.498079 0.322609
0.200789 0.552855 0.246356
0.0668979 0.512707 0.420395
0.10922 0.664381 0.226399
0.0606538 0.815894 0.123452
0.234508 0.762431 0.00306058
0.0964436 0.471288 0.432268
0.106215 0.27419 0.619594
0.266633 0.121987 0.61138
0.0985988 0.447627 0.453775
0.17218 0.267105 0.560716
0.19762 0.411333 0.391047
0.198423 0.364827 0.43675
0.497492 0.208048 0.29446
0.52619 0.137189 0.336621
0.251149 0.274172 0.474679
0.479616 0.21893 0.301454
0.591259 0.267667 0.141074
0.128824 0.391659 0.479516
0.228397 0.377863 0.39374
0.380644 0.309184 0.310173
0.403708 0.297135 0.299156
0.101793 0.447499 0.450707
0.315579 0.226387 0.458035
0.682976 0.0561773 0.260846
0.135281 0.517287 0.347432
0.255249 0.474921 0.269831
0.309167 0.461467 0.229366
0.128612 0.610962 0.260426
0.105125 0.513591 0.381284
0.111325 0.583149 0.305526
0.139402 0.567829 0.29277
0.341012 0.518436 0.140552
0.202712 0.513159 0.284129
0.15887 0.580479 0.260651
0.242299 0.463911 0.29379
0.200257 0.308034 0.491709
0.111465 0.485571 0.402964
0.140171 0.476351 0.383478
0.0435683 0.494464 0.461967
0.254145 0.541655 0.2042
0.118233 0.605756 0.276011
0.453598 0.366285 0.180117
0.126913 0.524277 0.34881
0.351078 0.418689 0.230233
0.856231 0.032669 0.1111
0.226179 0.0403437 0.733477
0.257917 9.9991E-05 0.741983
0.246557 9.9991E-05 0.753343
0.198074 9.9991E-05 0.801826
0.259852 9.9991E-05 0.740048
0.18493 9.9991E-05 0.81497
0.244781 9.9991E-05 0.755119
0.411711 9.9991E-05 0.588189
0.91202 0.0878795 9.9991E-05
0.858095 0.0698648 0.0720397
0.873752 0.126148 9.9991E-05
0.84767 0.0346794 0.11765
0.872969 0.126931 9.9991E-05
0.949135 0.0507646 9.9991E-05
0.77726 0.212151 0.0105895
0.871058 0.128842 9.9991E-05
0.769811 0.149053 0.081136
0.884979 0.114921 9.9991E-05
0.980832 0.0161904 0.00297771
0.864494 0.113962 0.021544
0.943248 0.0566516 9.9991E-05
0.87426 0.12564 9.9991E-05
0.848233 0.151667 9.9991E-05
0.814522 0.185378 9.9991E-05
0.762072 0.237828 9.9991E-05
0.750579 0.249321 9.9991E-05
0.794718 0.205182 9.9991E-05
0.192335 0.23164 0.576025
0.0275066 0.4379 0.534593
0.0472628 0.432389 0.520348
0.156217 0.0784934 0.765289
0.0826411 0.300774 0.616585
0.275502 0.0930092 0.631488
0.0719855 0.461063 0.466951
0.0937896 0.27848 0.62773
0.0678976 0.28703 0.645072
9.9991E-05 0.334332 0.665568
0.0817243 0.294887 0.623389
0.0149264 0.427976 0.557098
0.0544199 0.366809 0.578771
0.14244 9.9991E-05 0.85746
0.199729 9.9991E-05 0.800171
0.221881 0.113767 0.664352
0.0811757 0.425242 0.493583
0.0646856 0.396073 0.539241
0.0985314 0.356495 0.544973
9.9991E-05 0.485008 0.514892
0.202797 0.521584 0.27562
0.11635 0.577674 0.305976
0.477443 0.202146 0.320411
0.150342 0.362876 0.486782
0.2291 0.427684 0.343216
0.610032 0.169021 0.220947
0.329764 0.430185 0.240051
0.362018 0.377625 0.260357
0.307674 0.374538 0.317788
0.143604 0.49667 0.359726
0.198367 0.53904 0.262593
0.0967932 0.557753 0.345454
0.142206 0.463285 0.394509
0.460034 0.396985 0.142981
