9.9964E-05 0.0526952 0.897602 9.9964E-05 0.0493033 9.9964E-05 9.9964E-05
9.9973E-05 0.0562803 0.900985 9.9973E-05 0.0083366 0.0340983 9.9973E-05
9.9973E-05 0.0193477 0.831527 0.110296 9.9973E-05 9.9973E-05 0.0385289
9.9973E-05 0.0946526 0.787932 0.045372 9.9973E-05 9.9973E-05 0.0717436
0.0115673 0.00208371 0.851448 0.0257005 9.9991E-05 0.0410001 0.0681005
0.168145 0.0433453 0.581858 0.0787485 0.0619815 9.9991E-05 0.0658216
0.15562 9.9964E-05 0.805574 0.0384063 9.9964E-05 9.9964E-05 9.9964E-05
0.129986 0.150527 0.719087 9.9964E-05 9.9964E-05 9.9964E-05 9.9964E-05
0.0111815 0.0799237 0.829961 9.99729E-05 0.0786343 9.99729E-05 9.99729E-05
0.161093 9.9982E-05 0.670234 0.0623549 9.9982E-05 0.0352386 0.0708801
0.171323 0.0920117 0.692371 0.0287727 0.0153221 9.9982E-05 9.9982E-05
0.042533 0.474496 9.9982E-05 0.235982 0.165374 9.9982E-05 0.081416
0.054 0.280508 9.9982E-05 0.544821 0.0314402 9.9982E-05 0.0890306
9.9982E-05 0.437453 9.9982E-05 0.203368 0.118747 0.12455 0.115683
0.0294771 0.464527 0.0319998 0.243378 0.00675059 0.0441574 0.17971
0.0952395 0.229286 0.0962996 0.354096 0.0574588 9.9991E-05 0.167519
0.0846933 0.114912 0.0104126 0.474901 0.0734688 0.11078 0.130832
0.160666 0.179063 9.9982E-05 0.4075 0.16193 9.9982E-05 0.0906411
0.0506886 0.333405 0.108539 0.354624 0.052658 9.9991E-05 0.0999854
0.132174 0.643143 0.0264601 0.00509958 0.0989052 9.9991E-05 0.0941186
0.0569682 0.274594 0.0441379 0.378714 0.106695 0.0758071 0.063083
0.252732 0.192843 0.0130068 0.418408 9.9991E-05 0.0207836 0.102127
9.999E-05 0.249531 0.0322681 0.550331 0.0994012 0.0328491 0.0355193
0.0779724 0.391531 9.9982E-05 0.201672 0.177401 9.9982E-05 0.151224
0.0654095 0.105678 0.0841362 0.630726 9.9991E-05 0.0641199 0.0498301
0.0788768 0.216969 9.9991E-05 0.431484 0.0986484 0.0109977 0.162924
9.9973E-05 0.545215 9.9973E-05 0.205134 0.134984 9.9973E-05 0.114368
0.0817919 0.462841 9.9991E-05 0.199874 0.0622099 0.00500636 0.188178
0.151796 0.446425 9.9991E-05 0.232891 0.110829 0.0461603 0.0117983
9.9964E-05 9.9964E-05 0.853193 0.0803216 9.9964E-05 9.9964E-05 0.0660851
9.9955E-05 9.9955E-05 0.829397 0.170103 9.9955E-05 9.9955E-05 9.9955E-05
9.9982E-05 0.00324088 0.803506 0.169622 0.00683125 9.9982E-05 0.0166007
9.9973E-05 9.9973E-05 0.761231 0.134218 0.0495855 9.9973E-05 0.0546657
0.0664599 0.107054 9.9982E-05 0.496992 0.252699 0.0765953 9.9982E-05
0.00455333 0.0447033 0.13597 0.443074 0.336571 0.0350291 9.9991E-05
9.9982E-05 0.0154801 0.0324963 0.544351 0.391348 9.9982E-05 0.0161244
0.0339194 0.48667 0.077394 0.190797 0.142728 0.0525832 0.0159085
0.0452148 9.9982E-05 9.9982E-05 0.260473 0.568789 0.0429534 0.0823704
9.999E-05 0.182191 0.0267706 0.492738 0.178756 0.0741466 0.0452981
0.0410012 9.9982E-05 0.0238352 0.676131 0.184743 9.9982E-05 0.07409
0.149646 0.0737739 0.0784942 0.616923 0.0465559 0.0345074 9.9991E-05
0.12633 9.9973E-05 0.129346 0.573683 0.170341 9.9973E-05 9.9973E-05
0.0262947 0.0825601 0.00258161 0.0776672 0.810696 9.9982E-05 9.9982E-05
0.20332 0.137887 0.0134276 0.570107 0.0246771 9.9991E-05 0.050481
0.0647853 0.00797665 0.0559443 0.58296 0.163651 0.084725 0.0399575
0.088666 0.0689394 0.117608 0.579639 0.127042 0.00264183 0.0154637
9.9964E-05 9.9964E-05 9.9964E-05 0.327677 0.590993 0.0809305 9.9964E-05
0.0551494 9.9973E-05 9.9973E-05 0.512144 0.334412 9.9973E-05 0.0979943
9.9991E-05 0.0314007 0.1131 0.579014 0.12717 0.0848193 0.0643958
0.201142 9.9973E-05 0.0688627 9.9973E-05 0.686317 0.0433779 9.9973E-05
0.0676596 0.448209 0.0132067 0.218931 0.128641 0.123252 9.9991E-05
0.349128 0.220307 0.0172662 9.9991E-05 0.20227 0.137217 0.0737124
0.0407189 0.206154 0.0323189 0.538935 0.0246026 0.0888763 0.068395
0.174322 9.9991E-05 0.093511 0.585471 0.00909204 0.12649 0.011015
0.12268 0.105999 0.0254573 0.59959 9.9991E-05 0.0268797 0.119293
0.130287 0.348827 0.0976645 0.197958 0.220194 0.00497026 9.9991E-05
0.052622 0.163929 0.062835 0.563485 0.156929 9.9982E-05 9.9982E-05
0.0664391 0.205158 0.0428645 0.534899 0.0528604 0.00789134 0.0898882
0.13969 0.233337 0.0996308 0.339375 0.0576199 0.116824 0.0135228
0.160341 0.334099 0.172916 0.0378112 0.155376 0.0735441 0.0659134
0.177496 0.00417004 0.0922966 0.52758 0.0870936 0.0790449 0.0323187
0.0089614 0.256211 0.0963466 0.435532 0.102726 0.043865 0.056359
0.128217 0.522431 0.0497406 0.000661751 0.244303 0.0545465 9.9991E-05
0.0238824 0.287847 0.00450319 0.467522 0.105186 0.0947827 0.0162764
0.0829062 0.0908966 9.9991E-05 0.58604 0.0978766 0.0901274 0.0520532
0.0399376 0.101292 0.143322 0.467363 0.0609798 0.112082 0.0750237
0.045185 0.215938 0.0530534 0.248831 0.267762 0.0990852 0.0701457
0.0918094 0.187137 9.9991E-05 0.522729 0.152034 0.0172591 0.0289319
0.144295 0.101614 0.115052 0.558964 0.0329571 0.0163021 0.0308156
0.23425 0.367164 9.9982E-05 0.162577 0.179858 0.0559514 9.9982E-05
9.9964E-05 9.9964E-05 9.9964E-05 0.564122 0.393502 0.0419758 9.9964E-05
9.9964E-05 0.120775 9.9964E-05 0.177231 0.701594 9.9964E-05 9.9964E-05
0.00142766 0.144518 0.0207241 0.525975 0.236582 0.0706731 9.9991E-05
0.175042 9.9955E-05 9.9955E-05 9.9955E-05 0.824458 9.9955E-05 9.9955E-05
0.0855198 0.00653903 9.9982E-05 0.000603252 0.777497 0.129641 9.9982E-05
9.9973E-05 0.017343 9.9973E-05 0.232595 0.722604 0.0271579 9.9973E-05
0.0481784 0.11554 9.9973E-05 0.522424 0.313557 9.9973E-05 9.9973E-05
9.9991E-05 0.0409982 0.0930093 0.524395 0.0952872 0.0899662 0.156244
9.9991E-05 0.0374054 0.0235918 0.372759 0.521424 0.0241142 0.0206055
9.9982E-05 0.097151 0.0527417 0.102228 0.683827 9.9982E-05 0.0638522
9.9973E-05 0.208294 0.0579652 0.248326 0.485115 9.9973E-05 9.9973E-05
9.9982E-05 0.0833242 0.13026 0.520663 0.227878 9.9982E-05 0.037675
9.9973E-05 0.0674937 0.0721608 0.326843 0.533203 9.9973E-05 9.9973E-05
9.9973E-05 9.9973E-05 0.0324965 0.332271 0.594349 9.9973E-05 0.0405837
0.0173569 9.9973E-05 9.9973E-05 0.429309 0.53383 0.0192042 9.9973E-05
0.141727 9.9982E-05 0.0177498 9.9982E-05 0.685452 0.14465 0.0102217
0.061438 0.0699664 0.0583006 0.599088 0.211007 9.9982E-05 9.9982E-05
9.9973E-05 0.0550605 0.780917 0.144452 9.9973E-05 9.9973E-05 0.0192709
9.9955E-05 9.9955E-05 0.901213 0.0982877 9.9955E-05 9.9955E-05 9.9955E-05
9.9964E-05 9.9964E-05 0.86645 0.101951 9.9964E-05 9.9964E-05 0.0311993
0.0288418 9.9964E-05 0.918225 0.0525338 9.9964E-05 9.9964E-05 9.9964E-05
9.9964E-05 9.9964E-05 0.848145 0.102412 0.0490427 9.9964E-05 9.9964E-05
9.9973E-05 9.9973E-05 0.903874 0.0694465 0.0140421 0.0123378 9.9973E-05
0.0108313 9.9982E-05 0.935308 0.0228682 0.0138744 9.9982E-05 0.0169182
9.9982E-05 0.0662898 0.18599 0.44278 0.257182 9.9982E-05 0.0475582
0.0128661 9.9982E-05 0.125043 0.405436 0.4174 9.9982E-05 0.0390547
9.9982E-05 0.101303 0.0177678 0.0513797 0.768762 0.0605878 9.9982E-05
0.0687258 9.9982E-05 0.125297 0.608441 0.169743 9.9982E-05 0.0275944
9.9982E-05 0.0936733 0.0166849 0.399652 0.483332 9.9982E-05 0.00645741
9.9982E-05 9.9982E-05 0.0704597 0.543128 0.324387 0.058699 0.00312677
0.0208139 0.0744932 0.0418292 0.403311 0.223738 0.187698 0.0481164
0.0235539 9.9982E-05 0.0243231 0.412434 0.480154 9.9982E-05 0.059335
9.9973E-05 0.164866 0.0586536 9.9973E-05 0.754195 0.0219858 9.9973E-05
9.9991E-05 0.112961 0.0940457 0.523223 0.119391 0.137448 0.012832
0.0225819 9.9982E-05 0.11281 0.623488 0.15611 0.0848098 9.9982E-05
9.9982E-05 0.122337 0.123472 0.583187 0.115419 9.9982E-05 0.0553842
0.100998 9.9982E-05 9.9982E-05 0.242926 0.552209 0.0770821 0.026584
9.9973E-05 9.9973E-05 0.0184785 0.415517 0.467839 0.0978655 9.9973E-05
0.0129581 0.0708561 0.0429506 0.439417 0.400026 0.0310517 0.00273985
9.9973E-05 9.9973E-05 9.9973E-05 0.258494 0.566488 0.0348832 0.139835
0.0203558 0.039566 0.0850861 0.371577 0.483216 9.9982E-05 9.9982E-05
0.0606327 0.141599 0.0440215 0.597897 0.111023 0.00434429 0.0404824
0.0975184 0.310672 0.0390828 0.286858 0.0257147 0.240053 9.9991E-05
0.110675 0.321821 0.0376576 0.455162 9.9982E-05 9.9982E-05 0.0744856
0.0898464 0.142226 0.0835484 0.577569 0.0124993 0.0216926 0.0726182
9.9991E-05 0.123347 0.103205 0.54251 0.101466 0.0823729 0.0469991
0.057292 0.347735 0.0549714 0.518898 9.9982E-05 0.0209034 9.9982E-05
0.0148152 0.293843 9.9982E-05 0.596166 9.9982E-05 0.070604 0.0243717
9.9982E-05 0.385869 0.0243507 0.508452 9.9982E-05 0.0789321 0.00219553
9.9991E-05 0.150123 0.147979 0.504552 0.0469391 0.142635 0.00767127
0.124265 0.102225 0.114073 0.519882 9.9991E-05 0.0556128 0.0838416
0.0745162 0.201801 0.0405972 0.599049 0.0542514 0.0296853 9.9991E-05
0.0318085 0.342274 0.0794091 0.472539 0.0258034 0.0480658 9.9991E-05
0.120932 0.148909 0.0691766 0.607203 9.9982E-05 9.9982E-05 0.0535794
0.0387374 0.0621023 0.013926 0.492522 0.0223566 0.14201 0.228345
9.9991E-05 0.167104 0.0266664 0.597123 0.0362382 0.147083 0.0256849
9.9982E-05 0.183052 0.0721506 0.516249 9.9982E-05 0.154698 0.0736514
0.07303 0.16663 9.9991E-05 0.512301 0.0747888 0.0270972 0.146053
0.184511 0.268167 0.0591334 0.394952 9.9991E-05 0.0654194 0.0277173
9.9991E-05 0.238312 0.0354773 0.676591 0.0192556 0.0205757 0.00968893
9.9982E-05 0.206416 0.0257462 0.623416 9.9982E-05 0.112988 0.0312347
0.00307176 0.387206 9.9991E-05 0.20878 0.201273 0.10218 0.0973891
0.141613 0.31212 9.9991E-05 0.120955 0.084466 0.282121 0.0586252
0.0889993 0.148822 0.0174721 0.453225 0.139848 0.0417667 0.109867
0.118979 0.346764 9.9991E-05 0.0387234 0.151472 0.287654 0.056308
9.9982E-05 0.443357 9.9982E-05 0.237349 0.214856 0.0689326 0.0353061
9.9982E-05 0.316173 0.0315986 0.427293 0.142355 0.0823801 9.9982E-05
9.9982E-05 0.306061 0.0468672 0.347463 0.200981 0.0984283 9.9982E-05
0.0280624 0.482087 9.9991E-05 0.295373 0.147162 0.0257388 0.021476
0.0683749 0.164513 0.0891256 0.592658 9.9991E-05 0.0657593 0.0194694
0.0669305 0.188735 9.9991E-05 0.467926 0.0616658 0.049709 0.164933
0.0252053 0.14137 0.060753 0.576063 0.0516426 0.124332 0.0206338
0.222537 0.326691 9.9991E-05 0.15507 0.0605274 0.180261 0.0548135
0.0969319 0.0305182 0.105256 0.568192 0.12598 0.0730217 9.9991E-05
0.227103 0.0295783 0.00507139 0.522535 9.9991E-05 0.155418 0.0601948
0.429911 0.162467 0.128905 9.9982E-05 0.0693968 0.209121 9.9982E-05
0.134682 9.9991E-05 0.110724 0.568834 0.0920711 0.0491625 0.0444257
0.183051 0.0801965 0.049199 0.256528 0.167822 0.179724 0.0834797
0.214074 0.0557752 0.0397261 0.43844 9.9991E-05 0.122532 0.129353
0.367148 0.0993647 0.113313 0.223571 0.146125 0.0503782 9.9991E-05
0.410699 0.0883295 0.0527933 0.230173 0.0721442 0.145761 9.9991E-05
0.0981961 0.113397 0.0577941 0.394516 0.124412 0.211584 9.9991E-05
0.256817 0.0346645 0.103815 0.376139 0.042094 0.119724 0.0667468
0.113792 0.116528 0.144392 0.450305 9.9991E-05 0.115621 0.0592614
0.434765 0.0557687 0.0176548 9.9991E-05 0.216313 0.0931324 0.182266
0.055178 0.0821763 0.0794123 0.531531 0.128143 0.0945045 0.0290545
0.385158 0.0867378 9.9973E-05 0.324871 0.202933 9.9973E-05 9.9973E-05
0.159664 0.100229 9.9991E-05 0.443064 0.178583 0.082715 0.0356456
0.0944457 9.9991E-05 0.102167 0.596043 0.017515 0.139623 0.0501061
0.300361 9.9973E-05 0.306136 0.181054 9.9973E-05 9.9973E-05 0.212149
0.328998 9.9964E-05 0.550938 9.9964E-05 9.9964E-05 9.9964E-05 0.119663
0.402288 9.9973E-05 0.440659 9.9973E-05 9.9973E-05 0.0341693 0.122584
0.237325 9.9973E-05 0.377276 0.0938444 9.9973E-05 9.9973E-05 0.291256
0.251077 9.9964E-05 9.9964E-05 0.662951 0.0855727 9.9964E-05 9.9964E-05
0.0905962 0.0369684 0.0783579 0.561624 0.0529847 0.113643 0.0658265
9.9964E-05 0.0806567 9.9964E-05 0.177085 9.9964E-05 9.9964E-05 0.741859
9.9991E-05 0.0504897 0.0148107 0.408098 0.0694248 0.0467942 0.410283
0.0239783 0.0867349 0.0685535 0.318864 0.0516538 9.9991E-05 0.450115
0.526485 9.9973E-05 9.9973E-05 0.343204 0.0279403 0.10207 9.9973E-05
0.0955795 0.142049 0.00931724 0.317643 0.0782874 0.136225 0.220898
0.509671 0.059833 9.9982E-05 0.175114 0.0276351 0.227547 9.9982E-05
0.240286 9.9973E-05 9.9973E-05 0.610096 0.0855377 0.0637805 9.9973E-05
0.171762 0.0701852 0.0332669 0.494896 0.0953611 0.134429 9.9991E-05
0.326593 0.0149484 9.9991E-05 0.512083 0.0520078 0.00425087 0.0900161
0.487229 0.0861715 9.9982E-05 0.191096 0.106305 0.128998 9.9982E-05
0.0668176 9.9982E-05 0.0747597 0.590504 0.147874 9.9982E-05 0.119845
0.266332 0.0180786 0.017295 0.549346 0.0407414 0.00796952 0.100238
9.9955E-05 9.9955E-05 9.9955E-05 9.9955E-05 0.0534225 9.9955E-05 0.946078
9.9964E-05 9.9964E-05 9.9964E-05 0.0581806 9.9964E-05 0.0528982 0.888521
9.9982E-05 0.0720902 0.0430845 0.258893 0.0531379 9.9982E-05 0.572595
9.9964E-05 9.9964E-05 9.9964E-05 0.375858 9.9964E-05 0.0135844 0.610158
0.00425167 0.0493806 0.0516615 0.116859 0.0284648 9.9991E-05 0.749282
9.995E-05 9.995E-05 9.995E-05 9.995E-05 9.995E-05 9.995E-05 0.9994
9.9964E-05 0.0188619 9.9964E-05 9.9964E-05 9.9964E-05 0.00252971 0.978209
9.9955E-05 9.9955E-05 9.9955E-05 0.134723 9.9955E-05 9.9955E-05 0.864777
9.9964E-05 0.0158983 9.9964E-05 0.0751651 9.9964E-05 9.9964E-05 0.908537
9.995E-05 9.995E-05 9.995E-05 9.995E-05 9.995E-05 9.995E-05 0.9994
9.995E-05 9.995E-05 9.995E-05 9.995E-05 9.995E-05 9.995E-05 0.9994
0.00473116 0.00212732 0.0691575 0.172058 9.9982E-05 9.9982E-05 0.751726
0.0167469 0.018799 0.0357901 0.0205906 9.9991E-05 0.01479 0.893183
9.995E-05 9.995E-05 9.995E-05 9.995E-05 9.995E-05 9.995E-05 0.9994
9.9982E-05 0.208968 0.047705 0.226839 0.0504575 9.9982E-05 0.465831
9.9982E-05 0.0585492 0.101625 0.126305 0.0916666 9.9982E-05 0.621654
9.9973E-05 0.0288009 0.0282614 0.233141 9.9973E-05 9.9973E-05 0.709497
9.9973E-05 0.0422338 0.00431695 0.042156 9.9973E-05 9.9973E-05 0.910993
9.99616E-05 9.99616E-05 9.99616E-05 9.99616E-05 9.99616E-05 0.0221607 0.97734
9.9982E-05 9.9982E-05 0.0280153 0.0937572 0.00320308 0.0186765 0.856148
9.9964E-05 9.9964E-05 0.00863307 9.9964E-05 0.00342338 9.9964E-05 0.987544
0.00563328 0.0965064 0.0361382 0.146678 9.9991E-05 0.072615 0.642329
9.9973E-05 0.0164388 9.9973E-05 0.0138173 0.0460106 9.9973E-05 0.923433
0.644249 9.9973E-05 0.284985 9.9973E-05 9.9973E-05 0.0159938 0.0544719
0.174167 0.118936 0.194872 0.395782 0.0475752 0.0429445 0.0257238
0.227143 9.9982E-05 0.218024 0.415976 0.0654486 9.9982E-05 0.0732093
0.441507 9.9991E-05 0.161985 0.14097 0.00230211 0.125006 0.128129
0.200127 9.9991E-05 0.133569 0.365433 0.0936863 0.0463926 0.160691
0.389371 9.9982E-05 0.232823 0.222478 9.9982E-05 0.0750243 0.0801041
0.194217 0.0864795 0.120371 0.378876 0.0856943 0.0321897 0.102173
0.418324 9.9982E-05 0.0911515 0.262443 0.0623299 9.9982E-05 0.165552
0.191405 9.9991E-05 0.143706 0.469719 0.0623606 0.0075189 0.125191
0.373119 9.9982E-05 0.0765482 0.247463 9.9982E-05 0.0272027 0.275467
0.205898 0.00921386 0.195032 0.33167 0.150342 9.9991E-05 0.107744
0.100651 0.053964 0.809066 0.0328138 9.9982E-05 0.00330525 9.9982E-05
9.9964E-05 9.9964E-05 0.908453 9.9964E-05 9.9964E-05 0.0267338 0.064413
0.000284685 0.0368242 0.950414 0.00695125 0.0053262 9.9982E-05 9.9982E-05
9.9973E-05 0.0377187 0.90979 0.0345953 0.0175966 9.9973E-05 9.9973E-05
0.0464144 0.0334647 0.874768 0.0333407 9.9982E-05 9.9982E-05 0.0118123
9.9973E-05 9.9973E-05 0.903075 9.9973E-05 0.00513454 0.0118362 0.0796542
9.9964E-05 9.9964E-05 0.894629 0.046448 9.9964E-05 9.9964E-05 0.0585232
0.0322956 9.9982E-05 0.864057 0.00144014 0.0300645 0.0719427 9.9982E-05
9.9973E-05 9.9973E-05 0.935641 0.0254567 0.0239258 0.0146764 9.9973E-05
0.0418304 0.00855493 0.833955 9.9973E-05 9.9973E-05 9.9973E-05 0.11536
9.9973E-05 0.20931 0.600278 9.9973E-05 0.11609 0.0740225 9.9973E-05
9.9973E-05 0.308709 0.543596 9.9973E-05 0.101935 9.9973E-05 0.0454595
0.0735226 0.309957 0.530576 9.9982E-05 0.0630503 0.0226937 9.9982E-05
0.0237576 0.313162 0.503956 9.9982E-05 0.087589 0.071336 9.9982E-05
0.0357344 0.129265 0.0758408 0.527122 0.231837 9.9982E-05 9.9982E-05
0.0070014 0.0652907 0.02348 0.406906 0.393293 0.0231969 0.0808319
0.101882 0.155675 0.0350109 0.547003 0.113959 0.0463697 9.9991E-05
9.9982E-05 0.225195 0.0335472 0.389932 0.27261 0.078516 9.9982E-05
0.0377602 0.594324 9.9982E-05 0.201749 0.100601 0.0653653 9.9982E-05
9.9982E-05 0.0100643 0.0225051 0.532295 0.31733 9.9982E-05 0.117606
9.9964E-05 0.0779458 9.9964E-05 0.577984 0.34367 9.9964E-05 9.9964E-05
0.103467 0.014349 9.9973E-05 0.488838 0.393046 9.9973E-05 9.9973E-05
9.9973E-05 9.9973E-05 9.9973E-05 0.286788 0.608214 0.0376259 0.0670726
9.9982E-05 0.086466 0.0166343 0.632363 0.246732 0.0176053 9.9982E-05
9.9982E-05 0.166892 9.9982E-05 0.395214 0.419332 0.0137879 0.00457438
9.9964E-05 0.062205 9.9964E-05 9.9964E-05 0.739837 0.197558 9.9964E-05
0.0308407 0.210144 0.0627804 0.579474 0.114584 0.00207707 9.9991E-05
0.181543 9.9982E-05 0.0142919 0.217665 0.535574 0.0507259 9.9982E-05
0.0130437 0.068662 9.9991E-05 0.455545 0.408087 0.0327357 0.0218264
9.9973E-05 0.186387 0.0379059 0.0619439 0.713464 9.9973E-05 9.9973E-05
0.153295 0.687237 0.141986 0.0171827 9.9973E-05 9.9973E-05 9.9973E-05
0.188024 0.688179 0.0631301 0.0603666 9.9973E-05 9.9973E-05 9.9973E-05
0.0686426 0.816955 0.0759335 9.9973E-05 9.9973E-05 0.0381686 9.9973E-05
0.0908119 0.794943 0.102718 9.9973E-05 9.9973E-05 0.0112274 9.9973E-05
0.161098 0.807521 9.9964E-05 9.9964E-05 9.9964E-05 9.9964E-05 0.0309815
0.0989878 0.718287 0.0508121 0.0954854 9.9982E-05 9.9982E-05 0.036228
9.9964E-05 9.9964E-05 0.856497 0.107344 0.0357592 9.9964E-05 9.9964E-05
9.9973E-05 0.108589 0.793541 0.0478067 9.9973E-05 9.9973E-05 0.0497632
9.9973E-05 0.00465319 0.750736 0.132885 9.9973E-05 9.9973E-05 0.111426
9.9973E-05 0.0928217 0.729636 0.0992668 9.9973E-05 9.9973E-05 0.0779759
0.00180201 0.0543977 0.804809 0.0631005 9.9982E-05 9.9982E-05 0.0756909
0.061887 0.512633 0.395934 9.9973E-05 0.0292462 9.9973E-05 9.9973E-05
0.0880893 0.419242 0.436367 9.9982E-05 0.00776297 0.0483382 9.9982E-05
9.9973E-05 0.420533 0.455206 9.9973E-05 0.0277849 0.0961763 9.9973E-05
9.9964E-05 0.0589721 0.794502 0.146126 9.9964E-05 9.9964E-05 9.9964E-05
0.0245929 0.455251 0.422208 9.9982E-05 0.0513354 0.0464127 9.9982E-05
0.136168 0.0258197 0.191018 0.222917 9.9991E-05 0.0572919 0.366686
0.0333006 0.0345883 0.132808 0.500149 0.0166184 0.042958 0.239578
0.00855694 9.9982E-05 0.155186 0.534806 0.0080454 9.9982E-05 0.293206
0.10463 9.9991E-05 0.237302 0.330058 0.1156 0.000899027 0.21141
9.9982E-05 0.142658 0.101848 0.387455 0.133364 9.9982E-05 0.234475
0.215243 9.9973E-05 0.452067 9.9973E-05 9.9973E-05 0.00626289 0.326127
0.089466 0.344404 9.9982E-05 0.50846 0.0307217 0.0267483 9.9982E-05
0.171656 0.22199 9.9982E-05 0.409604 0.0347152 0.161834 9.9982E-05
0.0199514 0.534125 0.0631883 0.284131 0.0115859 0.0613221 0.0256971
0.0146951 0.150201 9.9991E-05 0.434035 0.128578 0.235511 0.0368804
0.186404 0.22434 9.9973E-05 9.9973E-05 0.133548 0.455408 9.9973E-05
0.0419843 0.12699 0.0557204 0.534893 0.0379283 0.202385 9.9991E-05
0.0829304 0.211123 9.9982E-05 0.489112 0.0488772 0.167758 9.9982E-05
9.9982E-05 0.402847 0.0120392 0.316237 0.199894 0.0687831 9.9982E-05
0.153096 0.12695 0.0694263 0.409744 0.121342 0.0433167 0.0761248
0.249197 0.314688 9.9982E-05 0.0783118 0.143935 0.213668 9.9982E-05
0.129121 0.032165 0.0100083 0.46162 0.116255 0.21694 0.0338898
0.0287072 0.261954 9.9991E-05 0.434757 0.0697214 0.144732 0.060029
0.0891591 0.120905 0.113539 0.300532 0.131086 9.9991E-05 0.244679
0.146301 0.254244 9.9982E-05 0.384492 0.0453072 0.169456 9.9982E-05
0.00276366 0.254272 0.0214052 0.433705 0.105171 0.150843 0.0318408
0.114455 0.10345 9.9991E-05 0.431719 0.0530143 0.179439 0.117822
0.0416765 0.0559862 0.0499878 0.525516 0.166839 0.159895 9.9991E-05
0.00803125 0.143544 9.9991E-05 0.543395 0.0780079 0.0875668 0.139355
9.9982E-05 0.107217 0.155344 0.519169 0.170315 9.9982E-05 0.0477561
0.0447125 0.309175 9.9982E-05 0.496553 9.9982E-05 0.0416841 0.107675
9.9964E-05 9.9964E-05 0.803568 0.124422 9.9964E-05 9.9964E-05 0.0716098
9.9982E-05 9.9982E-05 0.827763 0.0388761 0.0201213 0.058286 0.0547538
0.0822423 0.0696356 0.739926 0.0561265 9.9991E-05 0.0267067 0.0252632
9.9991E-05 0.0367239 0.778384 0.0144331 0.0835497 0.0288782 0.0579307
0.00422197 9.9982E-05 0.835242 0.137543 9.9982E-05 0.00579564 0.0169978
0.108384 0.578465 9.9982E-05 0.121576 9.9982E-05 0.116518 0.0748556
9.9991E-05 0.0199555 0.115837 0.509674 0.115402 0.215872 0.0231602
0.142771 9.9982E-05 0.21395 0.441538 0.0592793 9.9982E-05 0.142261
9.9982E-05 0.123198 9.9982E-05 0.679784 0.0726441 0.0694697 0.0547036
0.0168663 0.255174 0.0227778 0.555413 0.0592683 0.0903999 9.9991E-05
0.200146 0.325231 9.9982E-05 0.312941 9.9982E-05 0.135457 0.0260256
0.112327 0.585422 0.15668 0.0210359 0.0817555 0.0426799 9.9991E-05
9.9991E-05 0.246646 0.0428357 0.592516 0.0458364 0.0581785 0.0138874
0.0290576 0.521332 0.048495 0.106608 0.138595 0.097362 0.0585498
9.9991E-05 0.209815 0.0739591 0.351765 0.0271273 0.25678 0.0804535
0.0587606 0.431546 0.170782 0.136695 0.00857324 0.193543 9.9991E-05
9.9991E-05 0.132197 0.106653 0.621637 0.0403082 0.0589804 0.0401246
0.0327575 0.563893 0.0581455 0.198802 0.104675 0.0416276 9.9991E-05
0.124031 0.332312 9.9991E-05 0.289703 0.11869 0.0927175 0.0424466
0.290614 0.101878 0.0441599 0.563048 9.9973E-05 9.9973E-05 9.9973E-05
0.526333 0.150251 9.9964E-05 0.323016 9.9964E-05 9.9964E-05 9.9964E-05
0.232459 0.0481141 0.0555783 0.550604 0.113044 9.9982E-05 9.9982E-05
0.123296 9.9991E-05 0.00897158 0.506148 0.138346 0.118104 0.105035
0.520731 0.0500631 9.9973E-05 0.400632 9.9973E-05 0.0282738 9.9973E-05
0.0522125 0.204942 0.0754899 0.441989 0.00413242 0.10468 0.116554
0.213733 0.0160837 0.0509625 0.553686 0.090661 0.0747743 9.9991E-05
0.578568 0.0833366 9.9982E-05 0.0608374 0.0963783 0.18068 9.9982E-05
0.619765 9.9973E-05 9.9973E-05 0.220501 0.134821 0.0246127 9.9973E-05
0.347315 0.0617452 9.9973E-05 0.527854 9.9973E-05 0.0627859 9.9973E-05
0.551335 0.0921193 9.9982E-05 0.137827 0.167959 0.050559 9.9982E-05
0.24953 0.156129 9.9973E-05 0.44839 0.145651 9.9973E-05 9.9973E-05
0.00700118 0.596286 9.9991E-05 0.0977603 0.161092 0.0631077 0.0746526
9.9973E-05 0.314403 9.9973E-05 0.278582 0.062114 0.344601 9.9973E-05
9.9991E-05 0.328931 0.0687744 0.315025 0.146369 0.0883452 0.0524554
0.0990137 0.204389 9.9982E-05 0.623592 0.00281994 9.9982E-05 0.0699848
0.0573529 0.428073 9.9991E-05 0.219824 0.227547 0.0365403 0.0305622
0.0223436 0.223965 0.0425093 0.543081 9.9991E-05 0.104518 0.0634828
0.0106455 0.207762 0.0276443 0.552853 0.00653629 0.0658504 0.128709
0.0105 0.207723 0.0306082 0.450645 0.172563 0.0120223 0.115939
9.9982E-05 0.297002 0.0128768 0.520833 9.9982E-05 0.0570541 0.112034
9.9982E-05 0.33149 0.0147367 0.410688 0.171945 9.9982E-05 0.07094
9.9973E-05 0.524375 9.9973E-05 0.236627 0.163217 9.9973E-05 0.0754816
9.9982E-05 0.392528 9.9982E-05 0.285832 0.151172 0.0700086 0.100259
0.0129569 0.183371 9.9991E-05 0.607656 0.0480238 0.0992672 0.0486247
0.0735641 0.0966813 0.0525254 0.481346 0.0923441 0.11522 0.0883184
0.066919 0.298285 0.0115242 0.434145 9.9991E-05 0.168168 0.020859
9.9973E-05 0.249979 9.9973E-05 0.478489 9.9973E-05 0.212395 0.058837
0.0881951 0.432523 0.0180519 0.412127 9.9991E-05 0.00584048 0.0431631
9.9982E-05 0.27155 9.9982E-05 0.580864 0.0283184 0.0681574 0.0509102
9.9982E-05 0.287508 9.9982E-05 0.55407 0.0724089 0.080708 0.00510537
9.9982E-05 0.150024 0.125216 0.526289 9.9982E-05 0.175735 0.0225366
0.059994 9.9982E-05 0.414099 0.446014 0.0163256 9.9982E-05 0.0633674
0.0164171 0.0390773 0.181022 0.468883 9.9991E-05 0.0843908 0.21011
0.182418 0.025686 0.0881316 0.544355 9.9991E-05 0.0468001 0.112509
0.0174525 0.0570527 0.0686043 0.573152 0.078574 0.121526 0.0836394
9.9973E-05 9.9973E-05 0.215331 0.441167 9.9973E-05 0.155903 0.187299
0.158702 0.18804 9.9982E-05 0.339113 9.9982E-05 0.273475 0.0404702
0.100484 0.0368495 0.181891 0.44366 0.0543483 0.0517253 0.131042
0.461993 9.9973E-05 0.193173 9.9973E-05 0.15469 9.9973E-05 0.189845
0.118323 0.109727 0.0776014 0.520196 9.9982E-05 9.9982E-05 0.173952
0.0408944 9.9982E-05 0.131427 0.541019 9.9982E-05 0.187107 0.0993521
0.0439698 0.111102 0.0623782 0.443457 0.000766613 0.106041 0.232285
0.18277 0.117084 0.157221 0.272585 0.0685954 0.0460068 0.155737
0.124218 9.9982E-05 0.132756 0.530772 0.11096 9.9982E-05 0.101093
0.117663 9.9982E-05 0.171474 0.555271 9.9982E-05 0.0301457 0.125246
0.264563 9.9973E-05 0.476816 9.9973E-05 9.9973E-05 0.0943717 0.163949
0.0796567 9.9982E-05 0.203972 0.466611 9.9982E-05 0.0581219 0.191439
0.106261 0.0250934 0.128155 0.511965 9.9991E-05 0.0493066 0.179118
0.0849201 0.0361793 0.121753 0.575346 0.035567 0.0451857 0.101049
0.120512 9.9973E-05 0.198907 0.567048 9.9973E-05 9.9973E-05 0.113233
0.0987747 0.00101263 0.214971 0.535967 9.9991E-05 0.0211225 0.128053
9.9991E-05 0.051623 0.029164 0.429254 0.0100346 0.457068 0.0227559
0.103755 0.0366406 0.0832282 0.479095 0.0338047 0.22396 0.0395165
0.0068018 0.0909649 9.9982E-05 0.038108 0.0748466 0.789079 9.9982E-05
9.9964E-05 0.0781523 9.9964E-05 9.9964E-05 0.00825117 0.913197 9.9964E-05
9.9982E-05 0.0692194 0.0565868 0.427344 9.9982E-05 0.423006 0.0236442
0.0618717 9.9982E-05 0.127142 0.339173 9.9982E-05 0.155999 0.315614
9.9973E-05 9.9973E-05 0.0875281 0.213709 9.9973E-05 0.317863 0.3806
0.0696209 9.9991E-05 0.200652 0.166875 0.0267842 0.217352 0.318616
9.9973E-05 9.9973E-05 0.175515 0.283545 9.9973E-05 0.273642 0.266999
0.178714 9.9982E-05 0.0659896 0.039464 9.9982E-05 0.628226 0.0874065
9.9973E-05 9.9973E-05 0.113926 0.128855 9.9973E-05 0.655661 0.101258
9.9964E-05 9.9964E-05 9.9964E-05 0.507027 9.9964E-05 0.410974 0.0815995
9.9982E-05 9.9982E-05 0.0227711 0.388752 0.0259368 0.472035 0.090305
9.9973E-05 9.9973E-05 0.0936522 0.131984 9.9973E-05 0.685206 0.0888574
9.9982E-05 0.0751141 0.0598119 0.445616 9.9982E-05 0.320282 0.0989765
0.0437853 9.9982E-05 0.0201962 0.506755 9.9982E-05 0.297487 0.131576
0.0414419 0.128585 0.0152203 0.382811 9.9991E-05 0.273689 0.158154
9.9964E-05 0.114948 9.9964E-05 0.303162 9.9964E-05 0.58149 9.9964E-05
0.0479874 0.0884591 9.9991E-05 0.292085 0.0775086 0.482449 0.0114118
0.0740478 0.0497317 0.0700418 0.422433 0.113473 0.228063 0.0422099
0.106609 0.0390585 0.0344937 0.452861 9.9991E-05 0.357714 0.00916404
0.132745 9.9982E-05 0.137146 0.49208 9.9982E-05 0.15353 0.0842987
0.126547 9.9964E-05 9.9964E-05 0.490359 9.9964E-05 0.382694 9.9964E-05
0.0232573 0.0810501 9.9973E-05 0.184307 9.9973E-05 0.711085 9.9973E-05
9.9964E-05 9.9964E-05 0.00656136 0.605476 9.9964E-05 0.387563 9.9964E-05
0.04006 0.00640014 0.119422 0.408909 0.131133 0.166024 0.128052
0.00571164 0.0394085 9.9982E-05 0.222524 0.0441576 0.687999 9.9982E-05
0.024907 9.9982E-05 0.0538495 0.357701 0.039063 0.52428 9.9982E-05
9.9991E-05 0.00301452 0.0913352 0.55982 0.0344245 0.300207 0.0110985
0.0452255 0.0179369 0.0602442 0.424138 0.138064 0.283986 0.0304052
0.138921 0.0396946 0.217023 0.449176 9.9982E-05 9.9982E-05 0.154985
0.0686339 0.118492 0.119682 0.332753 0.0240212 0.195051 0.141366
0.126836 0.0300549 0.167084 0.283606 9.9991E-05 0.129366 0.262953
0.173981 0.122193 0.149277 0.229785 0.035295 0.00438851 0.28508
0.0511373 0.00196498 0.158696 0.459693 0.168096 9.9991E-05 0.160313
0.00399878 9.9982E-05 0.159298 0.324077 9.9982E-05 0.275702 0.236724
0.0600699 9.9973E-05 0.195837 9.9973E-05 9.9973E-05 0.623061 0.120733
0.012411 9.9982E-05 0.0821079 0.554323 9.9982E-05 0.138147 0.212812
0.0668615 9.9973E-05 0.341079 9.9973E-05 9.9973E-05 0.489801 0.101958
9.9973E-05 9.9973E-05 0.0253621 0.455739 9.9973E-05 0.322847 0.195752
9.99652E-05 9.99652E-05 9.99652E-05 0.0865631 0.082043 0.830994 9.99652E-05
9.9973E-05 0.0253302 0.00161655 9.9973E-05 0.0511656 0.921588 9.9973E-05
9.9964E-05 9.9964E-05 9.9964E-05 0.398495 0.114085 0.48702 9.9964E-05
9.9964E-05 9.9964E-05 0.0425939 0.662701 9.9964E-05 0.294305 9.9964E-05
9.9973E-05 0.0364732 9.9973E-05 0.364679 0.0440241 0.554524 9.9973E-05
9.9964E-05 9.9964E-05 9.9964E-05 0.481064 0.0535569 0.464979 9.9964E-05
9.9964E-05 9.9964E-05 9.9964E-05 0.479814 9.9964E-05 0.504137 0.0156497
9.9982E-05 0.00311431 0.802914 0.0337363 9.9982E-05 0.105201 0.0548347
0.0204401 0.132131 0.695675 9.9982E-05 9.9982E-05 0.0254452 0.126109
9.9964E-05 0.042088 0.883032 9.9964E-05 9.9964E-05 9.9964E-05 0.0744799
9.9964E-05 9.9964E-05 0.896559 0.0782636 9.9964E-05 0.0247776 9.9964E-05
0.0050602 0.032884 0.0843371 0.471795 0.334352 0.0231677 0.0484044
9.9991E-05 0.0485396 0.0600756 0.389937 0.381989 0.0594902 0.0598694
9.9964E-05 0.0461572 9.9964E-05 0.469782 0.483661 9.9964E-05 9.9964E-05
9.9973E-05 9.9973E-05 0.148244 0.538087 0.287487 9.9973E-05 0.0258818
0.0842335 0.115776 0.084577 0.52246 0.146233 0.00203012 0.0446902
0.107286 0.0467345 9.9991E-05 0.14382 0.628 0.0200887 0.0539697
9.9982E-05 0.0068502 0.0160092 0.575493 0.353195 0.0482527 9.9982E-05
0.0488561 9.9982E-05 0.00826125 0.3339 0.408611 0.200172 9.9982E-05
0.0447412 0.0678916 0.259226 0.389816 0.0386413 0.0050414 0.194642
9.9982E-05 0.0940328 9.9982E-05 0.344695 0.317797 0.159663 0.0836127
9.9973E-05 0.101147 0.0182699 0.309999 0.570284 9.9973E-05 9.9973E-05
9.9973E-05 0.0106803 9.9973E-05 0.567257 0.33767 0.0840928 9.9973E-05
9.9991E-05 0.0926279 0.0173534 0.355911 0.425244 0.0831689 0.0255948
0.0107541 9.9991E-05 0.0367922 0.530039 0.295066 0.120501 0.0067472
0.0281577 9.9982E-05 0.0958494 0.553309 0.251426 0.0710584 9.9982E-05
9.9964E-05 9.9964E-05 9.9964E-05 0.055778 0.862951 0.0808712 9.9964E-05
0.0584475 9.9991E-05 0.00823716 0.222067 0.585532 0.105224 0.020392
9.9973E-05 9.9973E-05 0.0643887 0.246822 0.634161 0.0543283 9.9973E-05
0.12406 9.9964E-05 9.9964E-05 9.9964E-05 0.754873 0.120667 9.9964E-05
9.9991E-05 0.0982371 0.0306307 0.424822 0.353574 0.0527456 0.0398905
0.240905 9.9973E-05 9.9973E-05 0.0527606 0.658984 0.0470503 9.9973E-05
0.106468 9.9964E-05 9.9964E-05 9.9964E-05 0.732592 0.160541 9.9964E-05
9.9982E-05 9.9982E-05 0.0139467 0.499689 0.383003 0.00785471 0.0953068
0.0281836 0.101362 0.0694818 0.210337 0.590435 9.9982E-05 9.9982E-05
0.0690143 0.0821413 0.00239322 0.432168 0.414083 9.9982E-05 9.9982E-05
0.0567133 0.0108083 0.0979749 0.565111 0.177218 0.0197412 0.072433
0.0242542 0.111958 9.9982E-05 0.49113 0.357059 9.9982E-05 0.0153985
0.0416657 0.298418 9.9991E-05 0.36873 0.00242716 0.201768 0.0868911
0.018584 9.9991E-05 0.0318016 0.487132 0.259276 0.157708 0.0453979
9.9991E-05 0.090161 0.0258526 0.380738 0.398034 0.024781 0.0803336
0.0240899 9.9964E-05 9.9964E-05 0.330526 0.644984 9.9964E-05 9.9964E-05
0.025397 9.9982E-05 0.0762809 0.46214 0.320331 9.9982E-05 0.11565
0.0659266 0.316863 0.616811 9.9964E-05 9.9964E-05 9.9964E-05 9.9964E-05
9.9973E-05 0.124142 0.722688 0.0678018 0.0850683 9.9973E-05 9.9973E-05
0.020414 0.148695 0.820317 9.9973E-05 9.9973E-05 0.0102734 9.9973E-05
0.0532954 0.136515 0.781962 9.9973E-05 9.9973E-05 0.0279274 9.9973E-05
0.0971374 0.183908 0.707693 0.0109616 9.9973E-05 9.9973E-05 9.9973E-05
9.9982E-05 0.114152 0.079008 0.0658365 0.729383 9.9982E-05 0.0114206
0.0403678 0.0652035 0.0760036 0.0950576 0.700871 0.0223966 9.9991E-05
0.0432337 9.9982E-05 9.9982E-05 0.0995649 0.74082 0.0921684 0.0240133
0.0444106 9.9991E-05 0.147242 0.598543 0.111688 0.0530939 0.0449221
9.9982E-05 0.164418 0.0797263 0.621124 0.064164 0.0703674 9.9982E-05
0.165739 9.9982E-05 9.9982E-05 0.138434 0.561283 0.00739731 0.126947
0.0537674 9.9991E-05 0.0332569 0.648902 0.20728 0.03115 0.0255441
0.0320793 9.9991E-05 0.0421447 0.387768 0.467755 0.0643077 0.00584506
0.0362512 0.0628839 9.9982E-05 0.593659 0.267532 9.9982E-05 0.0394736
0.0436354 0.0252194 0.0161093 0.720273 0.194563 9.9982E-05 9.9982E-05
0.0360706 0.128654 9.9982E-05 0.2472 0.568096 9.9982E-05 0.0197795
9.9973E-05 0.102596 9.9973E-05 0.315712 0.564133 9.9973E-05 0.0172591
0.0464989 0.124507 9.9973E-05 0.28949 0.539204 9.9973E-05 9.9973E-05
0.130979 0.0935213 0.0785389 0.620482 9.9982E-05 0.0762786 9.9982E-05
9.9973E-05 0.0538308 0.014417 0.410969 0.520483 9.9973E-05 9.9973E-05
0.0607419 0.0492317 9.9982E-05 0.444909 0.393717 9.9982E-05 0.0511997
0.0972178 9.9982E-05 0.10282 0.418324 9.9982E-05 0.0076971 0.373741
0.0977493 0.00160155 0.110447 0.298761 9.9991E-05 0.0137808 0.47756
9.9964E-05 9.9964E-05 0.111112 0.370005 9.9964E-05 9.9964E-05 0.518483
0.084525 9.9982E-05 0.136555 0.322777 9.9982E-05 0.0149382 0.441005
0.00623761 0.0469257 0.0763326 0.410204 0.0448118 0.0364472 0.379041
0.157389 9.9991E-05 0.036476 0.43235 0.317332 0.00232388 0.0540289
0.0492385 0.0255433 0.259698 0.060794 9.9982E-05 9.9982E-05 0.604526
9.9982E-05 9.9982E-05 0.17178 0.245322 0.0198439 0.0902824 0.472572
0.319186 9.9982E-05 0.0844821 0.369704 0.0696959 9.9982E-05 0.156732
0.313081 0.00244569 0.118339 0.565834 9.9973E-05 9.9973E-05 9.9973E-05
0.403603 0.0367337 0.13541 0.423953 9.9973E-05 9.9973E-05 9.9973E-05
0.278379 0.0313992 0.069804 0.620118 9.9973E-05 9.9973E-05 9.9973E-05
0.174501 0.0168375 0.0809547 0.57606 0.0538377 0.0977099 9.9991E-05
0.0423773 9.9973E-05 0.202025 0.323396 9.9973E-05 9.9973E-05 0.431902
0.0686302 0.0267807 0.0938617 0.497784 9.9991E-05 0.00327034 0.309573
0.00256277 9.9973E-05 0.11747 0.434995 9.9973E-05 9.9973E-05 0.444672
0.0849248 0.0299293 0.134348 0.337965 9.9991E-05 0.0461963 0.366537
0.00650844 0.024002 0.0950852 0.374605 9.9991E-05 0.00547957 0.49422
0.118101 9.9991E-05 0.149976 0.374431 0.0806192 0.00242333 0.274349
0.0285665 0.0161902 0.0641436 0.205196 0.047923 0.0670865 0.570894
0.0297061 9.9991E-05 0.102361 0.504273 0.0152515 0.0309987 0.31731
0.386136 9.9964E-05 0.0805354 0.532929 9.9964E-05 9.9964E-05 9.9964E-05
0.108956 0.0171476 0.160788 0.427896 0.00196994 9.9991E-05 0.283143
0.0860567 9.9973E-05 0.144063 0.131224 9.9973E-05 9.9973E-05 0.638357
9.9982E-05 0.130745 0.0572691 0.243896 0.157816 9.9982E-05 0.410074
0.453405 0.219202 0.112148 0.135262 0.0797827 9.9982E-05 9.9982E-05
0.3269 0.0311363 9.9982E-05 0.511278 0.0754974 9.9982E-05 0.0549885
0.0597319 0.038054 0.182897 0.410468 9.9982E-05 9.9982E-05 0.308649
0.225154 0.115978 0.0821151 0.568048 9.9982E-05 9.9982E-05 0.00850549
0.264318 0.0469679 0.149678 0.461258 0.0304652 0.0186186 0.0286946
0.0680877 9.9991E-05 0.20693 0.283682 0.138278 0.0903469 0.212575
0.00591663 0.0212416 0.230162 0.298106 9.9991E-05 0.145524 0.29895
0.046324 9.9982E-05 0.141796 0.513949 0.1815 9.9982E-05 0.116232
0.0533617 0.0588082 0.150879 0.247043 0.0707423 9.9991E-05 0.419066
0.00143476 9.9991E-05 0.0296427 0.332817 0.0252576 0.0846795 0.526068
0.0654437 0.0180506 0.158207 0.108689 9.9991E-05 0.00641943 0.643091
0.192972 9.9982E-05 0.078798 0.68465 9.9982E-05 0.00527853 0.0381009
0.308442 0.0856324 0.0957716 0.492225 0.0177287 9.9982E-05 9.9982E-05
0.746394 0.0653476 0.0161959 0.0715744 9.9991E-05 0.0133179 0.0870701
0.0874247 0.114751 0.130934 0.499054 0.151958 0.0130494 0.0028289
0.103687 0.27246 0.108971 0.411561 9.9991E-05 0.0663983 0.036822
0.142786 9.9982E-05 0.175787 0.506086 0.0276371 9.9982E-05 0.147504
0.207784 9.9991E-05 0.135067 0.439739 0.073509 0.0564347 0.0873663
0.539677 9.9964E-05 0.226346 9.9964E-05 9.9964E-05 9.9964E-05 0.233576
0.623313 9.9964E-05 0.249297 9.9964E-05 9.9964E-05 9.9964E-05 0.12699
0.362395 0.0121924 0.127644 0.332215 9.9991E-05 0.10439 0.0610635
0.460535 9.9973E-05 0.287271 9.9973E-05 9.9973E-05 0.0230726 0.228821
0.345096 9.9973E-05 0.399129 9.9973E-05 9.9973E-05 0.000445176 0.255029
0.205486 9.9991E-05 0.100594 0.38463 0.0409022 0.157623 0.110665
0.160061 9.9991E-05 0.187278 0.360253 0.0814815 0.037595 0.17323
0.396291 0.0136249 0.226924 0.0765263 9.9991E-05 0.0284874 0.258046
0.504039 0.00110656 0.257192 0.0680316 9.9982E-05 9.9982E-05 0.169431
0.164695 0.0538378 0.130122 0.415611 0.0952858 0.00849067 0.131958
0.386819 0.00579905 0.178782 0.0572327 0.0963548 0.0540197 0.220993
0.549756 9.9964E-05 0.374641 9.9964E-05 9.9964E-05 9.9964E-05 0.0752031
0.0624659 0.150975 0.116124 0.46156 9.9982E-05 9.9982E-05 0.208675
0.167012 0.0511358 0.167663 0.213027 9.9991E-05 0.0954415 0.30562
0.0388827 0.0645799 0.272806 0.296736 0.0569999 0.00588471 0.264111
9.9973E-05 9.9973E-05 0.160864 0.565677 9.9973E-05 0.0715333 0.201626
0.0371784 9.9991E-05 0.20425 0.394519 0.079234 0.101702 0.183017
0.00867655 9.9982E-05 0.1659 0.497493 0.129391 9.9982E-05 0.19834
9.9982E-05 9.9982E-05 0.162878 0.455869 0.0667784 0.0821735 0.232102
0.0560892 0.0445592 0.348766 0.388698 9.9982E-05 9.9982E-05 0.161688
0.0226316 9.9982E-05 0.247958 0.57559 9.9982E-05 0.0564484 0.0971721
9.9982E-05 0.0105048 0.273704 0.404818 0.0277722 9.9982E-05 0.283
0.126015 0.0277945 0.253336 0.327437 0.0183961 0.069075 0.177947
0.0298222 0.0937407 0.204254 0.323567 0.280336 9.9991E-05 0.0681802
0.112669 0.0420556 0.179588 0.494107 0.0471931 9.9991E-05 0.124287
0.0842748 9.9991E-05 0.191797 0.555597 0.0852114 0.0102279 0.0727916
0.0301452 0.0255457 0.119632 0.520969 0.128492 0.0637748 0.111442
0.151769 9.9973E-05 0.233384 0.365 9.9973E-05 9.9973E-05 0.249547
0.0916939 9.9982E-05 0.156946 0.519225 0.0642475 9.9982E-05 0.167688
0.15559 9.9991E-05 0.364528 0.15756 0.0357991 0.0907814 0.195643
9.9982E-05 0.0709674 0.201742 0.43046 9.9982E-05 0.124736 0.171895
0.154187 9.9991E-05 0.286973 0.163922 0.0228361 0.0564829 0.315498
0.00370433 0.123612 0.768459 9.9974E-05 0.103925 9.9974E-05 9.9974E-05
0.0333686 0.79312 0.0819172 0.0797479 0.0102399 0.00150624 9.9991E-05
9.9964E-05 0.961305 0.0200506 9.9964E-05 9.9964E-05 0.0182443 9.9964E-05
9.9955E-05 0.96073 0.0387702 9.9955E-05 9.9955E-05 9.9955E-05 9.9955E-05
9.9964E-05 0.942747 0.00392012 0.0529327 9.9964E-05 9.9964E-05 9.9964E-05
9.9973E-05 0.941316 0.00416132 0.0363152 9.9973E-05 9.9973E-05 0.017908
9.9955E-05 0.910955 9.9955E-05 0.0885449 9.9955E-05 9.9955E-05 9.9955E-05
9.9955E-05 0.923977 0.075523 9.9955E-05 9.9955E-05 9.9955E-05 9.9955E-05
9.9964E-05 0.810362 0.178185 9.9964E-05 9.9964E-05 9.9964E-05 0.0110524
0.0160633 0.0269863 0.86972 0.0353065 0.0152666 9.9991E-05 0.0365569
0.00709702 0.097556 0.830924 0.0641233 9.9973E-05 9.9973E-05 9.9973E-05
0.00720997 9.9982E-05 0.889584 0.0515563 0.00345299 9.9982E-05 0.0479968
0.0628378 0.0807515 0.805336 0.040059 9.9982E-05 0.0108161 9.9982E-05
9.9973E-05 0.0542034 0.847873 0.0137821 9.9973E-05 9.9973E-05 0.0838414
9.9964E-05 0.0517466 0.889997 9.9964E-05 9.9964E-05 0.0578566 9.9964E-05
9.9991E-05 0.0740523 0.682997 0.0462449 0.0198574 0.0367018 0.140046
9.9982E-05 0.028057 0.829405 0.0113992 9.9982E-05 0.0503527 0.0805867
9.9982E-05 0.110575 0.692735 9.9982E-05 0.0433739 0.0658737 0.0872431
9.9964E-05 9.9964E-05 0.908986 9.9964E-05 9.9964E-05 0.0516076 0.0390069
9.9964E-05 0.0109577 0.943071 9.9964E-05 0.0455717 9.9964E-05 9.9964E-05
0.00801349 0.0479926 0.820694 9.9982E-05 0.0733904 9.9982E-05 0.0497096
0.0215736 0.0355972 0.921573 0.0209558 9.9973E-05 9.9973E-05 9.9973E-05
0.0398113 9.9964E-05 0.87483 0.084959 9.9964E-05 9.9964E-05 9.9964E-05
9.9982E-05 0.00556009 0.859167 0.0659142 0.0223405 9.9982E-05 0.046818
9.9955E-05 9.9955E-05 0.850755 0.148746 9.9955E-05 9.9955E-05 9.9955E-05
9.9964E-05 9.9964E-05 0.757392 0.115514 9.9964E-05 9.9964E-05 0.126695
9.9973E-05 0.00311582 0.764671 0.135238 9.9973E-05 9.9973E-05 0.0966751
9.9964E-05 9.9964E-05 0.789012 0.149675 9.9964E-05 9.9964E-05 0.0609131
0.404714 0.0623468 0.0820981 0.415861 0.0347794 9.9982E-05 9.9982E-05
0.221341 0.0184921 0.0531606 0.679202 0.027604 9.9982E-05 9.9982E-05
0.128975 0.0359978 0.0558765 0.516908 0.111052 0.0522298 0.0989607
0.702269 0.0138782 0.0131476 0.141585 0.0533758 0.0756438 9.9991E-05
0.234234 0.0974792 0.0799936 0.557699 0.0303937 9.9982E-05 9.9982E-05
0.79013 9.9973E-05 0.111716 0.0931142 9.9973E-05 9.9973E-05 0.00473979
0.287272 0.0657822 0.0124596 0.629123 9.9982E-05 0.00516362 9.9982E-05
0.365073 0.152992 0.0149831 0.389826 0.0769262 9.9982E-05 9.9982E-05
0.331927 0.0938584 0.0404353 0.515232 0.0183477 9.9982E-05 9.9982E-05
0.0312221 0.0650066 9.9991E-05 0.478135 0.382089 0.0308043 0.0126437
0.428018 0.0580983 0.058411 0.455173 9.9973E-05 9.9973E-05 9.9973E-05
0.301858 9.9973E-05 0.0364761 0.639904 0.0214623 9.9973E-05 9.9973E-05
0.218742 0.101788 0.0880393 0.591131 9.9973E-05 9.9973E-05 9.9973E-05
0.138947 0.422542 9.9991E-05 0.0574445 0.165175 0.177682 0.0381093
0.842963 0.0400292 9.9973E-05 9.9973E-05 0.0286995 0.0880085 9.9973E-05
0.809643 0.0329924 9.9982E-05 0.118841 9.9982E-05 0.0286186 0.00970547
0.253836 0.0231788 0.0704652 0.584075 9.9982E-05 9.9982E-05 0.0682444
0.375645 9.9964E-05 0.111629 0.512326 9.9964E-05 9.9964E-05 9.9964E-05
