0.035229 9.9973E-05 9.9973E-05 0.0866647 0.877806 9.9973E-05
9.9973E-05 0.00811363 9.9973E-05 9.9973E-05 0.926872 0.064714
0.0307663 9.9982E-05 0.10013 0.0290938 0.839809 9.9982E-05
0.0666425 9.9991E-05 0.0203767 0.0973807 0.809071 0.00642928
0.0595091 0.0501207 0.0218895 9.9982E-05 0.868281 9.9982E-05
0.0642691 0.144064 0.0435609 0.102915 0.585507 0.0596834
9.9982E-05 0.0802875 0.0216193 0.0585836 0.83931 9.9982E-05
0.0454092 0.0583345 9.9982E-05 0.157624 0.738433 9.9982E-05
9.9982E-05 0.0526896 9.9982E-05 0.0747137 0.835499 0.0368976
0.0431403 0.0763089 0.101593 0.0148127 0.748164 0.0159815
9.9982E-05 0.068868 0.048575 0.157638 0.724719 9.9982E-05
0.118164 9.9982E-05 0.166438 0.474802 9.9982E-05 0.240396
0.105278 0.0120814 0.553827 0.310988 9.9991E-05 0.0177259
0.0905309 0.0890866 0.180634 0.48157 0.0163368 0.141841
0.188552 0.0613785 0.269516 0.362212 0.0311954 0.087146
0.128774 0.0370187 0.326495 0.256536 0.130775 0.120401
0.13711 0.0729507 0.525186 0.127243 0.0506449 0.0868653
0.0482475 0.0927736 0.422916 0.196999 0.027105 0.211959
0.0519567 9.9991E-05 0.33259 0.311982 0.107271 0.196101
0.0669993 0.153679 9.9991E-05 0.641593 0.0316758 0.105953
0.109189 0.0875232 0.307575 0.206595 0.0239488 0.26517
0.0539321 0.198862 0.481638 0.141319 0.0539218 0.0703273
0.0586593 9.9982E-05 0.485006 0.279857 9.9982E-05 0.176278
0.108089 0.0336683 0.230597 0.353832 0.0358371 0.237976
0.0799892 0.000235099 0.625453 0.0413347 0.0771365 0.175852
0.102724 0.0606139 0.533899 0.250007 0.0375338 0.0152225
0.119002 9.9991E-05 0.0949123 0.490643 0.0451746 0.250168
0.200585 9.9991E-05 0.179201 0.500653 0.0202037 0.0992575
0.0146128 0.1424 0.257809 0.515678 9.9991E-05 0.0694003
0.0529501 9.9973E-05 0.100133 9.9973E-05 0.846617 9.9973E-05
0.0168202 9.9973E-05 0.110928 9.9973E-05 0.871951 9.9973E-05
0.00827691 9.9982E-05 0.170293 9.9982E-05 0.787599 0.0336312
0.111106 9.9982E-05 0.0538278 9.9982E-05 0.731986 0.102881
0.0044368 0.098426 0.529244 0.0767775 0.0310116 0.260104
0.0350265 0.0475856 0.409107 0.0368215 0.117087 0.354372
0.0474046 0.0939311 0.486084 9.9982E-05 9.9982E-05 0.37238
0.0291318 0.0571373 0.114248 0.518257 0.0669172 0.214309
0.0675395 0.0689383 0.208552 9.9991E-05 0.023435 0.631435
0.0407871 9.9991E-05 0.404483 0.161024 0.0865748 0.307032
0.0284261 9.9982E-05 0.610093 9.9982E-05 0.0291997 0.332081
9.9991E-05 0.0718895 0.595311 0.00214378 0.15011 0.180445
0.0468392 9.9991E-05 0.525571 0.120214 0.0972213 0.210054
0.0148162 0.0299455 0.0467747 0.150329 0.0221681 0.735967
0.0126402 0.1616 0.618683 0.084063 0.0771265 0.0458882
0.12363 0.0933761 0.479526 9.9982E-05 9.9982E-05 0.303268
0.05579 0.115216 0.583437 0.0368179 0.159996 0.0487435
0.000447564 0.0175224 0.253438 9.9982E-05 9.9982E-05 0.728392
0.0156878 0.00283909 0.631676 0.0168518 0.0867108 0.246235
0.0618064 0.0872687 0.553627 0.077051 0.0667936 0.153454
9.9973E-05 0.325926 9.9973E-05 9.9973E-05 0.0706372 0.603137
9.9982E-05 0.118884 0.163198 0.449943 9.9982E-05 0.267775
0.0373991 0.421768 0.0957596 0.212575 9.9991E-05 0.232398
0.0495974 0.0903894 0.592653 0.1818 0.0438151 0.041745
0.00395856 0.148967 0.661398 0.0479962 0.0898304 0.0478505
0.0743397 0.126489 0.603018 0.0308777 0.0418199 0.123456
9.9991E-05 0.0699054 0.15859 0.390947 0.125728 0.25473
9.9982E-05 0.0710473 0.577267 0.178632 9.9982E-05 0.172854
0.0844789 0.0575636 0.506269 0.23277 0.0206289 0.0982893
0.00967281 0.0250423 0.308672 0.235677 0.137978 0.282957
0.0542107 0.181893 0.110127 0.382134 0.154847 0.116789
9.9991E-05 0.0346025 0.592639 0.103316 0.0867343 0.182608
0.13201 0.0901174 0.365875 0.334362 0.0360921 0.0415442
9.9991E-05 0.137498 0.0170288 0.554924 0.0394239 0.251025
0.0573157 0.133923 0.426523 0.295302 9.9991E-05 0.0868359
0.0257484 0.195701 0.661361 0.0523287 0.00967967 0.0551814
0.123532 9.9991E-05 0.468414 0.184443 0.0877732 0.135738
0.0908033 0.125306 0.223481 0.259242 0.0504831 0.250684
0.0925726 0.174998 0.501605 0.139105 9.9991E-05 0.0916189
0.0136747 0.106764 0.579869 0.152799 0.0517407 0.0951534
0.0267235 0.169059 0.134523 0.427125 0.0260067 0.216563
9.9973E-05 9.9973E-05 0.552796 0.0607298 9.9973E-05 0.386174
9.9973E-05 9.9973E-05 0.178698 0.115927 9.9973E-05 0.705076
0.0239608 0.0403966 0.556177 0.0871053 0.108728 0.183632
9.9973E-05 0.188941 9.9973E-05 9.9973E-05 0.00942649 0.801333
9.9973E-05 0.158987 9.9973E-05 0.0114894 9.9973E-05 0.829223
9.9973E-05 9.9973E-05 0.270927 0.00298019 9.9973E-05 0.725793
9.9982E-05 9.9982E-05 0.429251 0.133853 0.00242375 0.434273
0.0771381 0.0905525 0.456166 9.9991E-05 0.18526 0.190784
0.0946592 9.9991E-05 0.304569 0.0556026 0.00850463 0.536564
0.0454919 9.9991E-05 0.0976643 0.151147 0.0161372 0.68946
9.9982E-05 9.9982E-05 0.0989603 0.251771 0.0327863 0.616283
0.0581693 0.044633 0.538773 0.0521083 0.0571698 0.249147
0.0205348 0.0407793 0.265206 0.0694687 0.0239774 0.580033
9.9982E-05 9.9982E-05 0.387757 0.13753 0.0342984 0.440214
9.9973E-05 9.9973E-05 0.327356 9.9973E-05 0.00789369 0.664451
9.9973E-05 0.32869 9.9973E-05 0.035549 9.9973E-05 0.635461
0.0442707 0.054021 0.609127 0.0506977 0.0509708 0.190913
0.0988014 9.9991E-05 0.0369339 0.033085 0.781896 0.0491839
9.9964E-05 9.9964E-05 0.0893561 9.9964E-05 0.910244 9.9964E-05
9.9964E-05 9.9964E-05 0.10567 9.9964E-05 0.89393 9.9964E-05
9.9973E-05 0.00624116 0.0698797 9.9973E-05 0.923579 9.9973E-05
0.00456339 0.00227808 0.0875082 9.9991E-05 0.877824 0.0277267
0.0210473 0.00497725 0.051826 0.00728869 0.871272 0.0435887
0.0404455 0.0184466 0.0493204 9.9982E-05 0.891587 9.9982E-05
9.9982E-05 9.9982E-05 0.580154 0.0616266 0.0940816 0.263937
0.140978 9.9991E-05 0.532432 0.0851801 0.0949299 0.14638
9.9973E-05 9.9973E-05 9.9973E-05 0.163326 0.045688 0.790686
0.101052 0.0637974 0.491934 0.0504435 0.0649752 0.227797
9.9982E-05 9.9982E-05 0.372276 0.144412 0.0457763 0.437336
9.9982E-05 0.0324018 0.59899 9.9982E-05 0.0971337 0.271275
9.9982E-05 0.0654303 0.530237 9.9982E-05 0.0954226 0.30871
0.118607 9.9982E-05 0.3933 9.9982E-05 0.0175491 0.470344
9.9982E-05 0.000823487 9.9982E-05 0.233226 0.0626779 0.703073
9.9991E-05 0.0413036 0.579848 0.0892619 0.120966 0.168521
9.9991E-05 0.037043 0.693375 0.0757615 0.0767686 0.116952
0.0706195 9.9991E-05 0.64844 0.114434 0.0339878 0.132418
0.00605253 0.189697 0.329391 9.9991E-05 0.00359652 0.471163
0.0063555 0.0664647 0.469643 9.9991E-05 0.0169479 0.440489
0.033012 9.9982E-05 0.375972 0.153027 9.9982E-05 0.437788
0.132984 0.0260313 0.140812 9.9982E-05 9.9982E-05 0.699973
9.9982E-05 9.9982E-05 0.382121 0.131156 0.0808542 0.405668
0.0849132 9.9991E-05 0.551012 0.135785 0.0603838 0.167807
0.0111469 0.207109 0.250542 0.365316 0.0212838 0.144603
0.042124 0.112278 0.442469 0.325545 0.0774839 9.9991E-05
0.0176836 0.138582 0.59249 0.149364 0.101781 9.9991E-05
0.0950714 0.0236033 0.559782 0.164154 0.0645034 0.0928861
0.0214829 0.0169791 0.500173 0.387722 0.0253475 0.0482954
0.0470476 0.0807782 0.616112 0.255862 9.9982E-05 9.9982E-05
0.0374635 9.9982E-05 0.485558 0.419206 9.9982E-05 0.0575728
9.9991E-05 0.12938 0.494185 0.205256 0.0600588 0.11102
0.0119276 0.137258 0.570489 0.219721 0.0308393 0.0297655
9.9982E-05 9.9982E-05 0.547213 0.227739 0.0437859 0.181062
9.9991E-05 0.0256786 0.510942 0.365433 0.0479907 0.049856
0.0828476 0.0353715 0.660793 0.136016 0.0150512 0.069921
0.0320685 0.092434 0.529018 0.082186 0.142668 0.121625
0.0438956 0.0301622 0.57097 0.199667 9.9991E-05 0.155205
0.0500723 0.0668453 0.620491 0.12207 0.0932303 0.0472915
0.0959702 9.9991E-05 0.580608 0.211202 0.0643317 0.0477882
0.0353459 0.178277 0.398861 0.32028 0.0671361 9.9991E-05
0.0266489 0.0482714 0.646392 0.17398 0.010127 0.0945817
0.0123878 0.0873756 0.736241 0.163796 9.9982E-05 9.9982E-05
0.124101 0.0567676 0.171793 0.44048 0.0137869 0.193072
0.00192753 0.410236 0.236786 0.243431 0.0437599 0.0638596
0.02007 0.0463278 0.48002 0.200074 0.0290626 0.224446
0.00984125 0.354589 0.115993 0.275017 9.9991E-05 0.24446
9.9991E-05 0.0768625 0.251139 0.433272 0.0312436 0.207383
9.9982E-05 0.019745 0.407768 0.36411 9.9982E-05 0.208176
9.9991E-05 0.030498 0.352277 0.434724 0.0523774 0.130023
0.0410843 0.0745692 0.276282 0.466532 9.9991E-05 0.141432
9.9991E-05 0.0513875 0.679187 0.149625 0.0474948 0.0722056
0.266629 0.0737274 0.367268 0.131182 0.0390232 0.122171
0.00891822 0.141451 0.564792 0.220177 9.9991E-05 0.0645619
0.0479373 0.306071 0.214744 0.313489 9.9991E-05 0.11766
9.9982E-05 9.9982E-05 0.517604 0.105165 0.251184 0.125848
0.0581405 0.225668 0.436746 0.0910048 0.00695083 0.18149
9.9991E-05 0.497256 0.0471119 0.119313 0.151948 0.18427
0.0773988 0.133668 0.564645 9.9991E-05 0.0907654 0.133422
0.0231899 0.347846 0.348368 0.0493726 0.0727168 0.158507
0.0544567 0.135696 0.47538 0.0884682 0.138197 0.107802
9.9991E-05 0.396606 0.299018 0.0793415 0.0964492 0.128485
9.9991E-05 0.412144 0.253729 0.191842 0.0408848 0.1013
9.9991E-05 0.237026 0.467857 0.115737 0.0289927 0.150288
0.0784704 0.165775 0.495554 0.181976 0.078125 9.9991E-05
0.0494014 0.166245 0.383017 0.0479499 0.184837 0.168549
0.168711 0.446387 9.9991E-05 0.117929 0.0369309 0.229941
0.0663022 0.0601756 0.577187 0.0665881 0.0914289 0.138318
9.9982E-05 0.276375 0.406039 0.155438 9.9982E-05 0.161948
0.0464808 0.186908 0.468606 0.114872 9.9991E-05 0.183033
0.108615 0.0288952 0.491468 0.0449844 0.165056 0.160982
0.243449 0.239057 0.152845 0.00257894 0.361971 9.9991E-05
0.125615 0.35093 9.9973E-05 9.9973E-05 0.523154 9.9973E-05
0.143008 0.442502 9.9973E-05 9.9973E-05 0.41419 9.9973E-05
0.36265 0.19487 0.0840261 9.9982E-05 0.358254 9.9982E-05
9.9973E-05 0.212697 0.749858 9.9973E-05 9.9973E-05 0.0371452
0.00215194 0.0952994 0.59032 0.0205533 0.139706 0.151969
0.653257 9.9982E-05 0.288426 0.0266525 9.9982E-05 0.0314642
0.459837 9.9991E-05 0.216038 0.155598 0.0144188 0.154008
0.320202 0.0890442 0.332884 0.0236888 0.182867 0.0513137
9.9982E-05 0.518558 0.386758 0.0503038 9.9982E-05 0.0441807
0.187766 0.242685 0.372967 0.0704215 9.9991E-05 0.12606
9.9973E-05 0.652828 0.31382 9.9973E-05 9.9973E-05 0.0330515
9.9982E-05 0.220136 0.623553 9.9982E-05 0.0269102 0.1292
9.9982E-05 0.339195 0.491413 0.0771377 9.9982E-05 0.0920539
9.9982E-05 0.240631 0.671639 0.069366 0.0181634 9.9982E-05
9.9982E-05 0.602328 0.257278 0.0595986 9.9982E-05 0.0805953
0.0888342 0.155919 0.638466 9.9991E-05 0.000433989 0.116247
0.081526 0.239138 0.505463 0.09203 0.0666055 0.0152374
0.931966 9.9964E-05 9.9964E-05 9.9964E-05 9.9964E-05 0.0676337
0.863446 0.0126201 0.0877284 0.0323192 0.00378683 9.9991E-05
0.579932 9.9982E-05 0.286364 9.9982E-05 0.105982 0.027521
0.663447 9.9964E-05 0.336153 9.9964E-05 9.9964E-05 9.9964E-05
0.858572 9.9973E-05 0.0539413 9.9973E-05 9.9973E-05 0.0871872
0.9995 9.996E-05 9.996E-05 9.996E-05 9.996E-05 9.996E-05
0.972514 0.00805938 9.9973E-05 0.0191266 9.9973E-05 9.9973E-05
0.825077 9.9964E-05 0.174523 9.9964E-05 9.9964E-05 9.9964E-05
0.955163 9.9973E-05 9.9973E-05 0.0235668 9.9973E-05 0.0209704
0.9995 9.996E-05 9.996E-05 9.996E-05 9.996E-05 9.996E-05
0.9995 9.996E-05 9.996E-05 9.996E-05 9.996E-05 9.996E-05
0.793437 9.9982E-05 0.165277 0.0282779 0.0128088 9.9982E-05
0.818335 9.9991E-05 0.0680289 0.0290021 0.0608735 0.0236606
0.979205 9.9964E-05 9.9964E-05 9.9964E-05 9.9964E-05 0.0203948
0.392344 9.9991E-05 0.287205 0.249611 0.0467065 0.0240342
0.643353 9.9991E-05 0.240742 0.0381724 0.0561578 0.0214751
0.709474 0.00859125 0.173652 0.0256605 0.0825222 9.9991E-05
0.920939 0.00502292 0.0561747 0.0176637 9.9982E-05 9.9982E-05
0.980198 9.9973E-05 0.0136715 9.9973E-05 0.00583066 9.9973E-05
0.879639 9.9982E-05 0.0460983 9.9982E-05 0.0345615 0.0395012
0.9995 9.996E-05 9.996E-05 9.996E-05 9.996E-05 9.996E-05
0.573774 0.0759384 0.256796 0.0231386 0.0702528 9.9991E-05
0.89718 0.0312578 0.00240406 9.9991E-05 0.0134816 0.0555769
0.0845036 0.602355 9.9973E-05 9.9973E-05 0.312841 9.9973E-05
0.14658 0.22875 0.380169 0.160893 0.0835082 9.9991E-05
0.0302159 0.129264 0.463791 0.060248 0.212127 0.104354
0.108924 0.479234 0.213773 0.0286033 0.169366 9.9991E-05
0.122673 0.209048 0.38354 0.0125981 0.102678 0.169464
0.078201 0.433012 0.213008 9.9991E-05 0.239188 0.0364913
0.136239 0.110817 0.435001 0.0784155 0.140842 0.0986865
0.135351 0.342694 0.323924 9.9991E-05 0.118196 0.0797352
0.0860029 0.214735 0.551746 0.0157625 0.131653 9.9991E-05
0.17182 0.283623 0.367282 9.9982E-05 0.177075 9.9982E-05
0.084715 0.124845 0.497373 0.0353653 0.192353 0.0653481
9.9991E-05 0.0670518 0.00530813 0.0412883 0.868295 0.0179572
0.0525536 0.0129601 9.9982E-05 0.00895005 0.925336 9.9982E-05
9.9973E-05 9.9973E-05 9.9973E-05 0.0184805 0.976177 0.00504252
9.9973E-05 9.9973E-05 0.0325907 0.0165239 0.950585 9.9973E-05
0.0075981 9.9982E-05 0.012471 0.060221 0.91951 9.9982E-05
0.0774796 0.024897 9.9982E-05 9.9982E-05 0.892449 0.00497432
0.0796509 9.9973E-05 0.0269932 9.9973E-05 0.893056 9.9973E-05
0.00458855 0.0978227 9.9973E-05 9.9973E-05 0.897289 9.9973E-05
0.0402987 9.9973E-05 9.9973E-05 9.9973E-05 0.919082 0.0403198
0.0771036 0.0644685 9.9982E-05 0.0147995 0.843428 9.9982E-05
9.9982E-05 0.0568803 9.9982E-05 0.232734 0.621396 0.08879
9.9982E-05 0.00760147 9.9982E-05 0.316633 0.574769 0.100796
9.9973E-05 0.185465 9.9973E-05 0.309907 0.504328 9.9973E-05
9.9982E-05 0.121476 9.9982E-05 0.322732 0.480556 0.0750357
9.9982E-05 9.9982E-05 0.481 0.113897 0.0441728 0.36073
0.0453106 0.0263 0.458523 0.142606 9.9991E-05 0.32716
9.9982E-05 9.9982E-05 0.570281 0.187134 0.025329 0.217056
9.9991E-05 0.0603882 0.420029 0.244499 0.0286012 0.246383
0.00792002 9.9982E-05 0.130974 0.621946 9.9982E-05 0.23896
0.0460019 0.0753686 0.605782 9.9991E-05 0.0209694 0.251778
0.0477962 9.9982E-05 0.570053 0.0123711 9.9982E-05 0.36958
9.9982E-05 0.110864 0.512837 0.0480867 9.9982E-05 0.328013
0.0939849 0.0550459 0.247223 9.9982E-05 9.9982E-05 0.603546
0.0541411 9.9991E-05 0.589342 0.105349 0.0123494 0.238719
9.9991E-05 0.0156476 0.392129 0.145577 0.00681488 0.439732
9.9973E-05 0.199454 9.9973E-05 0.0895607 9.9973E-05 0.710686
0.0710798 0.118045 0.452883 0.161162 0.0174676 0.179363
9.9991E-05 0.241836 0.271212 0.031006 0.0307566 0.425089
0.0482119 0.102458 0.492285 0.0477239 0.0253626 0.283958
9.9982E-05 9.9982E-05 0.0431868 0.167779 0.0623206 0.726514
9.9982E-05 0.128373 0.0250431 0.755024 0.0913592 9.9982E-05
9.9982E-05 0.190281 0.0865421 0.648972 0.074005 9.9982E-05
9.9982E-05 0.123333 0.00185244 0.838052 0.0365622 9.9982E-05
9.9973E-05 0.108464 9.9973E-05 0.797291 0.0939453 9.9973E-05
0.031477 0.101985 0.0552241 0.801601 0.00961282 9.9991E-05
0.0361296 0.0322101 0.0808498 0.758323 0.0923878 9.9991E-05
0.0395285 9.9982E-05 0.0404901 9.9982E-05 0.86505 0.0547311
0.0746717 9.9982E-05 0.0362463 0.0947181 0.794164 9.9982E-05
0.0953735 9.9973E-05 0.137812 9.9973E-05 0.766515 9.9973E-05
0.134437 9.9982E-05 0.00430933 0.106656 0.754397 9.9982E-05
0.0241688 9.9982E-05 0.152984 0.0255205 0.797127 9.9982E-05
9.9973E-05 0.06606 9.9973E-05 0.539514 0.394126 9.9973E-05
9.9973E-05 0.119727 9.9973E-05 0.42581 0.454163 9.9973E-05
9.9982E-05 0.0146077 9.9982E-05 0.468711 0.44458 0.0719015
9.9964E-05 9.9964E-05 0.168493 9.9964E-05 0.831108 9.9964E-05
9.9982E-05 0.0699999 9.9982E-05 0.446165 0.359221 0.124414
0.331213 0.157354 0.267826 9.9982E-05 0.243407 9.9982E-05
0.208102 9.9982E-05 0.5714 0.071117 0.149181 9.9982E-05
0.302359 9.9973E-05 0.497426 9.9973E-05 0.199915 9.9973E-05
0.200736 0.133868 0.329689 9.9991E-05 0.275161 0.0604456
0.212344 0.0161422 0.480464 0.121256 0.169694 9.9991E-05
0.320169 0.271621 9.9973E-05 9.9973E-05 0.40791 9.9973E-05
9.9982E-05 0.12505 0.417835 0.322334 9.9982E-05 0.134582
9.9982E-05 0.346423 0.379544 0.161258 9.9982E-05 0.112575
9.9982E-05 0.0652335 0.276589 0.583017 0.0749609 9.9982E-05
9.9991E-05 0.153116 0.482431 0.189308 0.000696536 0.174348
9.9973E-05 0.632407 9.9973E-05 0.187219 9.9973E-05 0.180074
0.0523456 0.160764 0.554936 0.0873915 0.0689734 0.0755896
0.0212417 0.194862 0.501939 0.161171 0.0326068 0.0881802
9.9973E-05 9.9973E-05 0.385674 0.478135 9.9973E-05 0.135892
0.067108 0.131444 0.491152 0.159834 0.0550924 0.09537
9.9982E-05 0.430049 0.188338 0.267001 9.9982E-05 0.114412
0.0078853 0.169022 0.495336 0.14169 0.0252393 0.160827
0.070788 0.0337643 0.539417 0.255465 9.9991E-05 0.100465
0.198403 9.9991E-05 0.372943 0.125152 0.156939 0.146462
0.0329023 0.190952 0.396794 0.282181 9.9991E-05 0.0970702
0.017355 0.152145 0.466115 0.250962 0.00943184 0.103991
0.0730461 0.196499 0.496678 0.169387 9.9991E-05 0.0642899
9.9991E-05 0.112496 0.60231 0.174931 0.0329614 0.0772013
0.0230931 0.091579 0.658936 0.0858204 0.101982 0.0385889
0.0154869 0.00585751 0.517166 0.0652057 0.179313 0.216972
0.00445263 0.164627 0.589506 0.127979 0.0859575 0.0274774
0.0757664 9.9973E-05 0.11985 9.9973E-05 0.804083 9.9973E-05
0.0338595 9.9982E-05 0.054624 9.9982E-05 0.868562 0.0427545
0.0172161 9.9991E-05 0.0516554 0.0902198 0.757909 0.0828997
0.00807043 9.9991E-05 0.0795603 0.0163329 0.827791 0.0681454
9.9964E-05 9.9964E-05 0.113255 9.9964E-05 0.886345 9.9964E-05
0.0679765 0.0923589 0.135895 0.641863 9.9991E-05 0.0618068
0.0546845 0.126608 0.443378 0.100564 0.079864 0.194902
0.182272 0.171203 0.436803 0.0276714 0.18195 9.9991E-05
0.0232639 0.0890387 0.695907 0.169029 9.9991E-05 0.0226613
9.9982E-05 9.9982E-05 0.57907 0.274111 0.028517 0.118102
0.036541 0.284839 0.380816 0.297603 9.9982E-05 9.9982E-05
9.9991E-05 0.0864482 0.0317169 0.612532 0.135402 0.133801
0.0518462 0.0481418 0.50732 0.269701 0.00451691 0.118475
0.101387 0.0982608 0.122309 0.581428 0.0439999 0.0526144
9.9991E-05 0.140152 0.416572 0.105024 0.0898642 0.248288
0.0803781 0.0926729 0.0748914 0.542089 0.100617 0.109351
0.123638 9.9991E-05 0.443977 0.142621 0.140954 0.14871
0.00265189 0.00703371 0.239158 0.511239 0.0828514 0.157065
0.0306456 0.235 0.379119 0.310647 0.0339472 0.0106408
0.0170458 0.312055 0.497749 0.122076 0.0161701 0.0349042
9.9982E-05 0.466525 0.359017 0.148608 9.9982E-05 0.02565
9.9991E-05 0.250011 0.543467 0.0832737 0.0415225 0.0816258
9.9982E-05 0.208998 0.641543 0.0471876 0.102071 9.9982E-05
9.9982E-05 0.463742 0.429517 0.0996914 9.9982E-05 0.00685024
0.0662658 0.177257 0.440662 0.0535524 0.122243 0.14002
9.9991E-05 0.294312 0.564247 0.0305283 0.100706 0.0101072
9.9982E-05 0.649902 0.123558 0.123665 9.9982E-05 0.102675
9.9973E-05 0.618232 0.326919 9.9973E-05 9.9973E-05 0.054549
9.9973E-05 0.383601 0.463309 0.152789 9.9973E-05 9.9973E-05
9.9982E-05 0.47699 0.230767 0.129974 9.9982E-05 0.162068
9.9982E-05 0.266206 0.445287 0.0900538 9.9982E-05 0.198254
0.0439212 0.0968205 0.0669337 0.634303 9.9991E-05 0.157921
0.011986 0.219165 0.244559 0.316575 9.9991E-05 0.207615
0.127117 9.9982E-05 0.284622 0.437092 9.9982E-05 0.150969
0.101264 9.9982E-05 0.658122 0.203712 9.9982E-05 0.0367026
9.9982E-05 0.110289 0.244878 0.436218 9.9982E-05 0.208415
0.068182 0.170207 0.536026 0.17657 0.0292369 0.0197783
0.138668 9.9991E-05 0.49136 0.226394 0.0429463 0.100531
0.0901428 0.030979 0.471014 0.233431 0.0558733 0.11856
0.148671 9.9991E-05 0.367416 0.222539 0.0433267 0.217947
0.0717595 9.9991E-05 0.402921 0.35253 0.0223397 0.15035
0.123984 9.9982E-05 0.12471 0.534031 9.9982E-05 0.217075
0.0843343 0.00899999 0.295761 0.502279 9.9991E-05 0.108526
0.037304 0.028574 0.668024 0.237673 9.9991E-05 0.0283252
0.15528 0.00929847 0.385642 0.192921 0.0600939 0.196765
9.9982E-05 0.215236 0.480225 0.239368 0.0649707 9.9982E-05
0.0442289 0.0256012 0.541353 0.210729 9.9991E-05 0.177988
0.0696958 0.0542967 0.39101 0.34698 0.0159419 0.122076
9.9982E-05 0.0100916 0.716962 0.224191 9.9982E-05 0.0485553
0.0732269 0.0318094 0.533521 0.238575 9.9991E-05 0.122768
0.133112 0.16931 0.482209 0.119328 0.0695696 0.0264703
0.144685 0.00146847 0.379256 9.9991E-05 0.346768 0.127723
0.222178 0.14705 0.500216 0.024882 0.105573 9.9991E-05
0.121095 0.112275 0.487411 0.0578497 0.221269 9.9991E-05
0.0857486 0.141247 0.588065 0.0221461 0.0506113 0.112181
0.293173 0.0673954 0.386012 0.0441823 0.158937 0.0503009
0.0104818 0.307049 0.418801 0.166525 9.9991E-05 0.097043
0.0942021 0.0771919 0.585394 0.0359179 0.195599 0.0116959
0.112905 0.436712 0.0280809 9.9991E-05 0.276966 0.145236
0.255547 0.074823 0.42852 0.146901 0.0771747 0.0170352
0.149158 0.0173347 0.574859 0.0686438 0.085719 0.104285
0.243681 0.114722 0.431141 0.149262 0.0204359 0.040758
0.156678 0.187313 0.330586 0.0906296 0.189806 0.0449877
0.163228 0.0321213 0.529016 0.0522717 0.195536 0.0278278
0.185946 0.160599 0.499195 9.9982E-05 0.15406 9.9982E-05
0.17931 0.359494 9.9973E-05 9.9973E-05 0.460895 9.9973E-05
0.138617 0.0285069 0.537606 0.000675005 0.256187 0.038408
0.222576 0.0543297 0.552446 9.9991E-05 0.158022 0.0125263
0.0475223 0.00162952 0.680499 0.117029 0.15322 9.9991E-05
0.183535 0.115873 0.512919 0.0270842 0.15442 0.00616994
0.0881778 0.080629 0.565146 0.0792779 0.18667 9.9991E-05
0.0555103 0.285253 0.44856 0.000668095 0.0070947 0.202914
0.0790113 0.13307 0.486909 0.053591 0.0932962 0.154122
9.9982E-05 0.52702 0.0823151 0.0662908 9.9982E-05 0.324174
9.9982E-05 0.607979 0.0170765 0.0452067 9.9982E-05 0.329538
0.0602701 0.190679 0.536558 0.00950576 0.0553913 0.147596
0.259164 0.155599 0.463642 0.0406809 0.0808142 9.9991E-05
0.291367 0.224021 0.382596 9.9982E-05 0.101816 9.9982E-05
0.207256 0.321444 0.272025 9.9982E-05 0.199075 9.9982E-05
0.210961 0.132518 0.437459 9.9982E-05 0.218862 9.9982E-05
0.0719178 0.687861 0.187483 9.9982E-05 0.0525376 9.9982E-05
0.0505943 0.57817 0.296492 9.9982E-05 0.0745438 9.9982E-05
0.0845633 0.112422 0.641525 9.9982E-05 9.9982E-05 0.16129
0.151292 0.241095 0.442877 0.0717786 9.9991E-05 0.0928578
0.0877809 0.54682 0.246375 9.9991E-05 0.0425063 0.0764171
0.0518249 0.205563 0.606296 0.0212678 0.0305606 0.0844884
0.11057 0.249733 0.538952 9.9982E-05 9.9982E-05 0.100545
0.158359 0.191906 0.443549 0.0781854 0.00905225 0.118949
9.9982E-05 0.386569 0.315183 0.0767409 9.9982E-05 0.221307
0.0513993 0.271571 0.324982 0.096317 9.9991E-05 0.25563
9.9991E-05 0.239531 0.608042 0.0262081 0.0222336 0.103886
0.00501529 0.351717 0.441402 0.0427705 0.0529147 0.10618
0.0474447 0.198187 0.518491 0.110523 0.0458478 0.0795068
9.9973E-05 0.319542 0.502861 9.9973E-05 9.9973E-05 0.177297
9.9982E-05 0.479105 0.295054 0.0865526 9.9982E-05 0.139088
0.00455051 0.186619 0.559629 9.9991E-05 0.0538585 0.195243
0.00533943 0.124524 0.620485 0.0788227 0.170729 9.9991E-05
9.9982E-05 0.486548 0.228994 0.019537 9.9982E-05 0.264721
0.0390662 0.354925 0.375399 9.9982E-05 9.9982E-05 0.23041
9.9982E-05 0.117543 0.620081 9.9982E-05 0.109581 0.152596
9.9982E-05 0.229052 0.551438 0.127751 9.9982E-05 0.0915595
0.202656 0.125373 0.3759 0.0560371 0.181028 0.0590052
0.0379406 0.219637 0.453042 0.00461597 0.184314 0.10045
0.284722 0.181819 0.335317 0.0386317 0.132516 0.0269936
0.209389 0.262836 0.33432 0.0716657 0.121689 9.9991E-05
0.0357013 0.117044 0.518777 0.0407617 0.198023 0.0896932
0.138593 0.162078 0.412227 0.0205771 0.195479 0.0710461
0.184758 0.551886 0.0168614 0.0697393 0.122337 0.0544192
0.176854 0.082708 0.666362 0.0150709 0.0589049 9.9991E-05
0.128812 0.530745 9.9973E-05 9.9973E-05 0.340143 9.9973E-05
0.153541 0.207535 0.598815 0.0209083 0.019101 9.9991E-05
9.9973E-05 0.506924 0.118811 9.9973E-05 9.9973E-05 0.373965
9.9973E-05 0.550241 9.9973E-05 0.0452825 9.9973E-05 0.404177
9.9982E-05 0.281284 0.485385 0.019702 9.9982E-05 0.213429
9.9991E-05 0.18667 0.663085 0.022384 0.033581 0.0941794
9.9982E-05 0.336686 0.464036 0.0569411 9.9982E-05 0.142137
9.9982E-05 0.241891 0.494232 9.9982E-05 0.0224712 0.241206
9.9973E-05 0.207048 0.579082 9.9973E-05 9.9973E-05 0.21357
0.0681403 0.00453325 0.0792679 0.00375362 0.811421 0.032884
0.135505 9.9973E-05 9.9973E-05 0.136727 0.727468 9.9973E-05
0.0631798 9.9973E-05 9.9973E-05 0.0401445 0.896376 9.9973E-05
9.9973E-05 0.0100332 0.0413057 9.9973E-05 0.948361 9.9973E-05
9.9991E-05 0.0763938 0.483237 0.0327983 0.0993436 0.308128
0.115028 9.9991E-05 0.38312 0.0493304 0.0460668 0.406355
9.9973E-05 9.9973E-05 0.504563 0.0277092 9.9973E-05 0.467428
0.00923664 0.0204435 0.613962 9.9991E-05 0.0864524 0.269805
9.9991E-05 0.0714495 0.530349 0.0824928 0.139069 0.176539
0.0463371 0.0532952 0.118673 0.121826 0.0180335 0.641835
0.0588867 9.9973E-05 0.565618 9.9973E-05 9.9973E-05 0.375195
9.9973E-05 0.21263 0.246012 9.9973E-05 9.9973E-05 0.541058
0.134372 9.9982E-05 0.500076 0.109759 0.255593 9.9982E-05
0.0384029 0.157081 0.387687 0.0352521 9.9991E-05 0.381478
0.0159011 9.9982E-05 0.319554 0.18303 9.9982E-05 0.481315
9.9991E-05 0.0472335 0.5027 0.0023524 0.0239626 0.423652
0.0150428 0.0639986 0.359052 0.00910411 0.0555606 0.497242
9.9964E-05 9.9964E-05 0.575609 9.9964E-05 9.9964E-05 0.423991
0.00960555 0.0574039 0.548205 0.00858735 0.0543133 0.321885
9.9973E-05 0.0136257 0.0125921 9.9973E-05 9.9973E-05 0.973482
0.0199406 0.118114 0.208174 0.041691 0.0183019 0.593779
9.9973E-05 9.9973E-05 0.306543 0.00886906 9.9973E-05 0.684288
9.9964E-05 0.237367 9.9964E-05 9.9964E-05 9.9964E-05 0.762233
0.0312694 9.9991E-05 0.400063 0.129349 0.052743 0.386476
9.9973E-05 0.351398 0.0639485 9.9973E-05 9.9973E-05 0.584354
9.9964E-05 0.291733 9.9964E-05 9.9964E-05 9.9964E-05 0.707867
0.0524287 9.9982E-05 0.451309 9.9982E-05 0.0534594 0.442603
0.0114935 9.9991E-05 0.141369 0.137715 0.0306921 0.678631
0.0637297 9.9991E-05 0.372443 0.0986553 0.014349 0.450723
0.112744 0.0511036 0.510072 9.9991E-05 0.135913 0.190067
0.0243382 9.9982E-05 0.423117 0.139593 9.9982E-05 0.412752
0.0203003 0.22201 0.426256 0.278035 9.9991E-05 0.0532995
9.9973E-05 9.9973E-05 0.513582 0.0977442 9.9973E-05 0.388374
0.0813049 9.9991E-05 0.441995 0.0857767 0.0238682 0.366955
9.9973E-05 0.0613961 0.31833 9.9973E-05 9.9973E-05 0.619974
0.0259199 0.0477832 0.472136 0.0284325 0.102625 0.323103
9.9973E-05 0.112506 9.9973E-05 0.263814 0.62338 9.9973E-05
9.9991E-05 0.0408378 0.000813512 0.0804205 0.76716 0.110669
9.9973E-05 0.072253 9.9973E-05 0.116349 0.811098 9.9973E-05
9.9973E-05 0.021364 9.9973E-05 0.147697 0.830639 9.9973E-05
9.9982E-05 0.00835627 0.0338515 0.202465 0.755128 9.9982E-05
0.0450244 9.9991E-05 0.0658913 0.149795 0.038994 0.700195
9.9991E-05 0.0224876 0.0445501 0.159871 0.0880026 0.684988
9.9973E-05 0.0743183 0.115187 9.9973E-05 9.9973E-05 0.810194
0.0929154 0.0424997 0.510793 9.9991E-05 0.071168 0.282524
0.0935381 0.0290331 0.478214 0.0384658 0.144183 0.216566
0.0146423 0.113268 0.303313 0.0165042 0.0531584 0.499114
0.0552007 0.0431715 0.645377 9.9982E-05 9.9982E-05 0.256051
0.0479237 0.0721692 0.373272 9.9991E-05 0.0577138 0.448821
9.9991E-05 0.0799996 0.53965 0.0389789 0.0249579 0.316313
9.9982E-05 9.9982E-05 0.532194 0.0863779 0.0576458 0.323582
0.0244508 0.0198884 0.197488 0.190522 9.9991E-05 0.567551
9.9973E-05 9.9973E-05 0.326286 0.141957 9.9973E-05 0.531457
9.9973E-05 9.9973E-05 0.264725 0.195023 9.9973E-05 0.539952
9.9982E-05 0.251229 0.61224 9.9982E-05 0.0526144 0.0837166
0.00839384 9.9982E-05 0.369927 0.093341 9.9982E-05 0.528138
0.0383444 9.9991E-05 0.433928 0.0545483 0.0174055 0.455674
0.358357 0.0778117 0.45923 9.9991E-05 0.0702538 0.0342476
0.386972 0.101198 0.372509 9.9982E-05 0.139121 9.9982E-05
0.366426 0.0462166 0.42041 9.9991E-05 0.143024 0.0238238
0.406258 0.087893 0.37598 9.9991E-05 0.127307 0.00246208
0.247302 0.047482 0.527319 0.128403 0.0493944 9.9991E-05
9.9982E-05 0.151283 0.466088 9.9982E-05 0.0811072 0.301322
0.592837 0.0279362 0.110717 9.9982E-05 0.26831 9.9982E-05
0.427097 0.0831718 0.316887 9.9982E-05 0.172644 9.9982E-05
0.0856679 0.199827 0.47905 9.9991E-05 0.170889 0.064467
9.9982E-05 0.221737 0.594476 0.067245 0.116342 9.9982E-05
9.9991E-05 0.227789 0.428362 0.141587 0.0928926 0.10927
0.111137 0.0995973 0.589143 0.095359 0.0880186 0.016745
9.9991E-05 0.102592 0.652078 0.0620292 0.127891 0.0553103
0.449755 0.0488625 0.353984 9.9982E-05 0.147198 9.9982E-05
0.298919 0.0379648 0.425092 0.132005 0.105919 9.9991E-05
0.475687 0.0156626 0.424995 9.9982E-05 0.0834549 9.9982E-05
0.367035 0.0557798 0.390959 0.0929791 0.0931468 9.9991E-05
0.50121 0.0174764 0.25297 9.9991E-05 0.142219 0.0860242
0.259587 9.9991E-05 0.443247 0.0142983 0.193522 0.0892451
0.524413 0.115261 0.244283 0.0107308 0.0862014 0.0191112
0.449894 0.0705274 0.327972 0.0972037 0.0287147 0.025689
9.9991E-05 0.292971 0.555321 0.0110873 0.0726975 0.0678228
0.217336 0.0506183 0.411236 0.0442219 0.256608 0.01998
0.610018 0.0857294 0.181421 9.9982E-05 0.122631 9.9982E-05
0.353633 0.0413069 0.359002 0.144605 0.0713775 0.0300762
9.9991E-05 0.348924 0.197517 0.296453 0.14645 0.0105557
0.0778243 0.226765 0.593429 0.101782 9.9982E-05 9.9982E-05
0.264699 0.038488 0.456696 0.04015 0.186188 0.0137791
9.9982E-05 0.171304 0.632525 0.0910207 0.104951 9.9982E-05
9.9991E-05 0.173792 0.469198 0.0297997 0.190125 0.136985
0.153172 0.147426 0.424219 9.9991E-05 0.182239 0.0928439
0.294996 0.0603918 0.348607 0.0381828 0.257723 9.9991E-05
0.130146 0.206855 0.549287 0.0638562 0.0418303 0.00802553
0.316864 0.0440127 0.395296 0.0417646 0.157018 0.0450441
0.402003 0.00719891 0.451747 0.0211124 0.117838 9.9991E-05
0.468392 0.0353271 0.223505 9.9982E-05 0.272576 9.9982E-05
9.9982E-05 0.11485 0.643642 0.106502 0.134805 9.9982E-05
9.9991E-05 0.206382 0.480274 0.0906213 0.117579 0.105045
9.9973E-05 0.624967 0.232713 9.9973E-05 0.14202 9.9973E-05
9.9991E-05 0.0368025 0.645334 0.000852309 0.193212 0.1237
0.103694 0.275023 0.371084 0.156852 0.017631 0.0757156
0.178561 0.142347 0.409878 9.9991E-05 0.21588 0.0532334
0.173807 0.101096 0.407085 0.162187 0.0941904 0.0616339
0.187167 0.506202 9.9973E-05 9.9973E-05 0.306332 9.9973E-05
0.119664 0.584667 9.9973E-05 9.9973E-05 0.295368 9.9973E-05
0.0836448 0.411324 0.309807 0.121122 0.0740024 9.9991E-05
0.214968 0.383158 0.0227711 9.9991E-05 0.330351 0.0486511
0.226413 0.326786 9.9973E-05 9.9973E-05 0.446501 9.9973E-05
0.169621 0.226215 0.347629 0.0463838 0.119807 0.0903439
0.0963972 0.217236 0.48239 0.0152816 0.188594 9.9991E-05
0.136311 0.340477 0.231702 9.9991E-05 0.257295 0.0341148
0.129065 0.379941 0.115271 0.0318528 0.288983 0.0548866
0.108716 0.147866 0.512677 0.0200452 0.195485 0.0152109
0.154487 0.421016 0.177454 9.9991E-05 0.204393 0.0425497
0.0610761 0.50512 9.9973E-05 9.9973E-05 0.433504 9.9973E-05
0.240901 0.032557 0.561228 9.9991E-05 0.109133 0.0560808
0.143305 0.262173 0.36513 9.9982E-05 0.229193 9.9982E-05
0.145279 9.9982E-05 0.457668 0.0915256 0.305328 9.9982E-05
0.248181 0.0222973 0.529877 0.0409859 0.158559 9.9991E-05
0.131605 0.0480425 0.365256 0.0963542 0.196459 0.162284
0.16575 0.0568868 0.484718 9.9991E-05 0.171878 0.120667
0.235352 0.118841 0.434096 0.00743455 0.166846 0.03743
0.199182 9.9991E-05 0.419032 0.010112 0.363561 0.00801212
0.156625 0.0498023 0.603887 9.9982E-05 0.189486 9.9982E-05
0.174987 0.0243101 0.563596 9.9991E-05 0.223094 0.0139124
0.196419 0.158076 0.379767 9.9982E-05 0.265538 9.9982E-05
0.117753 0.00863963 0.215899 0.110871 0.159844 0.386993
0.104218 0.0851525 0.496485 0.159882 0.145596 0.00866666
0.18373 0.0278817 0.410646 0.0462122 0.120968 0.210562
0.107572 9.9991E-05 0.571421 0.0741557 0.118226 0.128525
0.294782 0.0712871 0.335628 0.0121681 0.286035 9.9991E-05
0.214738 9.9982E-05 0.437541 9.9982E-05 0.246848 0.100674
0.158768 0.195086 0.225885 9.9991E-05 0.411372 0.00878839
0.230466 0.0704023 0.47524 0.0540304 0.169761 9.9991E-05
0.283952 0.215792 0.257346 9.9982E-05 0.24271 9.9982E-05
9.9982E-05 0.0815305 9.9982E-05 0.114683 0.783279 0.0203078
9.9982E-05 0.0361542 0.162752 0.770869 0.0300246 9.9982E-05
9.9964E-05 9.9964E-05 9.9964E-05 0.948976 0.0506238 9.9964E-05
9.9964E-05 9.9964E-05 9.9964E-05 0.987321 0.0122795 9.9964E-05
9.9964E-05 9.9964E-05 0.0250783 0.974522 9.9964E-05 9.9964E-05
0.0568012 9.9964E-05 9.9964E-05 0.942799 9.9964E-05 9.9964E-05
9.9964E-05 9.9964E-05 0.0929466 0.906654 9.9964E-05 9.9964E-05
9.9964E-05 9.9964E-05 9.9964E-05 0.912489 0.0871108 9.9964E-05
9.9964E-05 9.9964E-05 9.9964E-05 0.785827 0.213773 9.9964E-05
9.9982E-05 9.9982E-05 0.000679614 0.0268416 0.918081 0.0541976
9.9982E-05 9.9982E-05 0.0431515 0.12726 0.821486 0.00790245
0.0542716 0.00218091 0.0589619 9.9991E-05 0.865071 0.0194151
9.9982E-05 0.0197755 0.0513553 0.116962 0.811708 9.9982E-05
0.0629366 9.9982E-05 9.9982E-05 0.0619432 0.863311 0.011609
9.9982E-05 0.0307867 9.9982E-05 0.0872966 0.879933 0.0017837
0.193479 0.0354118 0.0046695 0.0188107 0.747529 9.9991E-05
0.038026 0.0016056 0.049621 0.018428 0.892219 9.9991E-05
0.0775397 9.9991E-05 0.0514781 0.115434 0.706478 0.0489705
0.0221374 9.9973E-05 0.0569934 9.9973E-05 0.920569 9.9973E-05
9.9973E-05 9.9973E-05 9.9973E-05 0.00379043 0.953583 0.0423267
0.0561405 9.9991E-05 0.0347636 0.0454322 0.8512 0.0123641
0.0142026 0.00499742 0.0204854 0.015126 0.945089 9.9991E-05
0.00539406 0.0157514 0.0766752 9.9982E-05 0.901979 9.9982E-05
0.0403582 9.9982E-05 0.0757309 9.9982E-05 0.867907 0.0158043
9.9964E-05 9.9964E-05 0.137047 9.9964E-05 0.862553 9.9964E-05
0.11651 9.9973E-05 0.0735423 9.9973E-05 0.809648 9.9973E-05
0.0698728 9.9982E-05 0.117349 9.9982E-05 0.800386 0.0121924
0.0324004 9.9973E-05 0.138588 9.9973E-05 0.828712 9.9973E-05
9.9991E-05 0.303755 0.470309 0.100489 0.109824 0.0155232
9.9991E-05 0.0753507 0.699154 0.047164 0.103547 0.0746847
9.9991E-05 0.037383 0.577667 0.122087 0.0817976 0.180965
9.9982E-05 0.678605 0.195532 9.9982E-05 0.027531 0.0981325
9.9991E-05 0.168717 0.596301 0.101643 0.101926 0.031313
9.9973E-05 0.661362 0.210935 9.9973E-05 0.127403 9.9973E-05
0.0397131 0.108977 0.684735 0.0792004 0.0645218 0.0228521
9.9991E-05 0.17703 0.443332 0.162029 0.0954689 0.12204
9.9991E-05 0.146867 0.542786 0.118933 0.101948 0.0893657
9.9991E-05 0.0183107 0.496298 0.0362894 0.0612824 0.387719
9.9982E-05 0.247574 0.486696 0.197434 0.0680956 9.9982E-05
9.9991E-05 0.105839 0.705622 0.117785 0.0539216 0.0167325
9.9982E-05 0.1889 0.591444 0.123785 0.0956711 9.9982E-05
0.0380073 0.186132 0.0966819 0.478834 9.9991E-05 0.200245
9.9982E-05 0.806427 9.9982E-05 0.10485 0.024737 0.0637862
9.9982E-05 0.693516 0.202288 0.0585063 0.0454901 9.9982E-05
0.00234317 0.1325 0.653035 0.0522069 0.159815 9.9991E-05
0.0199539 0.309471 0.565547 0.0172126 0.0877162 9.9991E-05
9.9982E-05 0.173026 0.494992 9.9982E-05 0.192067 0.139715
0.0282734 0.200514 0.660872 0.0143894 0.0385135 0.0574378
0.135816 0.0931735 0.552737 9.9991E-05 0.176261 0.0419128
0.122745 0.0148504 0.597991 0.10067 0.163643 9.9991E-05
0.185125 0.109484 0.0867433 0.15832 0.36784 0.0924878
9.9982E-05 9.9982E-05 0.582289 0.127511 0.127486 0.162514
0.125976 0.127061 0.457354 0.0306655 0.233728 0.0252147
0.177309 0.445746 9.9973E-05 9.9973E-05 0.376645 9.9973E-05
0.164305 0.185276 0.277342 9.9991E-05 0.289886 0.0830914
0.153415 0.029218 0.310896 0.0771228 0.354571 0.0747769
0.0269762 9.9991E-05 0.403209 0.164115 0.369041 0.0365594
0.163314 0.0856605 0.446566 0.157888 0.0283993 0.118173
0.193779 0.0491724 0.518072 0.00798711 0.181916 0.0490731
0.052768 0.0678285 0.643156 0.0847374 0.15141 9.9991E-05
0.17082 0.152461 0.340995 0.0295931 0.157331 0.1488
0.121194 0.00472234 0.305727 0.00334094 0.446962 0.118054
