9.9973E-05 9.9973E-05 0.0504185 0.0909386 9.9973E-05 0.858343
9.9973E-05 0.0737922 9.9973E-05 9.9973E-05 0.0110881 0.91482
0.0555004 0.0079692 0.0791352 0.0777809 9.9991E-05 0.779514
0.0744064 9.9982E-05 0.0278725 0.0794022 9.9982E-05 0.818119
0.0820112 9.9982E-05 0.0250709 0.0338798 9.9982E-05 0.858838
0.0331869 0.00994877 0.099189 0.108851 0.207311 0.541514
0.0314166 9.9991E-05 0.00362016 0.0389747 0.116549 0.80934
9.9982E-05 9.9982E-05 0.0249447 0.136304 0.166478 0.672073
9.99729E-05 9.99729E-05 9.99729E-05 0.133276 0.0210713 0.845353
0.0565577 9.9982E-05 0.139213 9.9982E-05 0.176722 0.627307
0.00976562 9.9982E-05 9.9982E-05 0.149854 0.136842 0.703338
0.334045 0.202021 0.0700627 0.387426 0.00634516 9.9991E-05
0.53815 9.9991E-05 0.0857081 0.344609 0.0168274 0.0146061
0.233072 0.0868896 0.115147 0.354969 0.18606 0.0238628
0.374926 0.0417325 0.139735 0.333 0.0386586 0.0719483
0.44315 0.0865877 0.106975 0.160212 0.084674 0.118401
0.441687 0.200071 0.125295 0.160188 0.037521 0.0352371
0.429633 0.08478 0.0417995 0.270693 0.0304767 0.142617
0.128324 0.0907647 0.0441947 0.60682 0.101324 0.0285723
0.433286 0.167739 0.0822268 0.224556 0.0648817 0.0273111
0.382628 9.9991E-05 0.0837118 0.210427 0.230676 0.0924567
0.567689 0.0490244 0.0458862 0.20264 0.0690688 0.0656906
0.400321 0.126615 0.0537032 0.307653 0.0556208 0.0560862
0.59245 0.0526318 0.0612146 0.172715 0.00808187 0.112907
0.229307 0.161328 0.129579 0.453317 0.00586354 0.0206044
0.194767 0.1143 0.184572 0.464303 9.9991E-05 0.0419576
0.320457 0.121479 9.9991E-05 0.399271 0.13479 0.0239029
0.160673 9.9973E-05 0.0691677 9.9973E-05 9.9973E-05 0.769859
0.144881 9.9973E-05 0.040024 9.9973E-05 9.9973E-05 0.814795
0.192495 0.00927794 0.0173886 9.9982E-05 9.9982E-05 0.780638
0.112596 0.0864164 0.0687654 9.9982E-05 9.9982E-05 0.732022
0.455345 0.330799 0.0705137 0.110522 0.0155822 0.0172385
0.538047 0.384212 9.9973E-05 9.9973E-05 9.9973E-05 0.0774416
0.245475 0.0731955 9.9991E-05 0.583222 0.0192916 0.078716
0.168712 0.607231 0.097254 0.0482908 0.0734667 0.00504582
0.632066 0.22597 0.067056 9.9991E-05 0.052892 0.0219168
0.679764 0.0406622 9.9991E-05 0.0978964 0.105254 0.0763231
0.642161 0.0796833 0.0024874 0.0275084 0.0843403 0.163819
0.13533 0.646543 9.9982E-05 0.154443 9.9982E-05 0.0634843
0.590947 0.0977741 0.0141946 0.0306434 0.227521 0.0389206
0.383928 0.554505 9.9973E-05 9.9973E-05 0.0612673 9.9973E-05
9.9973E-05 0.637608 9.9973E-05 9.9973E-05 0.312041 0.050051
0.246815 0.212146 9.9982E-05 0.42442 0.116419 9.9982E-05
0.104143 0.178489 0.0315103 0.230032 0.455726 9.9991E-05
0.259645 0.171252 9.9991E-05 0.329435 0.163002 0.0765657
0.600719 0.0709711 0.00626706 0.257469 0.0333492 0.0312245
0.331744 0.149995 9.9991E-05 0.350486 0.0620651 0.10561
0.0591589 0.167036 0.0751832 0.338563 0.169203 0.190855
0.547204 0.0273276 0.0599023 0.253255 0.0492872 0.0630242
0.119669 0.157577 9.9991E-05 0.487469 0.181096 0.0540898
0.52987 0.102211 0.058715 0.25317 0.0467475 0.00928725
0.623337 0.0975356 0.0843689 0.0414663 0.136262 0.0170296
0.253953 0.263392 0.072837 0.257822 0.0754466 0.0765503
0.555558 0.127025 0.0405452 0.177182 0.0760802 0.0236093
0.335384 0.122974 9.9991E-05 0.307732 0.221702 0.0121081
0.48272 0.485684 0.00740264 9.9982E-05 9.9982E-05 0.0239938
0.203175 0.656027 0.00719902 0.100883 9.9991E-05 0.0326148
9.9964E-05 0.886943 9.9964E-05 9.9964E-05 0.112657 9.9964E-05
0.0167332 0.838658 9.9973E-05 9.9973E-05 0.144309 9.9973E-05
0.226262 0.733485 0.0262785 9.9982E-05 0.0137743 9.9982E-05
0.426241 0.415372 0.0527744 0.087658 9.9991E-05 0.0178549
0.386296 0.423759 0.107719 9.9991E-05 0.0778526 0.00427296
0.0418177 0.711221 0.121572 0.12388 9.9991E-05 0.00141028
0.261187 0.451349 9.9982E-05 0.278572 9.9982E-05 0.00869195
0.285772 0.602971 0.0136074 0.0560722 9.9991E-05 0.0414776
0.408589 0.421816 9.9991E-05 0.022534 0.027447 0.119513
0.39127 0.522941 9.9973E-05 9.9973E-05 0.0854893 9.9973E-05
9.9973E-05 0.686555 0.0256583 9.9973E-05 0.287486 9.9973E-05
0.140792 9.9973E-05 9.9973E-05 0.057579 9.9973E-05 0.801329
0.101228 9.9964E-05 9.9964E-05 9.9964E-05 9.9964E-05 0.898373
0.0293768 0.037193 0.0693694 9.9982E-05 9.9982E-05 0.863861
0.00704028 0.00615251 0.0285767 9.9991E-05 0.0392044 0.918926
0.113723 0.00527754 0.0164158 9.9982E-05 9.9982E-05 0.864383
9.9973E-05 0.0503928 0.0672213 9.9973E-05 9.9973E-05 0.882086
0.0544229 9.9964E-05 9.9964E-05 9.9964E-05 9.9964E-05 0.945177
9.9982E-05 0.893296 9.9982E-05 0.0355117 0.0392941 0.0316982
0.431446 0.436041 0.0383826 0.0928663 9.9991E-05 0.00116387
0.548762 0.312981 0.0642226 9.9991E-05 0.028482 0.0454528
0.535158 0.281786 0.083948 9.9991E-05 0.0326249 0.0663828
0.389382 0.495831 0.110102 9.9982E-05 9.9982E-05 0.00448485
9.9982E-05 0.728162 9.9982E-05 0.175506 0.068875 0.0272571
0.293746 0.504518 9.9982E-05 9.9982E-05 0.154061 0.0474751
0.48768 0.46461 0.023065 9.9991E-05 0.0167037 0.0078412
0.398257 0.40571 0.0346205 0.104203 0.0187638 0.0384462
0.300532 0.574985 0.103429 0.0179388 9.9991E-05 0.00301453
0.394298 0.452236 9.9982E-05 0.0748347 9.9982E-05 0.0784313
0.361308 0.033039 0.0142796 0.366324 0.195249 0.0298
0.490742 9.9991E-05 0.0349905 0.387812 0.00102803 0.0853278
0.600039 9.9982E-05 9.9982E-05 0.345366 0.0508847 0.00350999
0.558192 0.0549256 0.0580436 0.211088 0.0824496 0.0353016
0.533365 9.9982E-05 0.0521717 0.406114 0.00814955 9.9982E-05
0.597093 0.0936553 9.9991E-05 0.21135 0.0210595 0.0767428
0.655505 9.9964E-05 9.9964E-05 0.344095 9.9964E-05 9.9964E-05
0.56123 0.0359855 0.0765522 0.326032 9.9982E-05 9.9982E-05
0.556832 0.0637779 0.106692 0.218334 0.0542648 9.9991E-05
0.444834 9.9982E-05 9.9982E-05 0.30124 0.169949 0.0837781
0.734748 0.0501127 0.0430999 0.121232 9.9991E-05 0.0507071
0.639504 9.9982E-05 0.0395558 0.153054 0.167686 9.9982E-05
0.284033 0.197418 0.0721571 0.360795 0.0854969 9.9991E-05
0.217115 0.0844767 0.0287878 0.283865 0.385655 9.9991E-05
0.131149 0.188364 0.0201257 0.319947 0.340315 9.9991E-05
0.388839 0.104426 9.9982E-05 0.436004 0.0705311 9.9982E-05
0.479899 0.127443 9.9991E-05 0.337752 0.00586131 0.0489444
0.393433 0.16386 9.9982E-05 0.412942 9.9982E-05 0.0295656
0.397451 0.0931633 9.9991E-05 0.451938 0.0140605 0.0432871
0.576343 0.109462 0.0638279 0.124223 0.0576374 0.068507
0.15087 0.233065 0.0764057 0.308816 0.230743 9.9991E-05
0.521336 0.0443669 0.0943956 0.12384 0.161838 0.0542233
0.0758998 0.0353502 9.9991E-05 0.109429 0.616523 0.162698
0.336629 0.221652 0.0849855 0.0241385 0.214106 0.118489
0.551736 0.0829649 0.052446 9.9991E-05 0.18101 0.131743
0.239163 0.167736 0.0142092 0.00483941 0.445277 0.128775
0.247811 0.0514491 9.9991E-05 0.114127 0.51403 0.0724836
0.506987 0.0779797 9.9991E-05 0.104167 0.264632 0.0461341
9.9991E-05 0.265021 0.172618 0.0787298 0.402449 0.0810817
0.430305 0.169901 9.9982E-05 0.099022 0.300571 9.9982E-05
0.540493 0.0853698 0.0151988 0.0316212 0.316522 0.0107954
0.125592 9.9991E-05 0.292745 0.0154247 0.291119 0.275019
9.9973E-05 9.9973E-05 0.174302 9.9973E-05 0.347176 0.478222
9.9973E-05 9.9973E-05 0.179436 9.9973E-05 0.430671 0.389593
0.0810091 9.9982E-05 0.349028 9.9982E-05 0.21972 0.350043
0.717435 0.0691922 9.9973E-05 9.9973E-05 0.213073 9.9973E-05
0.345666 9.9973E-05 0.626081 0.0279528 9.9973E-05 9.9973E-05
0.411683 0.0536406 9.9973E-05 9.9973E-05 0.534376 9.9973E-05
0.297597 0.0286742 9.9973E-05 9.9973E-05 0.673428 9.9973E-05
0.588651 0.172305 0.0411838 9.9982E-05 0.19766 9.9982E-05
0.514216 0.115831 0.0168463 0.092085 0.217703 0.0433175
0.683877 0.0218994 9.9991E-05 0.0201176 0.266658 0.00734828
0.301374 0.0674455 9.9982E-05 0.0684121 0.562569 9.9982E-05
9.9973E-05 0.0593643 0.936089 9.9973E-05 0.0042473 9.9973E-05
0.0871195 0.0525082 0.859626 0.00054676 9.9982E-05 9.9982E-05
0.201401 0.0289537 0.72553 0.0439148 9.9982E-05 9.9982E-05
0.163157 0.00865697 0.808108 9.9982E-05 9.9982E-05 0.0198783
9.996E-05 9.996E-05 0.9995 9.996E-05 9.996E-05 9.996E-05
0.00963861 9.9973E-05 0.946471 0.0435903 9.9973E-05 9.9973E-05
0.225384 0.0025452 0.771771 9.9973E-05 9.9973E-05 9.9973E-05
9.9964E-05 9.9964E-05 0.939841 0.0597587 9.9964E-05 9.9964E-05
9.996E-05 9.996E-05 0.9995 9.996E-05 9.996E-05 9.996E-05
9.996E-05 9.996E-05 0.9995 9.996E-05 9.996E-05 9.996E-05
0.219823 9.9982E-05 0.742321 0.0153196 9.9982E-05 0.0223366
0.143231 9.9982E-05 0.704365 0.0623562 9.9982E-05 0.0898476
9.9964E-05 9.9964E-05 0.993379 0.0062207 9.9964E-05 9.9964E-05
0.0990008 9.9982E-05 0.788414 0.049158 9.9982E-05 0.063227
0.131057 9.9982E-05 0.840845 0.0219744 9.9982E-05 0.00592343
0.0855909 9.9964E-05 0.914009 9.9964E-05 9.9964E-05 9.9964E-05
0.0495958 0.0158229 0.868729 0.0355682 9.9991E-05 0.0301838
9.9973E-05 9.9973E-05 0.99033 9.9973E-05 0.00106397 0.00830637
0.229647 0.0284516 0.612958 9.9991E-05 0.0251654 0.103678
9.9982E-05 0.0319855 0.890161 0.0640321 9.9982E-05 0.0136215
9.9973E-05 9.9973E-05 0.0595708 9.9973E-05 0.624505 0.315625
0.462605 9.9991E-05 0.0247493 0.18173 0.185123 0.145693
0.32098 0.0469178 0.144749 0.0343198 0.254445 0.198587
0.217807 9.9982E-05 0.0718078 9.9982E-05 0.48063 0.229555
0.177856 0.0618596 0.124866 9.9991E-05 0.409925 0.225393
0.423806 9.9982E-05 0.134024 9.9982E-05 0.293785 0.148186
0.467861 0.0341727 0.16 9.9991E-05 0.199379 0.138487
0.324732 9.9982E-05 0.261409 9.9982E-05 0.318085 0.0955731
0.00919758 0.0111554 9.9991E-05 0.0731973 0.0587981 0.847552
9.9982E-05 9.9982E-05 0.0787165 0.0336377 0.00359598 0.88385
9.9982E-05 0.000990644 9.9982E-05 0.0477971 0.0186137 0.932399
9.9964E-05 9.9964E-05 9.9964E-05 0.0889145 9.9964E-05 0.910686
0.0318234 9.99904E-05 0.0137498 0.0796392 9.99904E-05 0.874588
9.9973E-05 0.0105166 0.0813757 9.9973E-05 9.9973E-05 0.907808
0.0181344 9.9982E-05 0.0870368 0.0263753 9.9982E-05 0.868253
0.0039871 9.9973E-05 9.9973E-05 9.9973E-05 0.0999728 0.89574
9.9982E-05 0.0863119 0.0310837 9.9982E-05 0.00344849 0.878956
9.9982E-05 9.9982E-05 0.0803574 0.0310913 0.00345092 0.8849
9.9982E-05 0.0988536 0.0123152 0.289974 9.9982E-05 0.598657
9.9973E-05 0.0665278 9.9973E-05 0.354568 9.9973E-05 0.578605
9.9982E-05 0.0435575 9.9982E-05 0.261747 0.160962 0.533533
9.9982E-05 0.100293 9.9982E-05 0.378163 0.0566829 0.464662
0.55892 0.223147 9.9982E-05 0.0956239 9.9982E-05 0.122109
0.500538 0.292206 0.0325787 0.0692689 0.0214207 0.0839874
0.555019 0.116883 0.0202951 0.19555 0.100583 0.0116698
0.442022 0.187452 9.9982E-05 0.295795 9.9982E-05 0.0745307
0.285178 0.120175 9.9973E-05 0.594347 9.9973E-05 9.9973E-05
0.662967 0.172252 0.0447784 0.092915 9.9991E-05 0.0269881
0.556784 0.266447 0.0530683 0.105096 9.9991E-05 0.0185043
0.533721 0.313188 0.0556967 0.078695 0.0185987 9.9991E-05
0.321009 0.489215 0.0835536 0.0488905 0.0572319 9.9991E-05
0.429616 0.413635 9.9982E-05 0.126407 9.9982E-05 0.0301423
9.9973E-05 0.699341 9.9973E-05 0.0280421 0.272317 9.9973E-05
0.325697 0.499653 9.9973E-05 9.9973E-05 0.17435 9.9973E-05
0.53203 0.37557 9.9991E-05 0.00337623 0.0619236 0.0270004
0.070537 0.758677 9.9982E-05 0.113636 9.9982E-05 0.0569504
9.9973E-05 9.9973E-05 9.9973E-05 0.840994 0.0610086 0.097697
0.0834069 9.9991E-05 0.0115075 0.808711 0.0220372 0.0742378
9.9973E-05 9.9973E-05 9.9973E-05 0.953044 0.019067 0.0275889
9.9964E-05 9.9964E-05 9.9964E-05 0.894248 9.9964E-05 0.105352
0.0215007 9.9991E-05 0.0623194 0.849597 0.0400881 0.0263951
0.0317539 9.9982E-05 0.108713 0.823862 9.9982E-05 0.0354709
0.12073 9.9973E-05 0.00649182 9.9973E-05 9.9973E-05 0.872478
0.113141 9.9973E-05 9.9973E-05 0.0742364 9.9973E-05 0.812322
0.145238 9.9982E-05 0.104326 9.9982E-05 0.00748094 0.742755
0.0958161 9.9982E-05 0.0743616 0.06872 9.9982E-05 0.760902
0.11437 9.9982E-05 0.0703234 0.0732549 9.9982E-05 0.741852
9.9973E-05 9.9973E-05 9.9973E-05 0.579684 0.0729519 0.347064
9.9982E-05 0.032738 9.9982E-05 0.435993 0.0811115 0.449958
9.9973E-05 9.9973E-05 9.9973E-05 0.4502 0.114241 0.435258
0.144821 9.9973E-05 0.0494965 9.9973E-05 9.9973E-05 0.805383
9.9991E-05 0.0966515 0.00587187 0.527467 0.00422614 0.365683
0.264307 9.9982E-05 0.348874 9.9982E-05 0.216349 0.170269
0.564495 9.9973E-05 0.221627 9.9973E-05 9.9973E-05 0.213578
0.36301 0.0111848 0.270131 0.0326859 0.110521 0.212468
9.9973E-05 9.9973E-05 0.352927 9.9973E-05 0.300005 0.346768
0.501627 0.0508873 0.0289564 0.324221 0.094208 9.9991E-05
0.475935 0.0474536 9.9982E-05 0.21776 0.258652 9.9982E-05
0.379587 0.00427107 0.00880489 0.503867 9.9991E-05 0.103371
0.472049 0.166278 0.0645043 0.119655 0.177413 9.9991E-05
9.9973E-05 0.192897 9.9973E-05 0.20697 0.599833 9.9973E-05
0.511213 0.0221492 0.0597241 0.248701 0.139875 0.0183375
0.435363 0.117096 9.9991E-05 0.351032 0.0815289 0.0148808
0.254565 0.0982812 9.9982E-05 0.237034 0.40992 9.9982E-05
0.365696 0.191408 0.0641952 0.157318 0.221283 9.9991E-05
0.518724 0.0894911 0.0539419 0.21362 0.0591822 0.0650406
0.322816 0.177228 0.2222 0.0180645 0.127882 0.13181
0.516992 9.9973E-05 9.9973E-05 0.275729 0.206979 9.9973E-05
0.517153 0.0725852 0.0502555 0.26732 0.0861602 0.00652573
0.522701 9.9982E-05 0.109103 0.169173 0.198823 9.9982E-05
0.598425 0.0967905 0.00351976 0.145822 0.113357 0.0420864
0.521888 0.131577 0.118853 0.133496 0.025605 0.0685812
0.165001 9.9973E-05 0.0435541 9.9973E-05 9.9973E-05 0.791145
0.10584 0.0218676 0.016036 9.9982E-05 9.9982E-05 0.856057
0.0685769 0.0516344 9.9991E-05 0.0252392 0.0554114 0.799038
0.0615333 0.128818 0.0200247 9.99859E-05 9.99859E-05 0.789424
0.134333 9.9964E-05 9.9964E-05 9.9964E-05 9.9964E-05 0.865267
0.336805 0.002811 0.00338891 0.565749 0.0911464 9.9991E-05
0.630419 0.0633546 0.114276 0.158581 0.0302879 0.00308167
0.582051 0.103452 9.9982E-05 0.268185 9.9982E-05 0.046112
0.381001 9.9982E-05 0.0492908 0.336045 0.233463 9.9982E-05
0.102148 0.0837039 9.9991E-05 0.567115 0.163467 0.0834654
0.485119 0.0548999 0.0664238 0.307306 0.0861511 9.9991E-05
0.241045 0.0159628 0.0926132 0.566186 0.0716553 0.0125376
0.36387 0.119053 0.140727 0.167936 0.198436 0.00997905
0.249387 0.0341731 9.9991E-05 0.521233 0.0782578 0.116849
0.253044 0.00896513 9.9991E-05 0.562558 0.109276 0.0660576
0.421773 0.0274126 0.064843 0.209917 0.235691 0.0403642
0.335608 9.9982E-05 9.9982E-05 0.0652625 0.568358 0.030571
0.620883 0.0242141 0.0176748 0.0324874 0.214872 0.0898683
0.454155 0.0210861 9.9982E-05 0.044791 0.479768 9.9982E-05
0.531871 0.202258 9.9991E-05 0.020475 0.157264 0.0880318
0.17812 0.148091 9.9982E-05 0.0620365 0.611552 9.9982E-05
0.286156 0.0488676 9.9982E-05 0.00592682 0.65885 9.9982E-05
0.52073 9.9991E-05 0.0212395 0.09474 0.352096 0.0110947
0.251847 0.0684112 9.9982E-05 0.0764166 0.603125 9.9982E-05
0.594785 0.0851759 9.9982E-05 0.113997 0.205842 9.9982E-05
0.154662 0.200896 0.00274333 0.573577 0.068022 9.9991E-05
0.319677 0.0549707 0.0176454 0.367019 0.240587 9.9991E-05
0.361688 0.162325 0.028311 0.357401 9.9991E-05 0.0901761
0.720459 0.0909864 9.9991E-05 0.140189 0.0104228 0.0378423
0.309727 0.173612 0.00587483 0.510586 9.9982E-05 9.9982E-05
0.486814 0.0654881 0.0785106 0.331335 9.9991E-05 0.0377524
0.423867 0.190848 0.00895414 0.31415 9.9991E-05 0.0620815
0.1772 0.20628 0.121812 0.494508 9.9982E-05 9.9982E-05
0.310181 0.0434019 0.132557 0.49501 0.0187506 9.9991E-05
0.648331 0.0359109 0.0510742 0.139442 0.125142 9.9991E-05
0.508452 0.12803 9.9991E-05 0.162028 0.128492 0.0728981
0.517525 9.9982E-05 0.11516 0.290161 0.076953 9.9982E-05
0.382492 9.9991E-05 0.0450538 0.482134 0.0694901 0.0207299
0.446858 0.190521 0.123502 0.206355 9.9991E-05 0.0326646
0.405564 0.0350132 0.172034 9.9991E-05 0.0740998 0.313189
0.433417 0.0293876 0.21343 9.9991E-05 0.128857 0.194808
0.574364 0.0807659 0.130042 0.0959595 0.0709837 0.0478849
0.522781 0.0377166 0.190495 9.9991E-05 0.0327892 0.216118
0.550065 0.0588184 0.0132692 0.242426 0.135321 9.9991E-05
0.0128019 0.107525 0.161761 0.000381133 0.51597 0.201561
0.472448 9.9991E-05 0.19667 0.129746 0.0702238 0.130812
0.450658 0.0901695 0.266453 9.9991E-05 0.0786931 0.113926
0.224217 0.0696722 0.15265 0.0412359 0.291816 0.220409
0.600819 9.9982E-05 0.173379 9.9982E-05 0.0259401 0.199662
9.9973E-05 9.9973E-05 0.197779 9.9973E-05 0.354439 0.447482
0.543313 0.0655948 0.154157 0.00721841 0.0224565 0.20726
0.415583 0.0207576 0.177407 0.126431 0.153397 0.106424
0.475323 0.148464 0.108006 0.0581475 0.202373 0.00768574
0.147792 0.153693 9.9982E-05 0.140288 0.558027 9.9982E-05
0.112142 0.167563 9.9982E-05 0.111964 0.608131 9.9982E-05
0.426267 9.9982E-05 0.316244 9.9982E-05 0.122898 0.134391
0.330914 0.0638454 0.326014 9.9991E-05 0.187609 0.0915177
0.167233 0.00915908 0.315959 9.9991E-05 0.329834 0.177716
0.390203 9.9982E-05 0.233415 9.9982E-05 0.20279 0.173391
0.202626 9.9982E-05 0.0940192 9.9982E-05 0.666188 0.0369671
0.3378 9.9982E-05 0.0583972 9.9982E-05 0.511193 0.0924102
0.679679 0.0133323 0.103914 9.9982E-05 0.202874 9.9982E-05
0.610734 0.0243673 0.11909 9.9991E-05 0.21166 0.0340483
0.385049 0.00204017 0.0610663 0.047018 0.420578 0.0842488
0.601901 0.0418269 0.0848961 9.9991E-05 0.198785 0.0724911
0.583237 0.0413822 0.083469 9.9991E-05 0.228781 0.0630304
0.459554 0.0763951 9.9991E-05 0.144072 0.316979 0.00290003
0.485355 0.0798633 9.9991E-05 0.110194 0.318597 0.00589141
0.373937 0.144573 0.0881233 0.107328 0.240285 0.045754
0.617682 9.9964E-05 9.9964E-05 9.9964E-05 0.381918 9.9964E-05
0.347026 0.0503948 9.9982E-05 0.0929155 0.509463 9.9982E-05
0.596534 0.16056 0.0569214 9.9982E-05 0.185785 9.9982E-05
0.320158 0.161783 9.9982E-05 0.102846 0.415013 9.9982E-05
0.494476 0.158514 9.9982E-05 0.0348272 0.311983 9.9982E-05
0.361339 9.9991E-05 0.262266 0.0561008 0.147909 0.172285
0.311364 0.0316763 0.221416 0.0707418 0.165304 0.199498
0.00433197 0.0271085 0.187144 0.0690262 0.521467 0.190923
0.559736 9.9991E-05 0.208871 0.0698359 0.0666923 0.0947647
9.9973E-05 9.9973E-05 0.14735 9.9973E-05 0.528053 0.324297
0.590207 0.0291734 0.156119 9.9991E-05 0.196261 0.0281395
0.184475 0.215982 9.9973E-05 9.9973E-05 0.599243 9.9973E-05
0.0515741 0.290426 9.9982E-05 0.0402532 0.617547 9.9982E-05
0.571927 0.070945 9.9982E-05 0.0369891 0.319939 9.9982E-05
0.687586 0.0143922 9.9982E-05 9.9982E-05 0.23569 0.0621311
0.54759 9.9973E-05 9.9973E-05 0.0339208 0.41819 9.9973E-05
0.541993 0.255455 9.9973E-05 9.9973E-05 0.202252 9.9973E-05
0.658701 0.0578537 9.9973E-05 9.9973E-05 0.283146 9.9973E-05
0.0887691 0.0355233 0.0493709 9.9991E-05 0.0663422 0.759895
9.9982E-05 9.9982E-05 0.124674 0.147969 0.0504071 0.67675
0.0160615 9.9982E-05 0.0405501 0.0560322 9.9982E-05 0.887156
0.0681238 9.9973E-05 9.9973E-05 9.9973E-05 0.0129629 0.918613
0.461091 0.343664 0.0371703 0.0609256 0.058253 0.0388966
0.546531 0.44726 9.9973E-05 9.9973E-05 9.9973E-05 0.00590907
0.268402 0.505112 0.0348737 0.169718 0.00867093 0.0132232
0.559243 0.388949 0.0515076 9.9973E-05 9.9973E-05 9.9973E-05
0.361137 0.373609 9.9973E-05 9.9973E-05 0.264953 9.9973E-05
0.371554 0.0426333 0.251436 0.0155775 0.0871198 0.23168
0.330257 0.470131 0.0972845 9.9982E-05 0.102127 9.9982E-05
0.182542 0.619587 0.0831559 0.105838 9.9991E-05 0.00877682
0.578464 0.251959 0.0275698 0.0491936 0.0927136 9.9991E-05
0.325978 0.463508 0.0718753 0.138439 9.9982E-05 9.9982E-05
0.620877 0.361238 9.9973E-05 9.9973E-05 9.9973E-05 0.0175858
0.0285857 0.928565 9.9973E-05 9.9973E-05 0.0425498 9.9973E-05
0.205522 0.601088 0.0478945 0.0262811 0.119114 9.9991E-05
0.35522 0.538634 0.0431022 0.0325778 0.0303664 9.9991E-05
9.9964E-05 0.735309 9.9964E-05 9.9964E-05 0.264291 9.9964E-05
0.478547 0.389199 9.9982E-05 0.0733505 9.9982E-05 0.0587038
0.031398 0.703195 9.9982E-05 9.9982E-05 0.263225 0.00198189
9.9964E-05 0.769419 9.9964E-05 9.9964E-05 0.230181 9.9964E-05
0.460223 0.438681 0.0813849 9.9991E-05 0.0158307 0.00378065
0.196096 0.625525 0.00819379 0.116886 9.9991E-05 0.053199
0.376331 0.395273 0.091478 0.115109 0.0217092 9.9991E-05
0.538307 0.38218 9.9991E-05 0.0407385 0.0297257 0.0089487
0.402675 0.0347115 0.0797991 0.24999 0.232725 9.9991E-05
0.390107 0.426161 0.174893 9.9982E-05 0.00863946 9.9982E-05
0.514904 0.308361 0.0203599 0.0785599 9.9991E-05 0.0777148
0.296004 0.675471 9.9973E-05 9.9973E-05 0.028225 9.9973E-05
9.9973E-05 9.9973E-05 9.9973E-05 0.302098 0.0652533 0.632349
0.101577 0.0137417 9.9991E-05 0.131099 0.0327578 0.720725
9.9973E-05 9.9973E-05 9.9973E-05 0.146874 0.036018 0.816808
9.9973E-05 9.9973E-05 9.9973E-05 0.16395 0.0328769 0.802874
0.0498084 9.9982E-05 9.9982E-05 0.221249 0.0268436 0.701899
0.0502671 0.757286 0.0300864 0.12548 9.9991E-05 0.0367807
0.0958036 0.692103 9.9982E-05 0.111034 9.9982E-05 0.10086
0.120579 0.744107 0.0268376 9.9982E-05 0.108276 9.9982E-05
0.272357 0.502639 0.0515453 9.9991E-05 0.145774 0.0275844
0.569646 0.37153 0.0242534 9.9982E-05 9.9982E-05 0.0343705
0.399099 0.398228 0.0549723 9.9991E-05 0.074885 0.0727151
0.601441 0.184485 9.9991E-05 0.0682982 0.0859392 0.0597365
0.148047 0.644629 0.0725486 0.134575 9.9982E-05 9.9982E-05
0.427132 0.523559 9.9973E-05 0.0490092 9.9973E-05 9.9973E-05
0.323823 0.47877 9.9973E-05 0.197107 9.9973E-05 9.9973E-05
0.692194 0.00163804 9.9991E-05 0.0475518 0.132362 0.126154
0.357674 0.581705 9.9982E-05 0.0350871 9.9982E-05 0.025334
0.409029 0.390129 0.0400137 0.0529071 0.011477 0.0964443
0.471694 9.9982E-05 0.342867 9.9982E-05 0.0529803 0.132259
0.283174 0.0216441 0.457693 9.9991E-05 0.0855125 0.151876
0.452488 0.305842 0.0366667 9.9991E-05 0.161732 0.0431726
0.120987 9.9982E-05 0.571908 9.9982E-05 0.0102055 0.2967
0.250953 0.0742389 0.468521 0.017199 9.9991E-05 0.188988
0.516955 0.0802957 0.0886569 9.9991E-05 0.16286 0.151132
0.679847 9.9982E-05 9.9982E-05 0.0337158 0.163129 0.123108
0.505101 9.9991E-05 0.00685664 0.147506 0.260191 0.0802451
0.372261 9.9973E-05 0.448447 9.9973E-05 9.9973E-05 0.178992
0.320615 9.9991E-05 0.535614 0.0141367 0.102276 0.0272579
0.227079 0.0772546 0.53067 9.9982E-05 9.9982E-05 0.164796
0.243228 0.00402024 0.558051 9.9991E-05 0.0396582 0.154942
0.574371 0.0710815 0.011782 9.9991E-05 0.243433 0.0992323
0.178447 9.9982E-05 0.625084 9.9982E-05 0.00136364 0.194905
0.228738 0.133073 9.9991E-05 0.233039 0.25954 0.14551
0.596175 0.0212958 0.0880201 0.11551 0.178899 9.9991E-05
0.650348 0.0266421 0.0157562 0.0701574 0.117333 0.119763
0.620419 9.9982E-05 9.9982E-05 0.0370659 0.228977 0.113338
0.286704 0.0896813 0.312935 9.9991E-05 0.175981 0.134598
0.441106 9.9982E-05 0.252865 9.9982E-05 0.0766449 0.229184
0.223204 9.9973E-05 0.561923 9.9973E-05 9.9973E-05 0.214573
0.53086 0.029802 9.9991E-05 0.0637575 0.216585 0.158896
0.269657 0.00383347 0.0232363 9.9991E-05 0.601925 0.101248
0.430035 9.9991E-05 0.0936374 0.231696 0.186805 0.0577263
0.437592 0.0615271 0.144802 9.9991E-05 0.141888 0.214091
9.9973E-05 9.9973E-05 0.224047 9.9973E-05 0.509532 0.266122
9.9973E-05 9.9973E-05 0.101714 9.9973E-05 0.601931 0.296055
0.351709 9.9991E-05 0.088341 0.0271601 0.313084 0.219606
0.0332928 9.9982E-05 0.221506 9.9982E-05 0.449947 0.295054
9.9973E-05 9.9973E-05 0.248972 9.9973E-05 0.368256 0.382472
0.361668 0.0475694 0.178193 9.9991E-05 0.330123 0.0823478
0.394657 9.9991E-05 0.126372 0.0576472 0.16882 0.252403
0.251115 0.0504968 0.11352 9.9991E-05 0.253281 0.331488
0.0734816 9.9982E-05 0.197763 9.9982E-05 0.474291 0.254264
0.398756 0.00436126 0.154923 0.0414868 0.254862 0.145611
0.125363 0.12133 0.160863 0.0033119 0.389443 0.199689
9.9973E-05 9.9973E-05 0.0695787 9.9973E-05 0.52159 0.408531
0.348635 9.9991E-05 0.249537 0.0874751 0.168309 0.145944
0.502315 0.047261 0.160954 0.0057052 0.0105784 0.273186
0.494399 9.9973E-05 0.325709 9.9973E-05 9.9973E-05 0.179592
0.520773 0.0493672 0.218197 0.0163851 0.00927316 0.186004
0.437822 9.9991E-05 0.170732 0.0157269 0.0239445 0.351675
0.520205 9.9982E-05 0.172141 0.0272268 9.9982E-05 0.280228
0.334742 0.154796 0.284659 9.9982E-05 9.9982E-05 0.225604
0.368897 9.9991E-05 0.228444 0.0132334 0.144835 0.244491
0.307228 0.253167 0.146249 0.139637 9.9991E-05 0.15362
0.369357 9.9982E-05 0.237588 9.9982E-05 0.116936 0.27592
0.145049 0.0518235 0.229858 9.9991E-05 0.20071 0.372459
0.209272 9.9982E-05 0.337298 9.9982E-05 0.175891 0.27734
9.9982E-05 0.0456169 0.0118937 0.159634 9.9982E-05 0.782656
0.13768 9.9973E-05 9.9973E-05 0.798848 9.9973E-05 0.0631721
9.9973E-05 0.042578 9.9973E-05 0.951597 9.9973E-05 0.00552551
9.9964E-05 9.9964E-05 9.9964E-05 0.980953 9.9964E-05 0.0186468
0.0200151 9.9973E-05 0.0208573 0.958828 9.9973E-05 9.9973E-05
9.9964E-05 9.9964E-05 0.0763431 0.923257 9.9964E-05 9.9964E-05
0.0885267 9.9964E-05 9.9964E-05 0.911073 9.9964E-05 9.9964E-05
9.9973E-05 0.035113 9.9973E-05 0.937958 9.9973E-05 0.0266287
0.0326202 9.9973E-05 9.9973E-05 0.750852 9.9973E-05 0.216228
0.0139037 0.025563 0.0112663 0.0175703 0.00902225 0.922674
0.0301769 0.0653022 0.0027875 0.107324 9.9991E-05 0.794309
9.9982E-05 0.038371 0.0538756 0.00240844 9.9982E-05 0.905145
0.102593 9.9973E-05 9.9973E-05 0.114544 9.9973E-05 0.782562
0.0221348 0.0531312 0.0248844 9.9982E-05 9.9982E-05 0.89965
9.9982E-05 9.9982E-05 0.00336701 0.103491 0.0278176 0.865125
0.0418883 0.0309524 0.159824 0.0726741 9.9991E-05 0.694561
0.0827817 0.0196173 0.0417087 9.9982E-05 9.9982E-05 0.855692
0.0776045 0.0122663 0.0956745 0.104535 0.0127664 0.697153
9.9973E-05 0.0627355 0.0587428 9.9973E-05 9.9973E-05 0.878222
9.9973E-05 9.9973E-05 9.9973E-05 0.0963746 0.00616179 0.897164
0.0430451 9.9982E-05 0.0469534 0.0819593 9.9982E-05 0.827842
0.0138964 9.9982E-05 9.9982E-05 0.0160562 0.0180193 0.951828
0.076959 9.9982E-05 0.0279972 0.00677113 9.9982E-05 0.888073
0.104046 9.9973E-05 0.040915 9.9973E-05 9.9973E-05 0.854739
0.119987 9.9973E-05 0.0571427 9.9973E-05 9.9973E-05 0.82257
0.0773697 9.9973E-05 0.165113 9.9973E-05 9.9973E-05 0.757218
0.138031 9.9973E-05 0.0650736 9.9973E-05 9.9973E-05 0.796595
0.0939069 0.00742215 0.10867 9.9982E-05 9.9982E-05 0.789801
0.467679 0.045578 9.9991E-05 0.0451753 0.290565 0.150902
0.687286 0.020302 9.9982E-05 9.9982E-05 0.184252 0.107961
0.180802 0.0598068 0.0287537 9.9991E-05 0.696476 0.0340622
0.597021 9.9991E-05 0.00574916 0.100249 0.198856 0.0980247
0.177164 9.9982E-05 0.0456848 9.9982E-05 0.657923 0.119029
0.586802 9.9991E-05 0.0303227 0.0318689 0.273046 0.0778598
0.522286 0.0606663 9.9991E-05 0.163452 0.200666 0.0528307
0.596181 0.089435 9.9991E-05 0.0745227 0.096012 0.14375
0.555036 0.318785 9.9982E-05 0.0452581 9.9982E-05 0.0807214
0.519276 0.0131396 9.9991E-05 0.172005 0.192878 0.102601
0.640594 9.9991E-05 0.0254326 0.102559 0.161745 0.0695691
0.155525 0.162939 0.0273015 0.401998 0.252137 9.9991E-05
0.0671438 9.9982E-05 9.9982E-05 0.100978 0.829758 0.00192052
0.224409 9.9991E-05 0.00633151 0.0867638 0.657554 0.0248415
0.657869 9.9982E-05 9.9982E-05 0.0488584 0.209855 0.0832179
0.599063 0.0609375 9.9991E-05 0.00537685 0.200612 0.133911
0.594541 9.9991E-05 0.130121 0.031557 0.0321894 0.211492
0.62097 0.0379518 0.136106 0.0198855 0.0343934 0.150694
0.202522 9.9991E-05 0.160305 0.150827 0.0874083 0.398837
0.446079 9.9991E-05 0.204842 0.034527 0.0844359 0.230016
9.9973E-05 9.9973E-05 0.203362 9.9973E-05 0.467398 0.328941
0.329247 9.9982E-05 0.187157 9.9982E-05 0.161926 0.321469
0.334461 0.0711582 0.145589 0.0404004 0.060923 0.347468
0.363885 0.118632 0.0929569 0.114029 9.9991E-05 0.310397
0.534845 0.0630434 0.150291 0.00728695 9.9991E-05 0.244434
0.358349 9.9982E-05 0.225387 9.9982E-05 0.274661 0.141404
0.217641 0.0796815 0.209269 0.025832 9.9991E-05 0.467477
