0.094629 9.9991E-05 0.0090681 0.00222265 0.89398
9.9973E-05 0.0574254 9.9973E-05 9.9973E-05 0.942275
0.0562431 9.9991E-05 0.0496992 0.0674469 0.826511
0.106713 9.9991E-05 0.0640562 0.0217247 0.807406
9.9982E-05 9.9982E-05 0.00223951 0.06785 0.929711
0.082133 0.133708 0.0308014 0.061713 0.691644
0.0378737 0.117336 0.0220446 9.9991E-05 0.822646
0.104421 0.164565 0.00625402 9.9991E-05 0.724659
0.12827 0.0531036 9.9982E-05 9.9982E-05 0.818427
0.0202746 0.138978 0.12539 9.9991E-05 0.715258
0.0947059 0.115378 9.9991E-05 0.0388866 0.75093
0.456436 0.0692501 0.0410085 0.406555 0.0267506
0.311031 0.0214942 0.108177 0.500027 0.0592714
0.455327 0.114416 0.12838 0.239394 0.0624826
0.410976 0.0206386 0.178545 0.368112 0.0217286
0.15891 0.112306 0.121206 0.441809 0.165769
0.213123 0.119021 0.140387 0.519406 0.00806247
0.35909 0.0195281 0.0933723 0.382346 0.145664
0.58619 0.206082 0.0431942 0.125638 0.0388962
0.187274 0.135673 0.0898023 0.544183 0.0430682
0.129785 0.201204 0.101534 0.501869 0.0656074
0.166592 0.0388989 0.0395022 0.63559 0.119417
0.303899 0.146142 0.128261 0.41854 0.00315793
0.181 0.016998 0.124486 0.556009 0.121507
0.497086 0.0671216 0.122191 0.313501 9.9991E-05
0.372074 0.151111 0.218868 0.239319 0.0186285
0.472055 0.156221 0.0392541 0.313228 0.019242
9.9982E-05 9.9982E-05 0.0748485 0.0974161 0.827535
9.9973E-05 9.9973E-05 9.9973E-05 0.16921 0.83049
0.00761398 9.9991E-05 0.0568157 0.121116 0.814354
9.9982E-05 9.9982E-05 0.126737 0.169038 0.704025
0.175433 0.132048 0.0929455 0.595751 0.00382327
9.9991E-05 0.183273 0.0574661 0.734968 0.0241929
0.551822 0.102534 0.0242324 0.216633 0.104779
0.0262337 0.385715 0.134427 0.447647 0.00597754
9.9991E-05 0.0935318 0.0742346 0.771664 0.0604692
0.0947839 0.0397536 0.0514466 0.666756 0.14726
0.0967078 0.033473 0.0431894 0.686977 0.139653
0.19251 0.280383 9.9991E-05 0.480613 0.0463945
0.0326089 0.0540327 0.0666101 0.719112 0.127636
9.9973E-05 0.360895 9.9973E-05 0.638805 9.9973E-05
0.0184222 0.801706 9.9991E-05 0.0945911 0.0851808
0.380306 0.331927 0.00562802 0.282039 9.9991E-05
0.178004 0.57709 0.0819201 0.162885 9.9991E-05
0.379339 0.279836 9.9991E-05 0.261615 0.0791106
0.253847 0.0200094 0.0840808 0.593678 0.0483849
0.266526 0.0710761 0.0246062 0.539202 0.0985899
0.354629 0.282293 0.100354 0.104476 0.158248
0.266183 0.0756177 0.122344 0.42015 0.115705
0.512248 0.268581 9.9991E-05 0.172485 0.0465856
0.182582 0.0866096 0.0948809 0.595946 0.0399817
0.0401975 0.211315 0.133698 0.614689 9.9991E-05
0.361485 0.160752 0.135074 0.342589 9.9991E-05
0.222033 0.0626981 0.0900409 0.598419 0.0268099
0.316536 0.225294 9.9991E-05 0.399431 0.0586395
0.0992186 0.110736 9.9982E-05 0.789846 9.9982E-05
0.164635 0.261233 9.9991E-05 0.569756 0.00427595
9.9973E-05 0.671226 9.9973E-05 0.328474 9.9973E-05
0.10854 0.568275 9.9982E-05 0.322985 9.9982E-05
0.0628233 0.324044 9.9982E-05 0.612933 9.9982E-05
0.188522 0.0905084 0.00711195 0.683469 0.0303886
0.156837 0.118591 0.014451 0.690103 0.0200179
0.281903 0.167458 9.9991E-05 0.503578 0.046961
0.351724 0.114123 9.9991E-05 0.529351 0.00470221
0.0943807 0.257993 0.0122719 0.589432 0.0459225
0.110608 0.149314 9.9991E-05 0.676455 0.0635232
9.9982E-05 0.29812 9.9982E-05 0.687069 0.0146117
9.9973E-05 0.772273 9.9973E-05 0.227427 9.9973E-05
0.0841909 9.9991E-05 0.0097714 0.103781 0.802157
9.9973E-05 9.9973E-05 9.9973E-05 0.0748212 0.924879
9.9982E-05 9.9982E-05 0.064848 0.0603667 0.874585
9.9991E-05 0.00100273 0.0309639 0.00973372 0.9582
9.9991E-05 0.000360861 0.0787291 0.0431635 0.877647
0.0296431 9.9991E-05 0.0529209 0.0340519 0.883284
9.9982E-05 9.9982E-05 0.00982934 0.0464416 0.943529
0.154718 0.462744 9.9982E-05 0.382338 9.9982E-05
0.143097 0.127065 0.0301886 0.699549 9.9991E-05
0.0108537 0.0737103 0.0220572 0.806587 0.0867922
9.9991E-05 0.156435 0.0527563 0.704108 0.086601
9.9991E-05 0.166299 0.0654137 0.744014 0.0241738
0.300184 0.404325 9.9982E-05 0.295291 9.9982E-05
0.0258452 0.396875 9.9991E-05 0.547975 0.0292049
9.9982E-05 0.21585 9.9982E-05 0.743716 0.0402333
0.0632682 0.26155 0.00720391 0.657409 0.0105691
0.00243621 0.304618 0.0424957 0.65035 9.9991E-05
0.0624485 0.165732 9.9991E-05 0.645604 0.126116
0.274273 0.26943 0.0190101 0.380218 0.0570685
0.356345 0.0400235 0.125958 0.41341 0.0642634
0.311718 0.00949028 0.0981853 0.527205 0.053401
0.178482 0.103528 0.12923 0.509269 0.0794909
0.412225 0.00356837 0.0630226 0.444908 0.0762756
0.230989 0.0471109 0.149946 0.571855 9.9991E-05
0.345745 9.9991E-05 0.0271071 0.601045 0.0260033
0.322193 9.9982E-05 0.146315 0.531292 9.9982E-05
0.253111 9.9991E-05 0.188578 0.497712 0.0604996
0.222397 0.234962 0.0738865 0.357302 0.111452
0.173736 0.0196864 0.160765 0.645713 9.9991E-05
0.169402 0.00884047 0.166018 0.614512 0.0412271
0.367087 0.24148 0.0800902 0.311243 9.9991E-05
0.28034 0.438538 0.045808 0.19807 0.037244
0.265748 0.473292 0.0897829 0.171078 9.9991E-05
0.477979 0.0827251 0.027394 0.411802 9.9991E-05
0.364456 0.0303788 9.9982E-05 0.604965 9.9982E-05
0.480835 0.00801452 0.0145687 0.450028 0.046553
0.496424 0.141277 9.9982E-05 0.362099 9.9982E-05
0.185557 0.0297766 0.134843 0.571544 0.0782803
0.297986 0.349138 0.107996 0.244779 9.9991E-05
9.9991E-05 0.267625 0.142952 0.545141 0.0441823
0.113028 0.616582 9.9991E-05 0.100612 0.169679
0.134339 0.263085 0.100852 0.403199 0.0985241
9.9991E-05 0.224037 0.136035 0.493095 0.146734
0.0936865 0.440372 0.0278071 0.279268 0.158866
0.113847 0.473267 9.9991E-05 0.31443 0.0983561
0.0840873 0.230019 0.0308568 0.552316 0.102721
0.0730951 0.584118 0.156134 0.0908522 0.0958007
0.0850143 0.378125 0.00891114 0.527849 9.9991E-05
0.142404 0.241914 0.0863523 0.52923 9.9991E-05
9.9991E-05 0.215572 0.303203 0.177239 0.303885
9.9982E-05 0.277515 0.17464 9.9982E-05 0.547645
9.9982E-05 0.391512 0.202905 9.9982E-05 0.405383
9.9982E-05 0.239548 0.376063 9.9982E-05 0.384189
9.9982E-05 0.16715 0.0762205 0.756429 9.9982E-05
9.9973E-05 9.9973E-05 0.706606 0.293094 9.9973E-05
9.9991E-05 0.540522 0.0912021 0.359177 0.00899876
9.9991E-05 0.695847 0.0660514 0.233204 0.0047972
0.052423 0.202337 0.104602 0.622551 0.0180867
0.107162 0.250998 0.0511787 0.548001 0.0426605
0.0516712 0.226475 0.0845866 0.601624 0.0356425
0.0843591 0.596922 0.0446179 0.274 9.9991E-05
9.9973E-05 0.0373683 0.962332 9.9973E-05 9.9973E-05
9.9973E-05 9.9973E-05 0.859401 0.140299 9.9973E-05
0.0145189 9.9991E-05 0.648019 0.318748 0.0186143
0.0253776 9.9982E-05 0.867694 0.106729 9.9982E-05
9.997E-05 9.997E-05 0.9996 9.997E-05 9.997E-05
0.0420005 9.9973E-05 0.9577 9.9973E-05 9.9973E-05
9.9973E-05 9.9973E-05 0.837918 0.161782 9.9973E-05
0.0839139 9.9973E-05 0.915786 9.9973E-05 9.9973E-05
9.997E-05 9.997E-05 0.9996 9.997E-05 9.997E-05
9.997E-05 9.997E-05 0.9996 9.997E-05 9.997E-05
0.00667366 0.0392661 0.730739 0.223221 9.9991E-05
0.0659596 9.9982E-05 0.829195 0.104646 9.9982E-05
0.0314054 9.9973E-05 0.968295 9.9973E-05 9.9973E-05
9.9982E-05 9.9982E-05 0.71961 0.18146 0.09873
0.0171923 9.9991E-05 0.855724 0.108095 0.0188887
0.00121903 9.9973E-05 0.998481 9.9973E-05 9.9973E-05
0.0558071 9.9991E-05 0.914984 0.0197353 0.00937337
9.997E-05 9.997E-05 0.9996 9.997E-05 9.997E-05
0.0762069 9.9991E-05 0.68326 0.177351 0.063082
0.0351665 0.0502348 0.890366 0.0181149 0.00611766
9.9982E-05 0.56457 0.0832218 9.9982E-05 0.352008
0.167573 0.146282 0.206021 0.289092 0.191033
9.9991E-05 0.145538 0.0517172 0.505753 0.296892
9.9991E-05 0.444814 0.162937 0.0916203 0.300528
9.9991E-05 0.336851 0.141094 0.243344 0.278611
9.9991E-05 0.350247 0.259302 0.253942 0.136409
0.0575259 0.0985875 0.169452 0.469203 0.205232
9.9991E-05 0.236695 0.24213 0.31575 0.205325
0.0632941 0.0419013 9.9991E-05 0.0290574 0.865647
0.0139808 0.0228843 0.0543003 9.9991E-05 0.908735
0.017715 0.0281902 9.9982E-05 9.9982E-05 0.953895
0.0276423 9.9982E-05 9.9982E-05 0.00910908 0.963049
0.0983594 9.9982E-05 0.0134424 9.9982E-05 0.887998
0.00648151 9.9982E-05 0.0795248 9.9982E-05 0.913794
9.9982E-05 9.9982E-05 0.0912101 0.00731985 0.90127
9.9982E-05 0.0729105 0.00339359 9.9982E-05 0.923496
9.9982E-05 0.0185002 9.9982E-05 0.0517905 0.929509
0.0058957 0.0241966 0.07044 9.9991E-05 0.899368
0.27194 0.106519 9.9982E-05 9.9982E-05 0.621341
0.39637 0.0176587 0.00761121 9.9991E-05 0.57826
0.273537 0.169729 9.9982E-05 9.9982E-05 0.556534
0.396706 0.138846 9.9982E-05 9.9982E-05 0.464248
0.123153 0.107856 0.0904116 0.644723 0.0338554
0.144466 0.16731 0.038418 0.627734 0.0220718
0.236422 9.9982E-05 0.134163 0.629215 9.9982E-05
0.306128 0.075751 9.9991E-05 0.570671 0.0473498
0.669565 0.0436901 0.0236719 0.262973 9.9991E-05
0.00360466 0.0127711 9.9991E-05 0.794389 0.189135
0.151441 0.0928617 0.0583019 0.697296 9.9991E-05
0.0761281 0.22018 0.0927741 0.610818 9.9991E-05
0.0332513 0.289439 0.0204895 0.65672 9.9991E-05
0.229674 0.119796 9.9982E-05 0.650329 9.9982E-05
0.144725 0.696852 9.9982E-05 0.158223 9.9982E-05
0.0341839 0.385317 9.9991E-05 0.552887 0.0275113
0.0508973 0.197022 0.0369872 0.714993 9.9991E-05
0.278428 0.255002 9.9982E-05 0.46637 9.9982E-05
0.798164 0.0722623 9.9991E-05 0.00833152 0.121142
0.780657 0.0531494 9.9991E-05 0.0640383 0.102055
0.945905 0.0179277 9.9982E-05 9.9982E-05 0.035967
0.850559 0.0129074 9.9982E-05 9.9982E-05 0.136333
0.908466 0.00625586 0.0484461 0.0202032 0.0166288
0.872414 9.9982E-05 0.0830579 9.9982E-05 0.0443282
9.9982E-05 9.9982E-05 0.0156842 0.0706228 0.913493
0.0805106 9.9991E-05 0.0811592 0.0251714 0.813059
0.0479971 9.9991E-05 0.139365 0.061037 0.751501
0.0897494 9.9991E-05 0.117661 0.021707 0.770783
0.071366 9.9991E-05 0.0994854 0.0576613 0.771387
0.583327 0.030511 9.9982E-05 9.9982E-05 0.385962
0.400454 0.115301 9.9982E-05 9.9982E-05 0.484046
0.520954 0.049177 9.9982E-05 9.9982E-05 0.429669
0.00497549 9.9991E-05 0.0667942 0.156871 0.771259
0.566107 0.0589386 9.9982E-05 9.9982E-05 0.374754
9.9991E-05 0.0907051 0.418093 0.257894 0.233207
9.9982E-05 9.9982E-05 0.277541 0.531394 0.190865
0.00781977 0.0614686 0.266536 0.349205 0.31497
9.9982E-05 0.291558 0.311334 9.9982E-05 0.396908
0.324202 0.113451 0.0219507 0.540296 9.9991E-05
0.202605 0.332242 0.0670839 0.397969 9.9991E-05
0.558796 9.9991E-05 0.042256 0.310662 0.0881866
0.123769 0.23117 0.101116 0.543845 9.9991E-05
0.222453 0.777247 9.9973E-05 9.9973E-05 9.9973E-05
0.123187 0.160546 0.0452736 0.542112 0.128882
0.431061 0.080362 9.9982E-05 0.488377 9.9982E-05
0.255926 0.501289 9.9982E-05 0.242585 9.9982E-05
0.184098 0.209322 0.143192 0.463289 9.9991E-05
0.344561 9.9991E-05 0.0818062 0.545271 0.0282623
0.0714586 0.139213 0.206076 0.420769 0.162483
0.275566 0.238407 0.11306 0.372868 9.9991E-05
0.21536 0.136838 0.0928819 0.531219 0.0237019
0.197032 0.19824 0.151977 0.452651 9.9991E-05
0.21784 0.134985 0.0835934 0.562373 0.00120898
0.192805 0.0271234 0.178318 0.601584 0.000169784
9.9982E-05 9.9982E-05 0.0677092 0.123115 0.808976
9.9973E-05 9.9973E-05 9.9973E-05 0.155749 0.843951
0.0426754 0.0821771 9.9991E-05 0.0625033 0.812544
0.0492332 0.0328349 0.00858536 0.104978 0.804368
9.9973E-05 9.9973E-05 9.9973E-05 0.118211 0.881489
0.59451 0.0337743 0.111014 0.249267 0.0114345
0.144436 0.0143193 0.108353 0.704846 0.0280454
0.298743 0.0279259 0.0522472 0.561949 0.0591354
0.317265 0.270706 0.153142 0.258787 9.9991E-05
0.637835 0.139913 0.0153659 0.117459 0.0894284
0.32654 9.9991E-05 0.124398 0.543206 0.00575572
0.545079 0.0450286 0.032846 0.292795 0.0842521
0.179003 0.271167 0.171452 0.374664 0.00371346
0.485164 0.190768 0.00751348 0.16514 0.151415
0.5228 0.113669 0.0676452 0.239536 0.0563491
0.307421 0.20269 0.127089 0.3627 9.9991E-05
0.0439784 0.513963 0.0343814 0.356521 0.0511569
0.114983 0.0897416 9.9991E-05 0.637417 0.157759
0.0916246 0.426142 0.0193905 0.447424 0.0154187
0.085994 0.277828 0.0422872 0.522575 0.0713149
0.10698 0.704903 9.9982E-05 0.187918 9.9982E-05
9.9982E-05 0.603776 9.9982E-05 0.389443 0.00658175
0.0930259 0.299626 0.0508737 0.509599 0.0468746
0.0508723 0.64856 9.9991E-05 0.267378 0.0330899
0.126858 0.227615 0.117889 0.49346 0.034178
0.598792 0.122136 0.00635073 0.272622 9.9991E-05
0.304009 0.356243 0.0806875 0.258961 9.9991E-05
0.417321 0.0478373 0.136867 0.397875 9.9991E-05
0.0954027 0.0854052 0.124768 0.638194 0.0562301
0.471913 0.124628 0.0237146 0.379645 9.9991E-05
0.25853 0.037259 0.146166 0.520361 0.0376838
0.296449 0.0145303 0.0609941 0.52783 0.100197
0.489176 0.0350395 0.0925328 0.383152 9.9991E-05
0.368824 0.132678 0.17753 0.320868 9.9991E-05
0.202143 0.0367054 0.143965 0.617087 9.9991E-05
0.219376 0.13819 0.12059 0.478263 0.0435811
0.244286 0.012854 0.109734 0.633026 9.9991E-05
0.390159 0.00782293 0.0933237 0.466863 0.0418317
0.278153 0.0628349 0.104465 0.447084 0.107463
9.9991E-05 0.0618214 0.17847 0.421393 0.338216
9.9991E-05 0.075199 0.315066 0.450069 0.159566
0.091737 0.0567829 0.187814 0.604014 0.0596521
9.9991E-05 0.0129396 0.217616 0.533886 0.235458
0.228808 0.173858 0.104325 0.492909 9.9991E-05
9.9982E-05 0.567353 0.193134 9.9982E-05 0.239313
0.154513 9.9991E-05 0.238773 0.489496 0.117118
0.0885352 9.9991E-05 0.240647 0.51169 0.159028
0.00533594 0.218096 0.162582 0.418318 0.195668
0.0676283 0.0283488 0.319752 0.416922 0.167349
9.9982E-05 0.324507 0.190929 9.9982E-05 0.484364
9.9991E-05 0.012571 0.215178 0.53685 0.2353
0.0364568 9.9991E-05 0.166372 0.579732 0.217339
0.0752108 0.246138 0.116161 0.539959 0.022531
0.0258721 0.717973 9.9982E-05 0.255955 9.9982E-05
0.117792 0.717609 9.9982E-05 0.164399 9.9982E-05
0.0458565 0.12299 0.343272 0.367848 0.120033
9.9991E-05 0.199544 0.428594 0.27876 0.0930017
9.9991E-05 0.282189 0.408243 0.122145 0.187323
9.9991E-05 0.131027 0.353758 0.322433 0.192682
9.9991E-05 0.613091 0.15003 0.151177 0.0856028
9.9991E-05 0.46182 0.129879 0.283702 0.124499
9.9991E-05 0.238436 0.16263 0.591451 0.00738298
9.9991E-05 0.209473 0.13294 0.576746 0.0807419
9.9991E-05 0.460914 0.141898 0.336797 0.060291
0.0110613 0.180445 0.121415 0.560604 0.126475
9.9991E-05 0.180483 0.140474 0.574106 0.104837
0.107099 0.355367 9.9991E-05 0.522851 0.0145833
0.0366789 0.337472 0.0799165 0.513343 0.03259
0.128072 0.275478 0.069227 0.404179 0.123044
9.9991E-05 0.290169 0.011048 0.674638 0.0240453
0.161705 0.454054 9.9982E-05 0.38404 9.9982E-05
9.9991E-05 0.111654 0.0521624 0.784256 0.0518283
0.0754546 0.510423 0.0487966 0.365226 9.9991E-05
0.0451361 0.334186 9.9991E-05 0.576263 0.044315
0.0854774 0.111797 0.372018 0.261336 0.169372
0.124451 0.139464 0.263778 0.264444 0.207863
0.0507571 0.566068 0.165867 0.0126894 0.204619
0.0215528 0.053404 0.342255 0.518079 0.0647091
9.9982E-05 0.463397 0.18293 9.9982E-05 0.353473
0.00669387 0.241711 0.313023 0.429787 0.00878467
9.9973E-05 0.750401 9.9973E-05 0.249299 9.9973E-05
0.0355015 0.851826 9.9982E-05 0.112473 9.9982E-05
0.0304417 0.31814 0.0245949 0.626723 9.9991E-05
9.9982E-05 0.171065 0.156092 0.672643 9.9982E-05
0.0519891 0.383325 0.0251536 0.539432 9.9991E-05
0.0755658 0.242931 0.0298708 0.651533 9.9991E-05
9.9991E-05 0.337765 0.0593218 0.589369 0.0134439
0.0577871 9.9991E-05 0.0742544 0.0482898 0.819569
0.201594 9.9982E-05 0.0881774 9.9982E-05 0.710029
0.0813832 9.9982E-05 0.0460433 9.9982E-05 0.872374
9.9982E-05 0.0214462 0.0344095 9.9982E-05 0.943944
0.0467216 0.102413 9.9991E-05 0.768631 0.0821348
0.042368 0.100998 9.9991E-05 0.794901 0.0616328
0.187563 0.316072 9.9991E-05 0.484316 0.0119487
9.9991E-05 0.100787 0.04482 0.795042 0.0592512
9.9982E-05 0.352305 9.9982E-05 0.627757 0.019738
0.0572565 0.01282 0.280766 0.413215 0.235942
9.9982E-05 0.305947 0.125577 0.568277 9.9982E-05
0.236603 0.139303 9.9982E-05 0.623894 9.9982E-05
0.0697091 0.173279 0.0383095 0.711262 0.00744018
0.106041 0.172549 9.9991E-05 0.668392 0.0529189
9.9991E-05 0.227117 0.0734957 0.680144 0.0191438
9.9973E-05 0.542369 9.9973E-05 0.457331 9.9973E-05
9.9982E-05 0.390232 0.00160286 0.607965 9.9982E-05
0.115119 0.254138 9.9991E-05 0.599281 0.0313624
9.9973E-05 0.821143 9.9973E-05 0.178557 9.9973E-05
0.175634 0.177939 9.9991E-05 0.625397 0.0209304
9.9973E-05 0.633268 9.9973E-05 0.366432 9.9973E-05
9.9973E-05 0.815517 9.9973E-05 0.184183 9.9973E-05
0.147651 9.9991E-05 0.112754 0.710584 0.0289107
0.160884 0.308833 9.9991E-05 0.494374 0.0358085
0.154873 0.108034 0.0735234 0.588811 0.0747581
0.11626 0.178632 0.00797151 0.697036 9.9991E-05
0.297145 0.222196 0.104275 0.376284 9.9991E-05
0.088162 0.0163461 0.0312711 0.767703 0.096518
0.125829 0.102037 0.0214595 0.723299 0.0273758
9.9973E-05 0.376099 9.9973E-05 0.623601 9.9973E-05
0.304631 0.028578 0.00475746 9.9991E-05 0.661934
0.130221 0.0292714 0.00300841 0.0789039 0.758596
0.149532 0.0390067 9.9982E-05 9.9982E-05 0.811261
0.148769 0.0124082 9.9982E-05 9.9982E-05 0.838623
0.193149 0.0625541 9.9991E-05 0.0321077 0.712089
0.216324 0.280409 9.9991E-05 0.472493 0.0306728
0.202549 0.297076 9.9991E-05 0.491086 0.00918882
9.9973E-05 0.521541 9.9973E-05 0.478159 9.9973E-05
9.9982E-05 0.356249 9.9982E-05 0.602582 0.0409698
0.0463304 0.119879 0.0882164 0.739724 0.00585042
9.9982E-05 0.21943 9.9982E-05 0.692551 0.0878191
0.0929965 0.177242 0.0773936 0.633144 0.0192239
0.189626 0.24724 9.9982E-05 0.562934 9.9982E-05
0.101031 0.210071 9.9991E-05 0.665676 0.023122
0.176976 0.158732 9.9982E-05 0.664092 9.9982E-05
0.0904908 0.0460184 0.0291468 0.671916 0.162428
0.0666303 0.141575 9.9991E-05 0.71162 0.0800749
0.00645397 0.220227 0.016734 0.694769 0.0618158
9.9982E-05 9.9982E-05 0.506398 0.319792 0.17361
0.0367366 0.0786262 0.645657 0.167228 0.071752
9.9991E-05 0.255062 0.0247444 0.628702 0.0913919
9.9991E-05 0.0437813 0.653888 0.0178418 0.284388
9.9991E-05 0.00118471 0.496134 0.324391 0.178191
9.9991E-05 0.184498 0.200054 0.387678 0.22767
0.0693979 0.103005 0.0591128 0.595976 0.172508
0.0482336 0.239658 0.0901958 0.467656 0.154257
9.9982E-05 9.9982E-05 0.498395 0.314491 0.186914
9.9991E-05 0.00995873 0.538163 0.396028 0.0557502
0.0666141 9.9991E-05 0.577757 0.250723 0.104806
9.9991E-05 0.0507629 0.50646 0.288534 0.154143
9.9991E-05 0.24506 0.0168234 0.567582 0.170435
9.9991E-05 0.0220603 0.647997 0.141564 0.188279
0.191003 0.336004 0.020157 0.26234 0.190496
0.142332 0.0397781 0.17458 0.636472 0.00683744
0.0475972 0.0883665 0.0631262 0.61689 0.18402
0.048736 0.104988 9.9991E-05 0.629705 0.21647
0.0068174 0.161589 0.235783 0.384014 0.211796
9.9991E-05 0.116401 0.343123 0.297484 0.242892
9.9991E-05 0.0109593 0.571845 0.148896 0.2682
0.0681088 0.160659 9.9991E-05 0.616183 0.154949
0.00186041 0.557778 0.0943628 0.208968 0.137031
0.204438 0.171388 0.0749568 0.436457 0.112759
9.9991E-05 0.0777953 0.218813 0.499434 0.203858
9.9982E-05 0.468719 0.218176 9.9982E-05 0.312905
9.9982E-05 0.507269 0.135688 9.9982E-05 0.356842
0.0822837 0.309523 0.206394 0.257367 0.144432
9.9982E-05 0.426603 0.26444 9.9982E-05 0.308757
9.9982E-05 0.324328 0.244593 9.9982E-05 0.430879
0.10515 0.270059 0.242319 0.26251 0.119962
9.9991E-05 0.127616 0.21187 0.372557 0.287858
9.9991E-05 0.297864 0.249109 0.163703 0.289224
9.9991E-05 0.413009 0.232301 0.048637 0.305952
9.9991E-05 0.142098 0.144966 0.49265 0.220186
0.0299898 0.431477 0.182857 0.106498 0.249178
9.9982E-05 0.426152 0.125303 9.9982E-05 0.448345
0.043663 0.12374 0.33812 0.305129 0.189348
0.0741348 9.9991E-05 0.188685 0.404804 0.332276
9.9982E-05 9.9982E-05 0.303036 0.52438 0.172384
9.9982E-05 9.9982E-05 0.305062 0.451256 0.243483
9.9982E-05 9.9982E-05 0.240531 0.374397 0.384873
0.0422553 9.9991E-05 0.227066 0.481797 0.248782
0.0359578 9.9991E-05 0.297003 0.413798 0.253141
0.0282317 0.102945 0.278182 0.33922 0.251422
0.23404 0.101186 0.192015 0.360562 0.112197
0.0674771 9.9991E-05 0.363478 0.2485 0.320444
9.9991E-05 0.241845 0.297935 0.0978929 0.362227
9.9991E-05 0.122028 0.369214 0.209785 0.298872
0.183118 0.00874712 9.9982E-05 9.9982E-05 0.807935
0.788371 0.0729341 0.0442813 0.0509728 0.0434409
0.971985 9.9973E-05 9.9973E-05 9.9973E-05 0.0277153
0.9996 9.997E-05 9.997E-05 9.997E-05 9.997E-05
0.965454 9.9982E-05 0.0018065 0.0325396 9.9982E-05
0.946137 9.9973E-05 0.0535626 9.9973E-05 9.9973E-05
0.967501 9.9973E-05 9.9973E-05 0.0321991 9.9973E-05
0.967517 9.9973E-05 9.9973E-05 9.9973E-05 0.0321832
0.814029 9.9973E-05 9.9973E-05 9.9973E-05 0.185671
0.0194342 9.9991E-05 0.00639488 0.0232846 0.950786
0.140342 9.9991E-05 0.0435864 0.0256431 0.790329
9.99872E-05 0.0391056 0.0275114 9.99872E-05 0.933183
0.103886 0.000923081 9.9991E-05 0.0447635 0.850327
0.0401468 9.9982E-05 0.0689025 9.9982E-05 0.890751
0.113285 9.9973E-05 9.9973E-05 9.9973E-05 0.886415
0.0462685 0.0297581 0.125989 0.0731499 0.724834
0.0134837 9.9991E-05 0.0486473 0.0367908 0.900978
0.178219 9.9991E-05 0.0119655 0.0930712 0.716644
9.9982E-05 9.9982E-05 0.0364843 0.0376476 0.925668
0.0668467 0.0126579 9.9982E-05 9.9982E-05 0.920295
0.045275 9.9991E-05 0.0411004 0.0304539 0.883071
0.022533 0.0112463 9.9982E-05 9.9982E-05 0.966021
9.9991E-05 0.0248808 0.0408613 0.0469235 0.887234
9.9982E-05 9.9982E-05 0.0332404 0.0958699 0.87069
9.9982E-05 9.9982E-05 0.080425 0.0841571 0.835218
9.9982E-05 9.9982E-05 0.192738 0.0461897 0.760872
9.9982E-05 9.9982E-05 0.0886324 0.114412 0.796755
9.9982E-05 9.9982E-05 0.0745736 0.112099 0.813128
0.0286496 0.363969 0.0400252 0.368207 0.199149
0.0366085 0.00741202 9.9991E-05 0.785661 0.170219
9.9991E-05 0.672412 0.0423339 0.208792 0.0763625
0.12884 0.0544338 0.0272654 0.592263 0.197198
9.9991E-05 0.656893 0.0635157 0.125272 0.15422
9.9991E-05 0.191022 0.152454 0.598135 0.0582883
0.15472 0.155823 9.9991E-05 0.535191 0.154167
0.158564 0.170682 0.0163846 0.558768 0.0956004
0.0683289 0.142686 9.9991E-05 0.688732 0.100152
0.174158 0.147916 0.057373 0.467755 0.152798
0.114568 0.0819819 0.0740357 0.612707 0.116707
0.388108 0.417962 0.0619998 0.13183 9.9991E-05
0.0332462 0.842116 9.9991E-05 0.037814 0.0867239
0.0189079 0.674714 0.051474 0.153489 0.101415
9.9991E-05 0.212175 0.0760495 0.582949 0.128726
9.9991E-05 0.219039 0.0191759 0.602961 0.158724
0.0181592 0.0651741 0.200944 0.502816 0.212906
9.9982E-05 9.9982E-05 0.163142 0.609165 0.227492
0.123329 0.104475 0.181126 0.150132 0.440938
0.0975129 0.0339211 0.209913 0.421487 0.237166
9.9982E-05 0.399359 0.209149 9.9982E-05 0.391292
9.9991E-05 0.168513 0.250121 0.295649 0.285616
0.0895525 9.9991E-05 0.257001 0.275668 0.377678
0.121773 9.9991E-05 0.139645 0.396788 0.341694
0.101361 0.0174103 0.298408 0.44656 0.13626
0.0127011 0.149393 0.245968 0.358362 0.233576
0.0397244 9.9991E-05 0.208387 0.293519 0.458269
