0.0343348 9.9982E-05 0.0332255 0.8382 0.0352398 9.9982E-05 0.0587997
0.0355113 9.9973E-05 9.9973E-05 0.920562 9.9973E-05 0.0343369 0.00929004
9.9982E-05 0.110906 0.0223591 0.813785 0.0198777 9.9982E-05 0.0328727
9.9973E-05 9.9973E-05 0.0416073 0.794929 0.0682807 9.9973E-05 0.0948835
9.9973E-05 0.046999 0.0606913 0.853358 0.0386516 9.9973E-05 9.9973E-05
9.999E-05 0.0801852 0.0982594 0.603014 0.0561952 0.143024 0.019222
9.9973E-05 9.9973E-05 0.0595719 0.765198 9.9973E-05 0.140784 0.0341463
9.9973E-05 0.0273705 0.160625 0.636617 9.9973E-05 0.175087 9.9973E-05
0.0148006 9.9982E-05 0.111307 0.820885 9.9982E-05 0.02794 0.0248675
9.9982E-05 0.150753 0.0893783 0.633236 0.0208636 0.105569 9.9982E-05
9.9973E-05 0.0482008 0.0998166 0.704532 9.9973E-05 0.147151 9.9973E-05
0.0379215 0.159729 0.00977296 0.0106234 0.0443428 9.9991E-05 0.73751
0.0173844 0.493614 0.0631067 9.9982E-05 0.0517537 9.9982E-05 0.373941
0.0300718 0.122715 9.9991E-05 0.0236746 0.0789083 0.0183744 0.726156
9.9973E-05 0.111464 9.9973E-05 0.0154715 0.196661 9.9973E-05 0.676104
0.0464818 0.320202 9.9991E-05 0.120528 0.137552 0.016027 0.35911
0.0654707 0.428129 0.0101965 9.9982E-05 0.145789 9.9982E-05 0.350215
0.0129809 0.159862 9.9982E-05 0.152951 0.0697625 9.9982E-05 0.604243
9.9964E-05 9.9964E-05 9.9964E-05 0.0289593 9.9964E-05 0.0957191 0.874922
0.153313 0.32103 0.0207683 0.0466994 0.0954883 0.00867574 0.354025
9.9982E-05 0.399664 0.065317 9.9982E-05 0.0455452 0.229998 0.259276
0.0336602 0.565445 9.9982E-05 0.0856201 0.0232669 9.9982E-05 0.291807
9.9973E-05 0.219703 9.9973E-05 0.0244403 0.104516 9.9973E-05 0.651041
0.0475316 0.392209 9.9982E-05 9.9982E-05 0.161237 0.0328619 0.36596
0.0026986 0.062353 9.9982E-05 0.0457107 0.0367214 9.9982E-05 0.852316
0.019503 0.0100936 9.9991E-05 0.00274643 0.198061 0.00648732 0.763008
9.9973E-05 0.159245 9.9973E-05 9.9973E-05 0.0294421 0.0912838 0.719729
9.9964E-05 0.174936 9.9964E-05 0.799238 0.0254262 9.9964E-05 9.9964E-05
9.9964E-05 0.205375 9.9964E-05 0.788762 9.9964E-05 9.9964E-05 0.00546364
9.9964E-05 0.173083 9.9964E-05 0.806416 9.9964E-05 9.9964E-05 0.0201006
0.135311 0.0142213 9.9973E-05 0.716829 0.133338 9.9973E-05 9.9973E-05
0.206195 0.511803 0.0560182 0.0288096 0.0406797 9.9991E-05 0.156394
0.37195 0.557396 9.9973E-05 0.0452067 9.9973E-05 0.0251475 9.9973E-05
0.0198495 0.108717 0.119767 0.0704716 9.9991E-05 0.03825 0.642844
0.549264 0.254358 9.9982E-05 0.0504456 0.102368 0.0433648 9.9982E-05
0.220724 0.628782 0.0260349 0.124159 9.9973E-05 9.9973E-05 9.9973E-05
9.9982E-05 0.605371 0.0587765 0.0820888 9.9982E-05 0.217298 0.0362652
0.132415 0.622494 0.0654274 0.145159 0.0135298 0.0208754 9.9991E-05
0.587869 0.152232 0.00537504 0.0420717 9.9982E-05 9.9982E-05 0.212252
0.0659058 0.64889 0.0179907 0.0395938 0.0327436 0.194776 9.9991E-05
0.639983 0.359517 9.9955E-05 9.9955E-05 9.9955E-05 9.9955E-05 9.9955E-05
0.663954 9.9973E-05 9.9973E-05 0.0505422 9.9973E-05 0.268996 0.0162075
0.165136 0.106953 0.140613 9.9982E-05 9.9982E-05 0.139296 0.447802
0.176894 0.0850901 9.9991E-05 0.0023264 0.035717 0.36893 0.330942
0.183369 0.196917 0.122043 0.073648 9.9991E-05 0.0923771 0.331546
9.999E-05 0.523787 0.130409 0.0192986 0.0423706 0.0647715 0.219264
0.0851222 0.306025 0.00196859 0.136117 9.9991E-05 0.125672 0.344995
0.0408989 0.03521 0.0406368 0.190079 0.0473927 0.161516 0.484267
0.102161 0.306811 0.0118604 0.102058 0.0690439 0.0169695 0.391096
0.0823397 0.0244491 0.0909578 0.0955521 9.9991E-05 0.135575 0.571027
0.0512833 0.443797 9.9982E-05 0.0303229 9.9982E-05 0.0166978 0.457699
0.204521 0.611648 9.9973E-05 9.9973E-05 0.0782594 0.105272 9.9973E-05
0.21844 0.219051 0.0104617 0.0569331 0.0684193 0.0402101 0.386485
9.9991E-05 0.467231 0.0203331 0.0242156 0.028473 0.173748 0.2859
0.171799 0.119932 0.0421717 0.0299293 0.0216093 0.0970687 0.51749
0.409254 0.548219 0.042127 9.9964E-05 9.9964E-05 9.9964E-05 9.9964E-05
0.658076 0.179766 9.9973E-05 0.0278981 9.9973E-05 9.9973E-05 0.13396
0.870707 9.9955E-05 9.9955E-05 9.9955E-05 9.9955E-05 0.128793 9.9955E-05
0.84167 9.9964E-05 9.9964E-05 9.9964E-05 9.9964E-05 0.103426 0.0545037
0.727757 0.220656 0.011086 9.9982E-05 0.0274483 9.9982E-05 0.0128524
0.47842 0.452414 9.9973E-05 9.9973E-05 0.0225969 9.9973E-05 0.0462696
0.41723 0.470507 0.0510553 9.9982E-05 0.0458893 9.9982E-05 0.0151184
0.633022 0.120761 0.0927056 0.0363124 0.0395465 9.9991E-05 0.0775525
0.492545 0.261207 0.231327 9.9982E-05 0.00140513 9.9982E-05 0.013315
0.541448 0.283179 9.9982E-05 0.03572 0.0198209 9.9982E-05 0.119632
0.373186 0.471418 0.0506158 0.0443452 9.9982E-05 9.9982E-05 0.0602347
0.487577 0.412204 0.00239154 9.9973E-05 9.9973E-05 0.097527 9.9973E-05
0.666844 9.9955E-05 9.9955E-05 9.9955E-05 9.9955E-05 0.332656 9.9955E-05
9.9973E-05 0.106112 9.9973E-05 0.787416 0.00747144 9.9973E-05 0.0987004
9.9955E-05 0.0977909 9.9955E-05 0.901709 9.9955E-05 9.9955E-05 9.9955E-05
9.9973E-05 0.111344 0.0085625 0.865021 0.0147728 9.9973E-05 9.9973E-05
9.9973E-05 0.0397218 9.9973E-05 0.946569 0.00109299 0.0123158 9.9973E-05
9.9973E-05 0.0705345 9.9973E-05 0.863274 0.0505608 0.0153305 9.9973E-05
0.0334052 9.9982E-05 0.0271811 0.847417 0.060567 0.0312295 9.9982E-05
9.9955E-05 0.0840786 9.9955E-05 0.915422 9.9955E-05 9.9955E-05 9.9955E-05
0.767167 0.0286905 9.9982E-05 0.0116719 9.9982E-05 0.0186757 0.173595
0.401965 0.403471 9.9982E-05 0.019583 0.0141129 9.9982E-05 0.160668
0.265147 0.647673 9.9964E-05 0.0867803 9.9964E-05 9.9964E-05 9.9964E-05
0.307021 0.554633 9.9991E-05 0.0154792 0.0406021 0.00195712 0.0802077
0.418541 0.510841 9.9973E-05 0.0251663 0.0451513 9.9973E-05 9.9973E-05
0.703729 9.9973E-05 0.0268075 0.0706913 9.9973E-05 9.9973E-05 0.198472
0.581399 0.233029 9.9982E-05 0.0179547 0.0504156 0.117002 9.9982E-05
0.353944 0.590952 9.9973E-05 0.0217183 9.9973E-05 0.0330855 9.9973E-05
0.394609 0.408515 9.9982E-05 0.0199567 0.0479447 9.9982E-05 0.128775
0.653502 0.185446 9.9964E-05 9.9964E-05 0.160652 9.9964E-05 9.9964E-05
0.392626 0.423954 9.9973E-05 0.0959338 9.9973E-05 9.9973E-05 0.0871857
0.162486 0.121832 9.9991E-05 0.00929841 0.0328329 0.178223 0.495228
0.0378701 0.354546 0.106803 0.0982853 0.0993235 0.00126286 0.30191
9.9973E-05 0.444535 0.0536825 0.042324 9.9973E-05 9.9973E-05 0.459158
9.9982E-05 0.622538 0.0331776 0.0362926 9.9982E-05 0.00898366 0.298808
9.9982E-05 0.385981 0.0948993 0.0243749 0.0269116 9.9982E-05 0.467633
9.9973E-05 0.522311 9.9973E-05 0.0354914 9.9973E-05 0.0361575 0.40574
0.00590539 0.527465 0.132795 0.0581425 9.9982E-05 9.9982E-05 0.275492
0.0740007 0.489827 0.107092 9.9982E-05 0.0796027 9.9982E-05 0.249278
0.0483412 0.455445 0.122378 9.9991E-05 0.0819582 0.0504774 0.2413
9.9982E-05 0.372233 0.00838781 0.0541204 9.9982E-05 0.182821 0.382238
9.9982E-05 0.685622 0.0236209 0.00765473 0.0716768 9.9982E-05 0.211226
9.9991E-05 0.706433 0.0287569 0.0177248 0.0164574 0.145939 0.0845893
0.178019 0.273867 0.0830342 0.0281788 0.0348987 0.0866216 0.315381
0.0416153 0.116344 0.049253 9.9991E-05 0.0263229 0.296752 0.469613
0.239632 0.040866 0.0886123 9.9991E-05 0.0643254 0.268227 0.298237
0.0883784 0.205773 0.0397979 9.9982E-05 9.9982E-05 0.016426 0.649425
0.105271 0.378153 0.0559592 9.9982E-05 9.9982E-05 0.0614608 0.398956
0.110507 0.302611 0.170764 9.9973E-05 9.9973E-05 9.9973E-05 0.415818
0.106239 0.21802 0.122342 0.0308573 9.9982E-05 9.9982E-05 0.522342
0.0993989 0.506327 9.9982E-05 0.0478765 0.121144 9.9982E-05 0.225054
0.0660862 0.154528 0.0171428 9.9991E-05 0.0613923 0.186351 0.514399
0.0421645 0.502978 0.075945 0.0348851 0.0638246 0.280102 9.9991E-05
0.140095 0.0317005 0.0617085 0.130206 9.9991E-05 0.517385 0.118805
0.173009 0.361313 0.104536 0.0631689 0.0566952 0.17002 0.0712584
0.0219453 0.569112 0.0264214 0.173029 9.9991E-05 0.138758 0.0706347
0.0832997 0.28331 0.0634613 0.0481156 9.9991E-05 0.422485 0.0992281
0.0651778 0.243232 0.0978064 0.0419188 9.9991E-05 0.478811 0.0729546
0.0580776 0.484748 0.0947592 0.00773456 9.9991E-05 0.229286 0.125295
0.360084 9.9982E-05 9.9982E-05 0.0962591 0.121257 0.275493 0.146707
0.229874 0.410971 0.0250453 9.9982E-05 9.9982E-05 0.27532 0.05859
0.109345 0.543257 0.0229552 9.9982E-05 9.9982E-05 0.194745 0.129498
9.9982E-05 0.1399 9.9982E-05 0.252866 0.233867 0.243712 0.129454
9.9964E-05 9.9964E-05 9.9964E-05 0.482641 0.148376 0.368583 9.9964E-05
9.9964E-05 9.9964E-05 9.9964E-05 0.347014 0.157746 0.494841 9.9964E-05
9.9982E-05 0.00517539 9.9982E-05 0.332555 0.365342 0.211279 0.0854494
0.0405188 0.71336 9.9964E-05 9.9964E-05 9.9964E-05 0.245722 9.9964E-05
0.000792658 0.254715 9.9973E-05 9.9973E-05 0.685285 9.9973E-05 0.0589069
0.115196 0.377991 9.9973E-05 9.9973E-05 9.9973E-05 0.458498 0.0480153
0.0768478 0.238973 9.9964E-05 9.9964E-05 9.9964E-05 0.683779 9.9964E-05
0.14418 0.60953 0.0432412 0.0078827 9.9982E-05 0.194967 9.9982E-05
0.0906484 0.483703 0.0191871 0.0704887 9.9991E-05 0.248383 0.0874905
9.9982E-05 0.610061 0.0271946 9.9982E-05 0.0145151 0.306688 0.0413407
0.0976911 0.223872 0.0280955 9.9982E-05 9.9982E-05 0.521946 0.128196
0.00990648 0.00489625 9.9973E-05 9.9973E-05 0.966143 0.0187547 9.9973E-05
9.9964E-05 0.140287 0.0112931 9.9964E-05 0.84802 9.9964E-05 9.9964E-05
9.9964E-05 0.307428 0.0225478 9.9964E-05 0.669625 9.9964E-05 9.9964E-05
9.9955E-05 0.171776 9.9955E-05 9.9955E-05 0.827724 9.9955E-05 9.9955E-05
9.995E-05 9.995E-05 9.995E-05 9.995E-05 0.9994 9.995E-05 9.995E-05
9.9964E-05 9.9964E-05 0.0520045 9.9964E-05 0.947046 0.00054916 9.9964E-05
9.9955E-05 0.21113 9.9955E-05 9.9955E-05 0.78837 9.9955E-05 9.9955E-05
9.9964E-05 0.0661681 0.00513744 9.9964E-05 0.928295 9.9964E-05 9.9964E-05
9.995E-05 9.995E-05 9.995E-05 9.995E-05 0.9994 9.995E-05 9.995E-05
9.995E-05 9.995E-05 9.995E-05 9.995E-05 0.9994 9.995E-05 9.995E-05
9.9973E-05 0.231055 9.9973E-05 0.03915 0.697951 9.9973E-05 0.0315443
9.9973E-05 0.154657 0.0420051 0.00816448 0.794874 9.9973E-05 9.9973E-05
9.995E-05 9.995E-05 9.995E-05 9.995E-05 0.9994 9.995E-05 9.995E-05
0.00054153 0.200394 0.0294254 0.0362192 0.705004 0.0283152 9.9991E-05
9.9973E-05 0.12238 0.0124713 0.0213503 0.843499 9.9973E-05 9.9973E-05
9.9964E-05 0.0372505 0.00243403 9.9964E-05 0.959916 9.9964E-05 9.9964E-05
9.9964E-05 0.0374492 9.9964E-05 0.0676277 0.894523 9.9964E-05 9.9964E-05
9.995E-05 9.995E-05 9.995E-05 9.995E-05 0.9994 9.995E-05 9.995E-05
0.018762 0.2336 9.9982E-05 0.0422349 0.608698 9.9982E-05 0.096506
9.9955E-05 9.9955E-05 9.9955E-05 9.9955E-05 0.908299 9.9955E-05 0.0912016
9.9973E-05 9.9973E-05 9.9973E-05 0.269382 0.0696447 0.631497 0.0291764
9.9991E-05 0.433199 0.073389 0.196358 0.027365 0.191632 0.0779576
0.0594802 0.495708 0.105767 0.164323 0.0343746 0.140247 9.9991E-05
9.9982E-05 0.175307 0.0416639 0.196696 0.101764 0.48437 9.9982E-05
9.9973E-05 0.277314 9.9973E-05 0.217482 0.0732389 0.431665 9.9973E-05
0.0238304 0.287237 9.9982E-05 0.133654 0.174141 0.380937 9.9982E-05
9.9982E-05 0.422021 0.0245434 0.167532 0.140468 0.245235 9.9982E-05
9.9973E-05 0.312961 9.9973E-05 0.154344 0.19271 0.339685 9.9973E-05
0.00556902 0.0547766 0.102575 0.83678 9.9973E-05 9.9973E-05 9.9973E-05
9.9982E-05 0.0230632 9.9982E-05 0.938674 0.0213191 0.00807951 0.0086641
0.0045676 9.9982E-05 0.0438757 0.924082 9.9982E-05 0.0191928 0.00808174
9.9973E-05 0.0143 0.0638109 0.91792 9.9973E-05 9.9973E-05 0.0036694
9.9982E-05 0.0341586 0.0184317 0.894929 9.9982E-05 0.00858782 0.0436926
9.9964E-05 9.9964E-05 9.9964E-05 0.887726 0.0982582 9.9964E-05 0.0136162
9.9973E-05 0.0362917 0.0139382 0.871148 0.0783223 9.9973E-05 9.9973E-05
9.9964E-05 9.9964E-05 0.00770019 0.904028 9.9964E-05 0.0878719 9.9964E-05
0.0587844 0.00426911 9.9982E-05 0.910279 0.0142064 9.9982E-05 0.0122617
9.9973E-05 9.9973E-05 9.9973E-05 0.858027 0.0634381 0.0527615 0.0254735
0.170035 9.9973E-05 0.136178 0.599942 9.9973E-05 9.9973E-05 0.0935446
0.0616893 9.9973E-05 0.194358 0.57882 9.9973E-05 9.9973E-05 0.164833
0.059809 9.9982E-05 0.13661 0.511089 9.9982E-05 0.109376 0.182915
0.0967352 9.9982E-05 0.176456 0.453242 9.9982E-05 0.02442 0.248947
0.210397 0.521784 9.9973E-05 0.0211403 9.9973E-05 9.9973E-05 0.246379
0.261554 0.511304 0.105916 0.0315161 0.0513792 9.9991E-05 0.0382308
0.100249 0.517574 0.0568802 0.0229349 0.0673015 9.9991E-05 0.23496
0.181492 0.411688 0.0402352 0.0289898 9.9991E-05 0.0155705 0.321924
0.032323 0.0960365 0.171043 9.9973E-05 9.9973E-05 9.9973E-05 0.700298
0.239555 0.575374 0.0372575 0.0691783 0.00351475 9.9991E-05 0.0750209
0.319013 0.590352 0.0620916 9.9973E-05 9.9973E-05 9.9973E-05 0.0282436
0.320283 0.518427 0.0433779 9.9991E-05 0.0236715 0.0416391 0.0525023
0.552699 0.368062 0.00900262 9.9982E-05 0.013032 0.0570043 9.9982E-05
0.419712 0.396958 0.104111 9.9982E-05 0.00866977 9.9982E-05 0.0703485
0.782901 9.9973E-05 0.027622 9.9973E-05 9.9973E-05 0.159983 0.0291939
0.548041 0.29756 0.0102668 9.9973E-05 9.9973E-05 0.143833 9.9973E-05
0.391042 0.521302 9.9982E-05 0.00997208 9.9982E-05 0.054808 0.0226754
0.60832 0.12389 0.0699726 0.0417086 9.9982E-05 9.9982E-05 0.155908
9.9973E-05 9.9973E-05 0.930286 0.0172716 0.0299334 0.022209 9.9973E-05
9.9964E-05 0.0610541 0.905659 9.9964E-05 9.9964E-05 0.0328866 9.9964E-05
9.995E-05 9.995E-05 0.9994 9.995E-05 9.995E-05 9.995E-05 9.995E-05
0.0193329 9.9973E-05 0.953835 0.00645788 9.9973E-05 0.0200744 9.9973E-05
0.00901564 0.0604057 0.870619 9.9982E-05 0.0279533 9.9982E-05 0.031806
9.9955E-05 9.9955E-05 0.895999 9.9955E-05 0.103501 9.9955E-05 9.9955E-05
9.9964E-05 0.111282 9.9964E-05 0.876079 0.012239 9.9964E-05 9.9964E-05
9.9973E-05 0.115313 0.0231021 0.823989 9.9973E-05 9.9973E-05 0.0372956
9.9973E-05 0.151937 0.0105894 0.784826 0.0523479 9.9973E-05 9.9973E-05
9.9973E-05 0.0969399 9.9973E-05 0.779886 0.0548066 9.9973E-05 0.0680678
9.9973E-05 0.103827 9.9973E-05 0.775873 0.0489713 9.9973E-05 0.0710288
0.0373651 9.9982E-05 0.44832 0.333871 9.9982E-05 0.0853548 0.0948891
0.103858 9.9982E-05 0.39064 0.456423 9.9982E-05 0.0257828 0.0230964
0.0715023 9.9973E-05 0.481014 0.422993 9.9973E-05 9.9973E-05 0.0241914
9.9973E-05 0.14076 9.9973E-05 0.798594 0.0180577 9.9973E-05 0.0422888
0.0973828 9.9964E-05 0.558441 0.343776 9.9964E-05 9.9964E-05 9.9964E-05
9.9982E-05 0.290757 0.0166094 0.191185 0.331445 0.169804 9.9982E-05
9.9964E-05 0.554494 9.9964E-05 0.199046 0.24606 9.9964E-05 9.9964E-05
0.0155105 0.286696 0.0766567 0.21299 0.317348 0.0906986 9.9991E-05
9.9964E-05 9.9964E-05 9.9964E-05 0.355019 0.346929 0.297652 9.9964E-05
0.107606 0.371741 0.104165 9.9982E-05 9.9982E-05 0.0663124 0.349976
0.129195 0.313963 0.0356616 9.9991E-05 0.0109782 0.236623 0.273479
9.9973E-05 0.258404 0.0851853 0.0295931 9.9973E-05 9.9973E-05 0.626517
0.182752 0.478926 0.0903925 0.0125358 9.9991E-05 0.156366 0.0789286
0.348294 9.9973E-05 0.0362327 9.9973E-05 9.9973E-05 0.439103 0.176071
0.0870616 0.44584 0.0612969 0.0894499 0.0118497 0.119199 0.185303
0.038904 0.255215 0.0913983 0.0176493 9.9991E-05 0.0663908 0.530343
0.193115 0.0822426 9.9973E-05 9.9973E-05 9.9973E-05 0.316264 0.408079
0.182373 0.356954 0.104811 9.9991E-05 0.0827566 0.176403 0.0966014
0.0881736 0.541943 0.139598 0.0250184 0.0150526 0.00470088 0.185514
0.159774 0.340389 0.041969 0.121242 0.203462 0.0315607 0.101603
9.9973E-05 0.339794 0.0669823 9.9973E-05 9.9973E-05 0.23023 0.362694
0.0854836 0.480649 0.142806 9.9982E-05 9.9982E-05 0.0629892 0.227873
0.0709578 0.469875 9.9982E-05 9.9982E-05 0.108701 0.124015 0.226252
0.107963 0.549559 0.137375 9.9982E-05 9.9982E-05 0.0454108 0.159492
0.0492437 0.548582 0.137544 9.9991E-05 0.123524 0.0815248 0.0594824
9.9964E-05 0.144372 9.9964E-05 0.771342 0.0838864 9.9964E-05 9.9964E-05
0.0920563 0.0420259 9.9973E-05 0.831609 0.0340093 9.9973E-05 9.9973E-05
0.052928 0.0685114 0.031016 0.813894 0.00672644 0.0268239 9.9991E-05
0.0866717 0.0337884 0.0505696 0.763951 0.0648189 9.9982E-05 9.9982E-05
9.9955E-05 0.165498 9.9955E-05 0.834002 9.9955E-05 9.9955E-05 9.9955E-05
9.9991E-05 0.0672336 0.121331 0.0154309 0.0456743 0.00122822 0.749002
9.9982E-05 0.654307 0.00584881 0.0438043 0.0778062 9.9982E-05 0.218034
0.0366722 0.48215 0.132241 0.0460553 9.9982E-05 9.9982E-05 0.302682
0.0579387 0.229744 0.0560644 9.9991E-05 0.102794 0.220872 0.332486
0.0156092 9.9982E-05 0.113264 0.105084 9.9982E-05 0.0729067 0.692937
0.0591675 0.541794 0.160606 0.0274163 9.9991E-05 0.004173 0.206743
0.0202643 0.211251 0.223199 0.0626785 0.0145888 0.017639 0.450379
0.0987973 0.470571 0.129207 0.0600952 9.9991E-05 0.224455 0.0167747
0.0330721 0.00478984 0.0990784 0.128685 9.9991E-05 0.00492782 0.729346
9.9991E-05 0.138569 0.0416793 0.058735 0.0193612 0.0715213 0.670035
0.0655246 0.258866 0.075191 9.9991E-05 0.0971032 0.192084 0.311132
0.0290675 0.374956 0.0460066 9.9982E-05 9.9982E-05 0.51582 0.0339501
0.0205064 0.628424 0.0149912 0.0707465 9.9991E-05 0.209851 0.0553814
9.9964E-05 0.386466 0.0926915 9.9964E-05 9.9964E-05 0.520442 9.9964E-05
0.10348 0.522452 0.106659 0.0539112 9.9982E-05 0.213298 9.9982E-05
0.125614 0.148469 0.089946 9.9973E-05 9.9973E-05 0.635671 9.9973E-05
9.9964E-05 0.345022 0.0460642 9.9964E-05 9.9964E-05 0.608514 9.9964E-05
0.0104374 0.548091 0.101885 9.9973E-05 9.9973E-05 0.339287 9.9973E-05
0.178279 0.212169 0.0544687 9.9982E-05 9.9982E-05 0.547228 0.00765575
0.0745609 0.484352 0.0469359 9.9982E-05 9.9982E-05 0.228865 0.165086
0.202836 9.9982E-05 0.050974 9.9982E-05 0.0218427 0.0343699 0.689777
0.105613 0.216515 0.0272572 9.9982E-05 9.9982E-05 0.231598 0.418817
0.11004 0.161543 0.133523 0.0167266 0.115349 9.9991E-05 0.462719
0.000180119 0.557686 0.194279 0.0227245 0.0930239 0.0556167 0.0764895
0.115606 0.192636 0.0861691 9.9991E-05 0.00468862 0.0105802 0.590221
0.0151974 0.47443 0.0903476 9.9982E-05 0.0979662 9.9982E-05 0.321859
0.0911549 0.454178 0.0635206 0.0171366 0.0284765 9.9991E-05 0.345433
0.12155 0.0885676 0.0622159 9.9982E-05 0.132249 9.9982E-05 0.595218
0.0258707 0.268695 0.185038 0.00593897 0.0932194 9.9991E-05 0.421137
0.0496003 0.516419 0.0445638 0.0436873 0.0664466 0.0396491 0.239634
0.0187658 0.470722 0.0972432 0.016867 9.9991E-05 0.151543 0.244759
9.9982E-05 0.471413 0.0465021 9.9982E-05 0.130047 0.0325746 0.319264
0.0365358 0.239355 0.0998023 0.0646795 0.0729915 0.0515852 0.435051
9.9982E-05 0.439027 0.0840411 0.0294466 0.0576004 9.9982E-05 0.389685
0.0974576 0.370936 9.9982E-05 0.348636 0.119152 9.9982E-05 0.0636178
0.0757463 0.437609 0.00802333 0.104564 0.244067 0.0705189 0.0594711
0.0801365 0.499382 0.0892744 0.00935316 0.140447 0.16182 0.0195873
0.0118107 0.395903 9.9982E-05 0.187138 0.252679 9.9982E-05 0.15227
9.9982E-05 0.49901 0.0322823 9.9982E-05 0.0193837 0.222743 0.226381
0.111693 9.9982E-05 9.9982E-05 0.202166 0.153761 0.439494 0.0926875
9.99889E-05 0.479273 9.99889E-05 0.152418 0.140417 0.146973 0.0807199
0.0640453 0.452625 0.0246976 0.0680203 0.221329 0.0925031 0.0767795
0.0506246 0.261259 9.9991E-05 0.10631 0.186953 0.195269 0.199484
9.9982E-05 0.567776 9.9982E-05 0.15904 0.140453 0.108857 0.0236732
9.9964E-05 9.9964E-05 9.9964E-05 0.43929 0.192302 0.368008 9.9964E-05
9.9982E-05 0.596957 9.9982E-05 0.154245 0.187688 0.0233781 0.037532
0.0100936 0.483441 9.9991E-05 0.180177 0.125174 0.110884 0.0901306
0.139373 0.387753 0.0845432 0.0263117 0.076543 0.187829 0.0976472
0.371923 0.0167426 9.9973E-05 9.9973E-05 9.9973E-05 0.400752 0.210282
0.401475 0.0374589 0.0650003 9.9982E-05 9.9982E-05 0.431488 0.0643779
0.0359395 0.419982 9.9982E-05 0.135591 0.250156 0.158131 9.9982E-05
0.0423206 0.410816 9.9982E-05 0.0836553 0.313453 0.149555 9.9982E-05
9.9991E-05 0.238553 0.0438257 0.191072 0.249348 0.227832 0.0492698
9.9982E-05 0.371198 9.9982E-05 0.133807 0.241767 0.168629 0.0843995
0.0819948 0.245621 0.025148 0.0133212 0.0504191 0.583396 9.9991E-05
0.13543 0.307957 9.9982E-05 0.109019 0.0409585 0.406435 9.9982E-05
0.191022 0.51646 0.00503227 0.0137431 0.181333 0.0923094 9.9991E-05
0.135684 0.536564 9.9991E-05 0.0141889 0.120523 0.155904 0.037036
0.134216 0.341987 9.9991E-05 0.00755985 0.0968591 0.379086 0.0401921
9.9991E-05 0.616339 0.0830895 0.0598422 0.0755498 0.102085 0.0629949
0.0152992 0.559248 0.0927905 0.0250429 0.0804065 0.227113 9.9991E-05
0.149918 0.379675 0.121597 0.0292546 9.9991E-05 0.24939 0.0700651
0.195945 0.458492 0.0391813 9.9982E-05 9.9982E-05 0.191711 0.11447
0.218994 0.352913 0.133323 9.9982E-05 0.101336 0.193235 9.9982E-05
0.0156333 0.589138 9.9973E-05 9.9973E-05 9.9973E-05 0.24276 0.152169
0.122565 0.318204 0.0988027 9.9982E-05 9.9982E-05 0.413137 0.0470912
0.140638 0.674444 9.9973E-05 0.00517607 9.9973E-05 0.179442 9.9973E-05
0.282917 0.26954 0.0482323 9.9991E-05 0.048759 0.279517 0.0709342
0.15647 0.494817 0.0484822 9.9982E-05 0.0458689 0.254162 9.9982E-05
0.0373755 0.260406 0.0747725 0.181669 0.278821 0.166856 9.9991E-05
9.9991E-05 0.347562 0.0875997 0.162252 0.215303 0.103224 0.0839583
0.0980484 9.9982E-05 0.127411 0.112886 0.148429 0.513026 9.9982E-05
9.9982E-05 0.545421 0.121037 0.00561345 0.264728 0.0630006 9.9982E-05
9.9964E-05 9.9964E-05 9.9964E-05 0.322743 0.159253 0.517604 9.9964E-05
0.108449 0.436383 9.9982E-05 0.0311457 0.235171 0.188652 9.9982E-05
0.404593 0.116786 9.9964E-05 9.9964E-05 9.9964E-05 0.478221 9.9964E-05
0.480941 9.9964E-05 9.9964E-05 9.9964E-05 9.9964E-05 0.472608 0.0460504
0.204197 0.49886 9.9973E-05 9.9973E-05 9.9973E-05 0.17369 0.122954
0.171069 0.685639 9.9973E-05 9.9973E-05 9.9973E-05 0.0997363 0.043255
0.151063 0.489941 9.9973E-05 9.9973E-05 9.9973E-05 0.293339 0.065357
0.21407 0.566763 0.0275104 9.9982E-05 0.0252379 0.166219 9.9982E-05
0.150973 0.639147 0.0396181 9.9982E-05 9.9982E-05 0.163257 0.00680414
9.9982E-05 0.0847152 0.00605728 0.776412 0.106512 0.0261045 9.9982E-05
9.9973E-05 9.9973E-05 0.0888063 0.70584 0.106102 9.9973E-05 0.0989525
9.9973E-05 0.00953571 9.9973E-05 0.873084 0.0369114 9.9973E-05 0.0801687
9.9973E-05 0.0322938 9.9973E-05 0.916354 0.0249596 0.0260931 9.9973E-05
0.340999 0.50094 9.9973E-05 0.0735006 9.9973E-05 9.9973E-05 0.0842605
0.392411 0.492248 9.9973E-05 0.0615198 9.9973E-05 9.9973E-05 0.0535211
0.557956 0.210892 0.0524158 0.04721 9.9982E-05 9.9982E-05 0.131327
0.323589 0.558341 0.00718203 9.9982E-05 0.0942825 9.9982E-05 0.016405
0.454404 0.358166 0.0125623 9.9973E-05 9.9973E-05 0.174569 9.9973E-05
0.0141042 0.403936 0.00147797 0.242799 0.182163 0.0392894 0.11623
0.381418 0.446589 9.9982E-05 9.9982E-05 0.0104225 0.124568 0.0368024
0.492219 0.329892 0.0616261 9.9982E-05 0.0136103 9.9982E-05 0.102452
0.413003 0.519513 0.0249827 9.9982E-05 0.0202731 0.0220276 9.9982E-05
0.414852 0.350992 9.9973E-05 9.9973E-05 0.0372758 9.9973E-05 0.196579
0.456531 0.526367 9.9964E-05 0.0167027 9.9964E-05 9.9964E-05 9.9964E-05
0.879407 0.100767 9.9964E-05 9.9964E-05 9.9964E-05 0.0194261 9.9964E-05
0.586039 0.239817 9.9973E-05 9.9973E-05 0.0565335 0.117311 9.9973E-05
0.572222 0.376423 0.0193883 0.0202476 9.9982E-05 9.9982E-05 0.0115186
0.797824 9.9955E-05 9.9955E-05 9.9955E-05 9.9955E-05 0.201676 9.9955E-05
0.412376 0.449808 0.116376 9.9982E-05 0.0053071 9.9982E-05 0.0159332
0.608223 0.135734 0.00240028 9.9973E-05 9.9973E-05 0.253342 9.9973E-05
0.749466 9.9955E-05 9.9955E-05 9.9955E-05 9.9955E-05 0.250034 9.9955E-05
0.30602 0.541922 0.00129205 0.0422929 0.0638652 0.0445082 9.9991E-05
0.617739 0.168083 9.9991E-05 0.0126803 0.00840531 0.026115 0.166877
0.442387 0.408052 0.00330284 0.0274464 0.0616422 9.9991E-05 0.05707
0.401847 0.4035 0.0226834 0.0137321 0.0512465 9.9991E-05 0.106891
0.10181 0.251875 9.9982E-05 9.9982E-05 0.0884799 0.0902053 0.46743
0.37826 0.493826 0.0395784 0.00449049 0.0836453 9.9982E-05 9.9982E-05
0.321578 0.430448 9.9973E-05 9.9973E-05 0.0945404 9.9973E-05 0.153134
0.682862 0.316638 9.9955E-05 9.9955E-05 9.9955E-05 9.9955E-05 9.9955E-05
0.0146752 9.9982E-05 0.177061 0.6514 9.9982E-05 0.0282341 0.12843
0.0494709 0.0352746 9.9991E-05 0.762859 0.00278832 0.0125955 0.136911
9.9973E-05 9.9973E-05 0.0902232 0.808332 9.9973E-05 0.0425551 0.0585898
9.9955E-05 9.9955E-05 0.183342 0.816158 9.9955E-05 9.9955E-05 9.9955E-05
9.9982E-05 0.0553811 0.223951 0.64614 9.9982E-05 0.0469029 0.0274255
0.752829 0.031433 9.9982E-05 0.063145 0.0382588 9.9982E-05 0.114134
0.616051 0.1762 9.9973E-05 0.0809535 9.9973E-05 9.9973E-05 0.126496
0.837932 0.140321 9.9973E-05 9.9973E-05 0.00850868 0.0129382 9.9973E-05
0.518378 0.336886 9.9991E-05 0.015007 0.0424443 0.0652874 0.0218976
0.30994 0.484479 0.017488 9.9982E-05 0.122444 0.0654492 9.9982E-05
0.430299 0.44547 0.012732 0.0645097 0.0467896 9.9982E-05 9.9982E-05
0.313866 0.548072 0.0812279 9.9982E-05 9.9982E-05 0.0479265 0.00870807
0.56036 0.202683 0.0259601 9.9982E-05 0.00935541 9.9982E-05 0.201441
0.498404 0.292686 0.0582518 0.0238821 9.9982E-05 9.9982E-05 0.126575
0.470346 0.343418 0.0256153 9.9973E-05 9.9973E-05 9.9973E-05 0.160321
9.9982E-05 0.675345 0.024853 0.105867 0.000523225 0.193211 9.9982E-05
0.498398 0.446299 9.9973E-05 0.0139916 9.9973E-05 9.9973E-05 0.0410119
0.397156 0.474037 9.9982E-05 0.044261 9.9982E-05 0.057298 0.0270482
0.0431187 0.426223 9.9973E-05 0.167068 0.363291 9.9973E-05 9.9973E-05
9.9973E-05 0.313793 9.9973E-05 0.103958 0.466488 0.115461 9.9973E-05
0.213227 0.550667 9.9973E-05 0.101359 9.9973E-05 0.134447 9.9973E-05
9.9982E-05 0.0625661 9.9982E-05 0.257793 0.597925 0.0747956 0.00672034
0.0473898 0.260146 0.0019665 0.214182 0.450207 0.0260089 9.9991E-05
0.0166562 0.36054 0.119664 0.0843902 0.202657 0.215993 9.9991E-05
9.9973E-05 0.619637 9.9973E-05 0.0972173 9.9973E-05 0.229096 0.0537495
0.0410852 0.469134 0.00981352 0.0613721 0.0317 0.312985 0.0739109
9.9973E-05 0.370366 0.00650488 0.24952 0.37331 9.9973E-05 9.9973E-05
9.9964E-05 0.469032 9.9964E-05 0.110039 0.420529 9.9964E-05 9.9964E-05
9.9982E-05 0.327137 9.9982E-05 0.107523 0.455529 0.0106904 0.0989203
9.9973E-05 0.290817 9.9973E-05 0.134447 0.505236 0.0691999 9.9973E-05
9.9973E-05 0.541432 0.0863823 0.0540514 9.9973E-05 0.317834 9.9973E-05
9.9982E-05 0.265175 0.0501704 0.136191 0.537839 0.0104244 9.9982E-05
0.0171174 0.206104 0.161826 0.169401 9.9991E-05 0.301099 0.144353
9.9973E-05 0.702388 0.0030509 9.9973E-05 9.9973E-05 0.267133 0.0271282
9.9991E-05 0.626924 0.0126672 0.124761 0.0209531 0.15956 0.0550348
0.0791307 0.537685 9.9982E-05 0.146663 9.9982E-05 0.173049 0.0632721
0.0507407 0.370893 0.0204857 0.20774 0.168329 0.126226 0.0555856
9.9982E-05 0.365481 9.9982E-05 0.238079 0.28973 0.0509728 0.0555377
0.0222528 0.237519 9.9982E-05 0.213629 0.489934 0.0364654 9.9982E-05
0.0545249 0.555028 9.9982E-05 0.0886649 9.9982E-05 0.228552 0.0730304
0.0382491 0.283223 9.9982E-05 0.0550004 0.0102543 0.613073 9.9982E-05
0.0490258 0.429844 0.109056 0.0834801 0.0719974 0.14079 0.115807
0.0410571 0.511156 9.9991E-05 0.157143 0.131766 0.0968409 0.0619367
9.9964E-05 9.9964E-05 9.9964E-05 0.281824 0.154438 0.563338 9.9964E-05
9.9964E-05 9.9964E-05 9.9964E-05 0.292521 0.0754618 0.631617 9.9964E-05
0.0130142 0.378064 0.00376564 0.167525 0.050266 0.354938 0.0324275
0.0299702 9.9982E-05 9.9982E-05 0.303381 0.193178 0.423264 0.0500069
9.9964E-05 9.9964E-05 9.9964E-05 0.38955 0.199198 0.410852 9.9964E-05
0.0918174 0.275 0.00568688 0.174639 0.144583 0.289907 0.0183674
0.147624 0.369284 9.9982E-05 0.28435 0.0887155 0.109826 9.9982E-05
0.036949 0.228549 9.9991E-05 0.264413 0.167071 0.287881 0.015038
9.9982E-05 0.102185 9.9982E-05 0.26496 0.0895315 0.463657 0.0794665
9.9991E-05 0.431774 0.0349991 0.133034 0.118915 0.207935 0.0732433
0.0204961 0.0960729 9.9991E-05 0.16942 0.159252 0.403341 0.151318
9.9964E-05 9.9964E-05 9.9964E-05 0.410829 0.0667743 0.521997 9.9964E-05
0.0589072 0.315671 9.9991E-05 0.191165 0.192993 0.137786 0.103378
0.00464412 0.45109 0.00924255 0.353679 0.112624 9.9991E-05 0.0686208
9.9973E-05 0.648886 9.9973E-05 0.135452 0.170264 0.0450977 9.9973E-05
0.126062 0.360076 0.00162402 0.168215 0.232422 0.111501 9.9991E-05
9.9982E-05 0.368609 9.9982E-05 0.339963 0.198068 0.0473744 0.0457855
9.9991E-05 0.443995 0.0324914 0.18386 0.209497 0.00263202 0.127424
9.9982E-05 0.451396 9.9982E-05 0.215726 0.244106 0.0638068 0.0247659
0.0202765 0.297518 0.00859258 0.231137 0.260591 0.181784 9.9991E-05
0.233576 0.134456 9.9991E-05 0.0731529 0.198991 0.0924387 0.267286
9.9982E-05 0.344297 9.9982E-05 0.260861 0.233141 0.10888 0.0526216
9.9973E-05 0.181467 9.9973E-05 0.323435 0.216752 0.278046 9.9973E-05
9.9973E-05 0.188463 9.9973E-05 0.27126 0.337102 0.202875 9.9973E-05
0.0436261 0.00585553 0.151205 0.783344 9.9982E-05 9.9982E-05 0.0157692
0.0162092 0.0572941 0.437816 0.0809131 9.9991E-05 0.0528723 0.354795
0.000315221 9.9964E-05 0.706354 9.9964E-05 9.9964E-05 9.9964E-05 0.292931
9.9964E-05 9.9964E-05 0.58196 0.0105119 9.9964E-05 9.9964E-05 0.407128
9.9955E-05 9.9955E-05 0.571681 9.9955E-05 9.9955E-05 9.9955E-05 0.427819
9.9973E-05 9.9973E-05 0.598562 0.0159352 0.0313159 9.9973E-05 0.353887
9.9964E-05 0.0693232 0.735816 9.9964E-05 9.9964E-05 9.9964E-05 0.194461
9.9964E-05 9.9964E-05 0.594275 0.0191777 9.9964E-05 9.9964E-05 0.386147
9.9964E-05 9.9964E-05 0.652354 0.164388 9.9964E-05 9.9964E-05 0.182857
9.9973E-05 9.9973E-05 0.00261387 0.91964 0.0279023 9.9973E-05 0.0495439
9.9982E-05 0.0396313 0.114238 0.782055 0.0508561 9.9982E-05 0.013019
0.00415662 0.0289946 0.0312117 0.899972 0.0354649 9.9982E-05 9.9982E-05
9.9955E-05 9.9955E-05 9.9955E-05 0.805363 9.9955E-05 9.9955E-05 0.194137
0.0293819 9.9973E-05 0.0299087 0.860889 0.079521 9.9973E-05 9.9973E-05
9.9973E-05 9.9973E-05 0.124703 0.821556 0.0287015 0.0247397 9.9973E-05
0.0419366 9.9982E-05 0.0372141 0.681899 0.151143 0.0876071 9.9982E-05
0.0103133 0.051857 0.0204478 0.886447 0.0307347 9.9982E-05 9.9982E-05
9.9991E-05 0.0889153 0.119212 0.718426 0.0646218 0.00224159 0.00648379
0.0434857 9.9964E-05 9.9964E-05 0.901151 0.0549634 9.9964E-05 9.9964E-05
0.0389989 9.9982E-05 0.0467225 0.891199 9.9982E-05 0.00677811 0.0161012
0.00794373 0.061216 0.0206427 0.902379 9.9982E-05 9.9982E-05 0.00761822
9.9964E-05 9.9964E-05 0.0550696 0.928444 9.9964E-05 0.0160863 9.9964E-05
9.9964E-05 0.0983899 9.9964E-05 0.88825 0.0129602 9.9964E-05 9.9964E-05
0.0206899 0.0372602 9.9973E-05 0.868947 0.0728032 9.9973E-05 9.9973E-05
9.9973E-05 0.0811602 9.9973E-05 0.838539 0.0752289 0.00477157 9.9973E-05
9.9973E-05 0.0774841 9.9973E-05 0.742921 0.173352 0.00594376 9.9973E-05
9.9964E-05 0.108821 9.9964E-05 0.807967 0.082812 9.9964E-05 9.9964E-05
0.0184032 0.102404 9.9973E-05 0.799901 0.0789927 9.9973E-05 9.9973E-05
0.131892 0.374139 0.0339063 0.147734 9.9991E-05 0.232262 0.0799668
0.0535431 0.699331 0.112871 0.0393877 9.9991E-05 0.0820586 0.0127092
0.110461 0.216593 0.0519562 9.9973E-05 9.9973E-05 0.62069 9.9973E-05
0.0014507 0.596174 0.0327611 0.119365 9.9991E-05 0.0857789 0.16437
9.9982E-05 0.170439 0.0323106 0.0553538 0.00367341 0.738023 9.9982E-05
0.0724822 0.565167 0.0381108 0.0215888 0.0942422 0.208309 9.9991E-05
0.071977 0.472426 0.157586 0.0497462 9.9991E-05 0.161911 0.0862536
0.0420887 0.640628 0.162653 0.0304787 9.9991E-05 0.121149 0.00290268
0.358249 0.484149 0.0173151 0.0363072 0.0280554 0.0292741 0.0466509
0.0173237 0.50128 0.188332 0.0569949 9.9982E-05 0.23587 9.9982E-05
9.9973E-05 0.622907 0.149997 0.0516921 9.9973E-05 0.175104 9.9973E-05
0.242968 9.9982E-05 0.101423 9.9982E-05 0.0314054 0.180037 0.443966
0.139687 0.00930284 0.0898635 9.9982E-05 9.9982E-05 0.760456 0.000490734
9.9982E-05 0.150447 0.120888 9.9982E-05 0.0229386 0.684551 0.020976
0.0547168 0.553379 0.0292061 0.0353066 0.0340616 0.224104 0.0692266
0.150476 0.568178 0.0116755 0.117544 0.0122871 0.139739 9.9991E-05
0.0590983 0.504401 0.0180825 0.223989 0.130591 9.9991E-05 0.0637383
9.9982E-05 0.654112 9.9982E-05 0.144732 0.102629 0.0264141 0.0719133
0.0706079 0.0786056 9.9991E-05 0.450827 0.139221 0.0372531 0.223386
0.0825684 0.368671 0.0179208 0.239887 0.160684 0.0419298 0.0883388
9.9973E-05 9.9973E-05 0.008174 0.333146 0.199443 0.458937 9.9973E-05
0.0908559 0.264071 9.9982E-05 0.248968 0.225168 0.170737 9.9982E-05
9.9982E-05 0.283899 9.9982E-05 0.281894 0.167266 0.0598342 0.206907
9.9982E-05 0.431056 0.0779145 0.344721 0.0466097 9.9982E-05 0.0994986
0.0568451 0.471959 9.9982E-05 0.155027 0.172565 9.9982E-05 0.143404
9.9982E-05 0.387765 9.9982E-05 0.185894 0.14696 0.191416 0.0877643
0.0619814 0.30513 9.9982E-05 0.427749 0.12948 9.9982E-05 0.0754587
