9.9991E-05 0.9466 0.0213912 0.0319086
0.0017281 0.960222 0.0379496 9.9991E-05
0.0866153 0.843404 9.9991E-05 0.0698804
0.0462541 0.8209 0.0304999 0.102346
0.0269521 0.895855 9.9991E-05 0.0770925
0.11485 0.639298 0.181534 0.0643177
0.0226259 0.86207 0.102335 0.0129687
9.999E-05 0.778855 0.19872 0.0223244
9.9982E-05 0.856549 0.143251 9.9982E-05
0.0553968 0.733993 0.106282 0.104329
0.0999779 0.782225 0.117697 9.9991E-05
0.422968 0.00310202 0.535286 0.0386434
0.558104 0.0486699 0.292535 0.100691
0.346374 0.130881 0.454086 0.0686584
0.330581 0.115267 0.384717 0.169435
0.434109 0.190162 0.26895 0.106778
0.560169 0.102217 0.17115 0.166464
0.449841 0.0204031 0.36917 0.160586
0.399016 0.184689 0.325522 0.090773
0.100776 0.133111 0.729842 0.0362708
0.457903 0.0616113 0.347571 0.132915
0.530868 0.0862301 0.299231 0.0836704
0.676936 0.136985 0.18598 9.9991E-05
0.392255 0.053811 0.447096 0.106838
0.662661 0.0348588 0.117306 0.185174
0.593213 0.0546029 0.186932 0.165253
0.314384 0.11317 0.507101 0.0653449
0.222379 0.0739123 0.489373 0.214336
0.326422 0.0741702 0.579349 0.0200589
0.0284068 0.854263 9.9991E-05 0.11723
0.0982335 0.85054 9.9991E-05 0.0511264
0.0882115 0.823819 9.9991E-05 0.0878694
0.166026 0.765687 9.9991E-05 0.0681874
0.722004 0.0621173 0.206229 0.00964965
0.67594 0.0573666 0.194406 0.0722871
0.775104 0.0571899 0.131452 0.0362543
0.317124 0.169624 0.513153 9.9991E-05
0.547148 9.9991E-05 0.401996 0.050756
0.698522 0.115733 0.185644 9.9991E-05
0.826727 0.0151548 0.0993024 0.0588156
0.674421 0.163505 0.147695 0.014379
0.674948 0.137845 0.130427 0.0567799
0.39339 9.9982E-05 0.60641 9.9982E-05
0.704493 0.106964 0.11693 0.0716129
0.803467 0.0388614 0.103454 0.0542173
0.623404 0.135598 0.136966 0.104031
0.621841 9.9982E-05 0.37796 9.9982E-05
0.805359 0.0520813 0.0957138 0.0468464
0.649487 0.139159 0.153607 0.0577473
0.0998885 0.0821713 0.81784 9.9991E-05
0.371657 0.0383471 0.589896 9.9991E-05
0.166952 0.05318 0.697344 0.0825241
0.65538 0.147288 0.104199 0.0931334
0.647142 0.0869977 0.117867 0.147993
0.676482 0.0771185 0.103391 0.143009
0.29489 0.144588 0.560422 9.9991E-05
0.679761 0.0653564 0.243266 0.0116161
0.592319 0.0692042 0.14531 0.193167
0.478374 0.146082 0.349202 0.0263416
0.103745 0.232733 0.549248 0.114275
0.609009 0.0811247 0.246053 0.0638137
0.462105 0.127981 0.304017 0.105897
0.166787 0.125727 0.707386 9.9991E-05
0.645567 0.03977 0.293168 0.0214952
0.714069 0.00462901 0.144304 0.136998
0.652439 0.0986733 0.12781 0.121078
0.355975 0.0693959 0.468672 0.105957
0.631874 9.9991E-05 0.323825 0.0442006
0.681769 0.0890896 0.175943 0.0531993
0.312934 0.0931403 0.593825 9.9991E-05
0.785321 9.9982E-05 0.214479 9.9982E-05
0.456893 0.0139877 0.52902 9.9991E-05
0.647369 0.0803057 0.165024 0.107301
0.218222 9.9991E-05 0.766832 0.014846
0.277143 9.9982E-05 0.722658 9.9982E-05
0.611687 9.9982E-05 0.388113 9.9982E-05
0.657334 0.0417415 0.300825 9.9991E-05
0.63996 0.160781 0.141284 0.057975
0.673782 0.0537875 0.272331 9.9991E-05
0.41564 0.042225 0.542035 9.9991E-05
0.427512 0.0883158 0.484072 9.9991E-05
0.581951 0.137267 0.151352 0.12943
0.578758 0.0196322 0.40151 9.9991E-05
0.62518 0.0929018 0.281818 9.9991E-05
0.704552 0.0172199 0.278128 9.9991E-05
0.210253 9.9991E-05 0.773906 0.0157405
0.753222 0.0214085 0.178875 0.0464948
0.144711 0.811957 9.9991E-05 0.0432314
0.0568994 0.942901 9.9982E-05 9.9982E-05
0.0193441 0.881865 9.9991E-05 0.0986911
0.0250958 0.908997 9.9991E-05 0.0658071
0.0787586 0.862487 9.9991E-05 0.0586548
0.0506886 0.910595 9.9991E-05 0.0386165
0.0264745 0.968315 9.9991E-05 0.00511007
0.616351 0.0985336 0.108943 0.176172
0.783279 0.135836 0.0277623 0.053122
0.304687 9.9982E-05 0.695113 9.9982E-05
0.611833 0.102849 0.183702 0.101616
0.675541 0.0469473 0.277412 9.9991E-05
0.75897 0.0723372 0.168593 9.9991E-05
0.757111 0.0495832 0.193206 9.9991E-05
0.69261 0.0211611 0.210008 0.0762213
0.191764 0.069623 0.738513 9.9991E-05
0.523039 0.148703 0.171937 0.15632
0.790173 0.0819082 0.117706 0.0102122
0.601178 0.179187 0.0786186 0.141017
0.588299 0.0181069 0.387517 0.00607695
0.768815 0.0148874 0.216198 9.9991E-05
0.668959 0.00739007 0.323551 9.9991E-05
0.542584 9.9991E-05 0.368355 0.0889611
0.673485 0.096012 0.230403 9.9991E-05
0.628057 0.138551 0.132877 0.100516
0.310556 0.0533384 0.541159 0.094947
0.486457 0.145418 0.275544 0.0925811
0.528124 0.0903986 0.228399 0.153078
0.64887 0.0943604 0.169582 0.0871878
0.604806 0.115049 0.267218 0.012927
0.636203 0.031262 0.252801 0.0797348
0.535866 0.084372 0.341019 0.0387429
0.63201 0.134378 0.233512 9.9991E-05
0.59065 0.173926 0.131053 0.104371
0.734302 0.0740989 0.191499 9.9991E-05
0.636639 0.0618207 0.30144 9.9991E-05
0.577819 0.0676496 0.1619 0.192631
0.719478 0.147536 0.0421448 0.0908407
0.64767 9.9991E-05 0.236434 0.115795
0.532571 0.0967563 0.209118 0.161554
0.616955 0.00471094 0.279822 0.0985117
0.406501 0.105396 0.403365 0.0847373
0.730467 9.9991E-05 0.166416 0.103017
0.659218 0.0677821 0.181621 0.0913783
0.324524 0.00363896 0.559924 0.111913
0.216337 0.0411302 0.661924 0.0806088
0.688137 0.0477993 0.213124 0.0509396
0.128122 9.9991E-05 0.73478 0.136999
0.460738 0.0940481 0.442905 0.00230854
0.578272 0.0271012 0.394527 9.9991E-05
0.471272 0.0944652 0.434163 9.9991E-05
0.427767 0.0447464 0.501941 0.0255464
0.717377 0.107215 0.146332 0.0290764
0.629047 0.140744 0.137253 0.0929558
0.688523 0.094156 0.165953 0.0513686
0.225397 9.9991E-05 0.647106 0.127397
0.498798 0.209151 0.199468 0.0925832
0.585628 0.047503 0.247661 0.119208
0.0279922 0.207337 0.702914 0.0617567
0.725571 0.125543 0.0528468 0.0960389
0.386022 0.139504 0.384388 0.0900864
0.526463 0.13539 0.196863 0.141284
0.351305 0.188202 0.422846 0.0376472
0.264039 0.181188 0.554674 9.9991E-05
0.557461 0.100322 0.342117 9.9991E-05
0.468982 0.102589 0.287033 0.141396
0.522394 0.188486 0.218766 0.0703537
0.0974224 0.124748 0.60589 0.17194
0.595809 0.10144 0.152997 0.149754
0.463232 9.9982E-05 0.536568 9.9982E-05
0.52693 9.9991E-05 0.397879 0.0750904
0.735594 0.175667 0.0552129 0.0335261
0.202652 0.366088 0.150422 0.280837
9.9991E-05 0.621025 0.176599 0.202275
9.9991E-05 0.515844 0.277074 0.206982
0.0345265 0.442118 0.151029 0.372326
0.796529 9.9991E-05 0.161849 0.0415219
0.684385 0.114012 0.165864 0.0357391
0.275749 9.9982E-05 9.9982E-05 0.724051
0.373788 0.0395318 0.066423 0.520257
0.352492 0.0837559 0.0582999 0.505452
0.373418 0.0656638 0.489799 0.0711192
0.525144 0.0807285 0.299046 0.095082
0.285907 0.0240708 0.610142 0.0798805
0.643739 0.0356076 0.231697 0.0889562
0.649724 0.0673763 0.282799 9.9991E-05
0.651498 0.039898 0.217299 0.0913047
0.334719 0.0244497 0.591527 0.0493043
0.734463 0.110959 0.0584998 0.0960784
0.735103 0.0785341 0.0920755 0.0942872
0.0151036 9.9991E-05 0.0136228 0.971174
0.0296357 9.9991E-05 0.0309063 0.939358
0.328717 0.051682 0.00349897 0.616102
0.28061 9.9982E-05 9.9982E-05 0.71919
0.142717 0.0456222 9.9991E-05 0.811561
9.998E-05 9.998E-05 9.998E-05 0.9997
9.9982E-05 9.9982E-05 0.0378792 0.961921
0.0880384 9.9982E-05 9.9982E-05 0.911762
9.998E-05 9.998E-05 9.998E-05 0.9997
9.998E-05 9.998E-05 9.998E-05 0.9997
9.998E-05 9.998E-05 9.998E-05 0.9997
0.148672 0.0643 9.9991E-05 0.786928
0.0656249 0.0491144 0.0291956 0.856065
9.998E-05 9.998E-05 9.998E-05 0.9997
0.335616 0.0251626 0.171161 0.468061
0.267249 0.0748333 0.0490536 0.608864
0.208598 0.0455549 9.9991E-05 0.745747
0.030695 0.0222584 9.9991E-05 0.946947
9.998E-05 9.998E-05 9.998E-05 0.9997
0.0171179 0.0198755 0.0179103 0.945096
9.998E-05 9.998E-05 9.998E-05 0.9997
0.319028 0.0649344 0.00203509 0.614002
0.0291578 9.9991E-05 0.035385 0.935357
9.9991E-05 0.411594 0.468221 0.120086
0.496316 0.261474 0.159561 0.0826494
0.475171 0.291338 0.163349 0.0701414
0.202681 0.299341 0.325702 0.172277
0.479499 0.164917 0.190143 0.165441
0.262195 0.311956 0.266336 0.159512
0.467777 0.18575 0.229668 0.116806
0.394551 0.211194 0.196948 0.197308
0.432591 0.125596 0.201866 0.239948
0.320264 0.202152 0.157196 0.320388
0.464978 0.247792 0.115825 0.171404
0.0201688 0.876449 0.094442 0.00894035
9.9982E-05 0.920256 9.9982E-05 0.0795443
9.9982E-05 0.998065 0.0017355 9.9982E-05
0.0330664 0.966734 9.9982E-05 9.9982E-05
9.9991E-05 0.943745 0.00940958 0.0467459
9.9982E-05 0.898004 9.9982E-05 0.101796
9.9982E-05 0.925967 9.9982E-05 0.0738332
0.00587218 0.901777 0.0675327 0.0248182
0.0078058 0.955285 9.9991E-05 0.0368091
9.9982E-05 0.895274 9.9982E-05 0.104526
9.9991E-05 0.658703 0.333096 0.00810067
9.9991E-05 0.661858 0.318529 0.019513
9.9982E-05 0.578894 0.420906 9.9982E-05
0.00744677 0.565683 0.42677 9.9991E-05
0.660026 0.0794458 0.260428 9.9991E-05
0.652077 0.024768 0.270214 0.0529405
0.662114 0.0763643 0.167509 0.0940127
0.512239 0.133303 0.354358 9.9991E-05
0.292829 0.0632412 0.641041 0.0028892
0.825936 0.0760763 0.0978874 9.9991E-05
0.701963 9.9991E-05 0.218669 0.079268
0.634948 0.00103922 0.299412 0.0646007
0.593736 9.9991E-05 0.357976 0.0481883
0.799892 0.10046 0.0995486 9.9991E-05
0.622565 0.0179184 0.359417 9.9991E-05
0.124746 9.9982E-05 0.875054 9.9982E-05
0.607017 0.111619 0.25598 0.0253838
0.439679 9.9991E-05 0.540395 0.0198266
0.755376 0.00742528 0.237067 0.000132144
0.34837 0.0159981 0.635532 9.9991E-05
0.055965 0.295945 0.64799 9.9991E-05
0.113046 0.224857 0.661997 9.9991E-05
0.0358701 0.203692 0.760338 9.9991E-05
0.0019498 0.236021 0.761929 9.9991E-05
0.131124 0.147245 0.707269 0.0143615
0.135151 0.218313 0.62113 0.0254065
0.0561832 0.892185 9.9991E-05 0.0515315
0.107557 0.892244 9.9982E-05 9.9982E-05
0.105197 0.79748 9.9991E-05 0.0972229
0.0831574 0.796954 9.9991E-05 0.119789
0.0675625 0.828035 9.9991E-05 0.104303
9.9982E-05 0.511349 0.488451 9.9982E-05
9.9982E-05 0.548875 0.450925 9.9982E-05
9.9982E-05 0.516769 0.483031 9.9982E-05
0.0814204 0.860185 9.9991E-05 0.058295
9.9982E-05 0.512258 0.487542 9.9982E-05
0.220044 0.272413 0.0695715 0.437972
0.604882 0.169825 9.9991E-05 0.225193
0.523985 0.209158 9.9991E-05 0.266756
0.34897 0.285429 0.0834945 0.282107
0.510433 0.155373 0.110102 0.224091
9.9991E-05 0.505031 0.145973 0.348896
0.567374 0.0291952 0.403331 9.9991E-05
0.52261 0.0283937 0.386814 0.0621825
0.346026 0.154252 0.499621 9.9991E-05
0.587412 9.9991E-05 0.344904 0.0675838
9.9982E-05 9.9982E-05 0.994866 0.00493391
0.704412 0.182352 0.0945136 0.0187225
0.603808 0.0941023 0.285466 0.0166242
0.431302 0.0581257 0.510472 9.9991E-05
0.617496 0.121927 0.159695 0.100882
0.193225 0.00273452 0.764261 0.0397796
0.614248 0.0408517 0.266973 0.0779273
0.569391 0.0488169 0.327921 0.053871
0.349216 0.172669 0.201251 0.276863
0.461526 9.9991E-05 0.459687 0.0786872
0.589645 0.0697677 0.326953 0.0136339
0.540469 0.0599302 0.241495 0.158106
0.590313 0.0289496 0.319686 0.0610513
0.765286 0.0944827 0.106104 0.0341268
0.582154 0.112635 0.136769 0.168442
0.635862 0.103285 0.109111 0.151741
0.0927761 0.784384 9.9991E-05 0.12274
0.0608203 0.835831 9.9991E-05 0.103249
0.0771962 0.825328 0.0809627 0.0165129
9.9991E-05 0.786269 0.112001 0.101629
0.111978 0.838621 9.9991E-05 0.0493004
0.259025 0.0814294 0.5989 0.0606461
0.577354 0.0694826 0.28133 0.0718338
0.42123 0.215497 0.14555 0.217723
0.756555 0.0592062 0.0913412 0.0928973
0.6669 0.0764033 0.256597 9.9991E-05
0.344178 9.9991E-05 0.534942 0.12078
0.0820519 0.212436 0.705412 9.9991E-05
0.663606 0.09047 0.239073 0.00685106
0.223978 0.14442 0.599131 0.0324718
0.5017 0.054936 0.340103 0.103261
0.15021 0.199516 0.598507 0.0517672
0.753574 0.186125 0.0602006 9.9991E-05
0.295732 0.154154 0.550015 9.9991E-05
0.44367 0.0544293 0.385719 0.116182
0.553859 0.0612317 0.245154 0.139756
0.350304 0.104834 0.485863 0.059
0.65923 0.169446 0.159828 0.0114956
0.658048 0.168847 0.138946 0.0341595
0.493394 0.0652588 0.441247 9.9991E-05
0.605295 0.0119008 0.218528 0.164276
0.656309 0.0972155 0.246376 9.9991E-05
0.228912 9.9991E-05 0.761607 0.0093809
0.35774 0.0362882 0.576257 0.0297145
0.611009 0.0637464 0.293763 0.0314812
0.306077 0.0388878 0.654935 9.9991E-05
0.629857 0.0319541 0.338089 9.9991E-05
0.149451 0.0476068 0.72337 0.0795727
0.330324 9.9991E-05 0.597818 0.0717582
0.429915 0.0487488 0.39349 0.127847
0.717819 0.0863728 0.0990888 0.09672
0.432442 0.0101815 0.557277 9.9991E-05
0.441455 0.0426148 0.344804 0.171126
0.683145 0.0802329 0.16981 0.0668126
0.513271 9.9991E-05 0.38592 0.100708
0.550942 9.9991E-05 0.343788 0.10517
0.467112 0.107139 0.341827 0.0839217
0.255737 9.9991E-05 0.590794 0.153369
0.38945 0.0427946 0.455067 0.112688
0.78604 9.9991E-05 0.168139 0.045721
0.548283 0.0935484 0.247495 0.110674
0.463555 0.0955875 0.359208 0.0816498
0.551975 9.9991E-05 0.318726 0.129199
0.373507 0.0668875 0.435569 0.124037
0.648993 0.080971 0.168564 0.101472
0.601916 0.0311736 0.239571 0.12734
0.513231 0.173841 0.173277 0.139652
0.478573 0.400178 9.9991E-05 0.121148
0.444695 0.106349 0.136357 0.312598
0.6279 0.176202 0.0307087 0.16519
0.606849 0.13566 0.0836557 0.173835
0.497374 0.239273 0.0375929 0.22576
0.473128 9.9991E-05 0.437099 0.0896732
0.552992 0.202417 0.0658401 0.178751
0.0245349 0.250332 0.473916 0.251217
0.589507 0.0855658 0.0903683 0.234559
0.611245 0.20209 0.0221867 0.164479
0.482158 0.0923577 0.125571 0.299913
0.361023 0.175382 0.237995 0.2256
0.628216 0.240573 0.0288219 0.102389
0.567228 0.169465 9.9991E-05 0.263208
9.9991E-05 0.506021 0.264548 0.229331
0.543835 0.228461 9.9991E-05 0.227605
0.5567 0.176301 9.9991E-05 0.2669
0.560696 0.0581493 0.154162 0.226993
0.556863 0.197249 9.9991E-05 0.245788
0.517762 0.168412 0.0886825 0.225143
0.427746 0.102751 0.333776 0.135727
0.539209 0.0427644 0.250261 0.167765
0.167545 9.9991E-05 0.792798 0.0395569
0.106761 9.9991E-05 0.87977 0.013369
0.529069 0.084614 0.286416 0.099901
0.380655 0.106633 0.147633 0.365079
0.339475 0.156233 0.0874331 0.416859
0.216581 0.146517 0.240491 0.396411
0.415719 0.184963 0.0701204 0.329198
0.0886319 0.0846522 0.611572 0.215144
0.216748 0.0898291 0.462788 0.230635
0.602357 0.0334212 0.180574 0.183648
0.545951 0.0421045 0.22497 0.186974
0.274759 0.0269413 0.487819 0.21048
0.59918 0.0499039 0.155003 0.195913
0.569556 0.0253676 0.228333 0.176744
0.420932 0.159488 0.217597 0.201984
0.475837 0.0420951 0.481968 9.9991E-05
0.430868 9.9991E-05 0.470932 0.0981006
0.607414 0.0748796 0.254375 0.0633316
0.494742 0.078492 0.352665 0.0741011
0.576882 0.0932793 0.242614 0.0872242
0.66253 0.0317527 0.305618 9.9991E-05
0.312178 9.9991E-05 0.668527 0.0191944
0.685228 0.0705547 0.174238 0.0699795
0.613902 0.129845 0.125059 0.131195
0.311705 9.9991E-05 0.628981 0.0592147
0.494195 0.0240782 0.395212 0.0865149
0.696648 0.059417 0.158525 0.0854096
0.741541 0.0216774 0.214234 0.022548
0.508358 0.13722 0.0576198 0.296802
0.380239 0.182165 0.202712 0.234884
0.292522 0.17445 0.206311 0.326717
0.311845 0.236236 0.196055 0.255865
0.535705 0.259995 0.0909806 0.113319
0.493806 0.143845 0.127146 0.235203
9.9991E-05 0.179032 0.59727 0.223598
0.627591 0.0770768 0.0175939 0.277738
9.9991E-05 0.361112 0.3972 0.241588
0.539065 0.106731 0.0988288 0.255375
0.317444 9.9982E-05 0.682356 9.9982E-05
0.146811 9.9991E-05 0.852179 0.000909889
0.606506 9.9991E-05 0.297972 0.0954221
0.706006 0.0920291 0.149845 0.0521197
0.56725 9.9982E-05 0.43255 9.9982E-05
0.604937 9.9991E-05 0.313889 0.0810738
0.632827 9.9991E-05 0.31144 0.0556336
0.0770572 0.847321 0.0440046 0.0316176
9.9991E-05 0.759617 0.105933 0.13435
9.9982E-05 0.95191 9.9982E-05 0.0478904
0.0140377 0.966609 9.9991E-05 0.0192533
0.679611 0.0941766 0.226112 9.9991E-05
0.687148 0.0374266 0.162365 0.11306
0.731454 0.0122311 0.256215 9.9991E-05
0.79368 0.0967585 0.0562652 0.0532966
0.605269 0.0895328 0.190476 0.114722
0.435975 0.00518207 0.558743 9.9991E-05
0.804981 0.0195045 0.168457 0.00705722
0.587125 9.9982E-05 0.412675 9.9982E-05
0.549609 0.238235 0.00588799 0.206268
0.585726 9.9991E-05 0.350069 0.0641048
0.590245 0.0224828 0.387173 9.9991E-05
0.841481 0.00901888 0.1494 9.9991E-05
0.644423 0.0255665 0.329911 9.9991E-05
0.785349 9.9991E-05 0.154704 0.0598468
0.796835 0.00859214 0.164801 0.0297722
0.417267 9.9982E-05 0.582533 9.9982E-05
0.453362 0.0114762 0.509388 0.0257736
0.570539 9.9991E-05 0.376483 0.0528788
0.187312 9.9982E-05 0.812488 9.9982E-05
0.606708 0.0591507 0.318508 0.0156333
0.373752 9.9982E-05 0.626048 9.9982E-05
0.135098 9.9991E-05 0.85107 0.013732
0.743779 0.00765932 0.211059 0.0375027
0.451215 0.0329233 0.515761 9.9991E-05
0.651119 0.0689373 0.278457 0.00148602
0.676372 0.156149 0.0994139 0.068065
0.72996 0.0410405 0.228899 9.9991E-05
0.411106 0.00167878 0.467145 0.12007
0.659314 9.9991E-05 0.240865 0.0997212
0.671029 0.0478373 0.257067 0.024067
0.573198 9.9982E-05 0.426602 9.9982E-05
0.627354 0.117278 0.212082 0.0432873
9.9982E-05 0.698511 0.301289 9.9982E-05
0.0843273 0.77427 0.141303 9.9991E-05
9.9982E-05 0.878788 0.121012 9.9982E-05
9.9982E-05 0.846492 0.153308 9.9982E-05
0.060366 0.819548 0.119986 9.9991E-05
0.420019 0.0365122 0.543369 9.9991E-05
0.428336 0.053796 0.517768 9.9991E-05
0.464484 9.9982E-05 0.535316 9.9982E-05
0.640166 0.0695413 0.211231 0.0790622
0.664778 0.163401 0.138214 0.0336074
0.56868 0.038337 0.382934 0.0100489
0.709236 0.0114966 0.182098 0.0971695
0.605886 0.0260857 0.284483 0.083545
0.738481 0.0228768 0.205529 0.0331128
0.677203 0.0200894 0.219022 0.0836854
0.498937 9.9991E-05 0.492815 0.008148
0.605494 9.9982E-05 0.394306 9.9982E-05
0.516431 9.9982E-05 0.483369 9.9982E-05
0.749085 0.137445 0.0859117 0.0275575
0.604564 0.0421744 0.353161 9.9991E-05
0.690793 0.0406979 0.236565 0.0319436
0.372873 0.125472 0.0491185 0.452537
0.367607 0.125609 9.9991E-05 0.506684
0.379408 0.118156 9.9991E-05 0.502336
0.295589 0.146062 0.0187139 0.539635
0.42232 0.17469 9.9991E-05 0.40289
0.597433 0.0695565 0.275413 0.0575973
0.0508389 0.26051 9.9991E-05 0.688551
0.263261 0.145784 9.9991E-05 0.590856
0.45598 0.175389 0.146958 0.221673
0.716941 0.203775 0.054803 0.0244808
0.456688 0.17993 0.269832 0.0935492
0.638462 0.128838 0.114717 0.117983
0.672376 0.116835 0.151057 0.0597316
0.323201 0.170173 9.9991E-05 0.506525
0.329215 0.0905331 0.0742646 0.505988
0.447206 0.0329598 9.9991E-05 0.519735
0.498524 0.0846489 0.0232255 0.393601
0.262232 0.121157 0.0343993 0.582212
0.383362 0.159151 0.0432465 0.41424
0.281936 0.121925 0.0380149 0.558124
0.360767 0.120828 0.0786154 0.43979
0.662486 0.088574 0.201947 0.0469927
0.324725 0.175362 0.0230079 0.476905
0.131613 0.162344 9.9991E-05 0.705943
0.507178 0.101005 0.010749 0.381068
0.324118 0.228386 0.447396 9.9991E-05
0.647425 0.0479286 0.193082 0.111565
0.463771 0.200912 0.081398 0.253919
0.726713 0.171259 0.0666536 0.0353738
0.607969 0.229894 0.156695 0.00544213
0.313007 0.179497 0.185178 0.322319
0.298174 0.227498 0.117781 0.356546
0.563092 0.0807016 0.108162 0.248044
0.453483 0.142829 0.014584 0.389104
0.362885 0.159417 9.9991E-05 0.477599
0.153373 0.18977 0.0335168 0.62334
0.665693 0.197941 0.044116 0.0922505
0.583911 0.163094 0.252894 9.9991E-05
0.148614 0.134525 0.568634 0.148228
0.57771 0.143046 0.161836 0.117408
0.526355 0.145439 0.278872 0.0493339
0.502788 0.216918 0.110321 0.169973
0.508296 0.150087 0.181386 0.160232
9.9991E-05 0.327943 0.397888 0.274069
9.9991E-05 0.36003 0.417992 0.221878
0.229699 0.153875 0.380163 0.236263
9.9991E-05 0.368355 0.348651 0.282894
9.9991E-05 0.477375 0.18174 0.340784
0.36683 0.135633 0.300429 0.197109
0.368683 0.243574 0.157815 0.229928
0.193801 0.32527 0.240412 0.240517
0.0885357 0.292175 0.375457 0.243832
0.509231 0.170661 0.161202 0.158905
0.119229 0.218295 0.424681 0.237796
9.9991E-05 0.537041 0.318099 0.144759
0.605766 0.0636124 0.119687 0.210935
0.372388 0.150963 0.184821 0.291829
0.40545 0.300943 0.0259726 0.267634
0.537542 0.129026 9.9991E-05 0.333332
0.37517 0.1127 0.250262 0.261868
0.574489 0.217807 0.0175862 0.190117
0.497227 0.238294 0.00397272 0.260506
0.400326 0.370929 9.9991E-05 0.228645
0.504662 0.248544 9.9991E-05 0.246694
0.506384 0.234459 9.9991E-05 0.259057
0.442103 0.274702 0.103851 0.179343
0.35097 0.173788 0.307379 0.167863
0.650695 0.239253 0.0139687 0.0960831
0.559002 0.155411 0.0201622 0.265425
0.700107 0.185467 0.0513474 0.0630784
0.386829 0.340755 9.9991E-05 0.272317
0.512689 0.263394 0.0429651 0.180952
0.218316 0.415809 0.115293 0.250582
0.394111 0.224973 0.0638981 0.317019
0.202177 0.298217 0.101213 0.398393
9.9991E-05 0.81781 0.165038 0.0170514
0.134798 0.20023 0.664872 9.9991E-05
9.9982E-05 0.157554 0.842246 9.9982E-05
0.0433938 0.184124 0.772382 9.9991E-05
0.0997187 0.147086 0.753095 9.9991E-05
0.104632 0.19762 0.697648 9.9991E-05
0.168243 0.148801 0.682857 9.9991E-05
0.00447656 0.236763 0.758661 9.9991E-05
0.071328 0.392044 0.536528 9.9991E-05
0.0230152 0.939661 9.9991E-05 0.0372243
0.0843594 0.902292 0.0132489 9.9991E-05
9.9991E-05 0.905785 0.0187933 0.0753221
0.0331046 0.883961 0.0828347 9.9991E-05
9.9991E-05 0.921646 0.00347145 0.074783
0.00676696 0.966623 0.0265097 9.9991E-05
0.012466 0.771559 0.0758968 0.140078
0.062775 0.880976 9.9991E-05 0.0561486
0.103266 0.762398 0.116482 0.0178551
0.00492365 0.940689 9.9991E-05 0.054287
9.998E-05 0.9997 9.998E-05 9.998E-05
0.0250613 0.883091 0.0519207 0.0399272
0.0349191 0.964881 9.9982E-05 9.9982E-05
0.0543103 0.907712 9.9991E-05 0.0378779
0.05135 0.898398 9.9991E-05 0.0501516
0.0618108 0.867256 9.9991E-05 0.0708331
0.0171576 0.779086 9.9991E-05 0.203656
0.0993668 0.814121 9.9991E-05 0.0864124
0.0898353 0.813487 9.9991E-05 0.0965773
0.550445 0.205728 0.228799 0.0150282
0.762712 0.170092 0.067096 9.9991E-05
0.72891 0.135879 0.0585058 0.0767055
0.209716 0.132509 0.607699 0.0500763
0.665194 0.219854 0.114853 9.9991E-05
0.151582 0.194158 0.545005 0.109255
0.740549 0.134046 0.0576701 0.0677353
0.555836 0.180513 0.263552 9.9991E-05
0.672756 0.142324 0.18482 9.9991E-05
0.665476 0.082331 0.233257 0.0189362
0.552439 0.0958494 0.329206 0.0225059
0.817459 0.074108 0.0768279 0.0316052
0.733847 0.125759 0.136264 0.0041306
0.180472 0.0327391 0.73129 0.0554988
0.0255789 0.117002 0.840163 0.0172563
0.230637 0.0916212 0.590655 0.0870873
0.748264 0.132119 0.0348126 0.0848053
0.554624 0.162149 0.200982 0.0822455
0.67478 0.200408 0.124712 9.9991E-05
0.765203 0.155366 0.0793316 9.9991E-05
0.468632 0.218857 0.0764028 0.236108
0.583712 0.167291 9.9991E-05 0.248897
0.13658 0.423354 0.261979 0.178088
0.746007 0.215603 0.0076203 0.03077
0.428442 0.239283 0.161881 0.170394
9.9991E-05 0.442464 0.339388 0.218049
0.362744 0.278365 0.139035 0.219856
0.327464 0.390449 0.0823088 0.199778
0.485911 0.3448 0.0688546 0.100435
0.458956 0.134983 0.156113 0.249949
0.596359 0.180128 0.0173397 0.206174
0.588881 0.144125 0.0224343 0.24456
0.3961 0.141015 0.265063 0.197822
0.269875 0.44694 0.0562608 0.226924
