0.0867435 9.9991E-05 0.913157
0.0686509 9.9991E-05 0.931249
0.204758 9.9991E-05 0.795142
0.192993 9.9991E-05 0.806907
0.164496 9.9991E-05 0.835404
0.159012 0.175449 0.665539
0.0722339 0.0436307 0.884135
0.0617643 0.123618 0.814618
9.9991E-05 0.0590359 0.940864
0.176006 0.109357 0.714637
0.0493422 0.144426 0.806232
0.178438 0.732269 0.0892933
0.315528 0.640232 0.04424
0.163205 0.680959 0.155836
0.293771 0.573081 0.133148
0.338365 0.498305 0.16333
0.442281 0.534755 0.0229638
0.276704 0.672927 0.0503696
0.247668 0.567248 0.185084
9.9991E-05 0.778313 0.221587
0.293683 0.654967 0.0513501
0.299382 0.664601 0.0360174
0.343815 0.617569 0.0386155
0.228858 0.685079 0.0860631
0.460605 0.535659 0.00373573
0.331052 0.668848 9.9991E-05
0.148091 0.66254 0.189369
0.276089 0.603828 0.120083
0.0891384 0.781068 0.129793
0.20164 9.9991E-05 0.79826
0.205894 9.9991E-05 0.794006
0.223002 0.0288656 0.748132
0.268037 0.0101708 0.721792
0.287312 0.712588 9.9991E-05
0.330297 0.625152 0.0445513
0.337684 0.662216 9.9991E-05
0.0527671 0.726672 0.220561
0.233475 0.766425 9.9991E-05
0.283566 0.639161 0.0772731
0.451124 0.548776 9.9991E-05
0.371516 0.583744 0.0447404
0.331871 0.634528 0.0336007
0.00874641 0.93284 0.0584141
0.43051 0.561787 0.00770349
0.430103 0.569797 9.9991E-05
0.400525 0.539404 0.0600705
0.161075 0.838825 9.9991E-05
0.382891 0.617009 9.9991E-05
0.403057 0.540433 0.0565102
9.9991E-05 0.832465 0.167435
9.9991E-05 0.894757 0.105143
0.00273375 0.822097 0.175169
0.45069 0.541185 0.00812456
0.389769 0.543429 0.0668025
0.419779 0.580121 9.9991E-05
0.0395583 0.755596 0.204846
0.371112 0.609402 0.0194853
0.390087 0.534078 0.0758352
0.186867 0.69782 0.115313
0.0570721 0.595766 0.347162
0.300784 0.591882 0.107334
0.30796 0.620741 0.0712993
9.9991E-05 0.804944 0.194956
0.250514 0.708029 0.0414567
0.407067 0.592833 9.9991E-05
0.443419 0.503749 0.0528315
0.137513 0.758739 0.103748
0.294443 0.658967 0.0465894
0.36363 0.549614 0.0867564
0.0382092 0.846015 0.115776
0.282471 0.717429 9.9991E-05
0.0941344 0.900013 0.00585232
0.33364 0.66626 9.9991E-05
9.9991E-05 0.949241 0.0506592
9.9991E-05 0.99968 0.00021983
0.113089 0.886811 9.9991E-05
0.239058 0.760842 9.9991E-05
0.505207 0.44778 0.0470137
0.311338 0.684594 0.00406758
0.112324 0.774474 0.113202
0.112729 0.802116 0.0851547
0.376875 0.543292 0.0798334
0.163307 0.79933 0.0373629
0.204362 0.787049 0.00858895
0.230155 0.769745 9.9991E-05
9.9991E-05 0.907396 0.0925043
0.300492 0.699408 9.9991E-05
0.184505 0.0198235 0.795672
0.131295 9.9991E-05 0.868605
0.165043 9.9991E-05 0.834857
0.114425 9.9991E-05 0.885475
0.151391 9.9991E-05 0.848509
0.115097 9.9991E-05 0.884803
0.0938879 9.9991E-05 0.906012
0.285589 0.571296 0.143115
0.442449 0.496509 0.0610424
9.9991E-05 0.939861 0.0600389
0.382335 0.607766 0.00989934
0.213954 0.785946 9.9991E-05
0.371306 0.628594 9.9991E-05
0.305356 0.665597 0.0290476
0.309454 0.690446 9.9991E-05
9.9991E-05 0.885197 0.114703
0.367915 0.511119 0.120965
0.436865 0.563035 9.9991E-05
0.40986 0.59004 9.9991E-05
0.166235 0.826361 0.00740387
0.303621 0.69628 9.9991E-05
0.234235 0.765665 9.9991E-05
0.226226 0.773674 9.9991E-05
0.216499 0.695787 0.0877146
0.370232 0.536375 0.0933936
0.0946576 0.788392 0.11695
0.275611 0.593628 0.130761
0.436216 0.48656 0.0772239
0.432262 0.513437 0.0543018
0.29208 0.661036 0.0468833
0.310781 0.689119 9.9991E-05
0.243428 0.68365 0.0729223
0.249328 0.683681 0.0669906
0.38127 0.573327 0.045403
0.289321 0.697597 0.0130823
0.327674 0.661223 0.0111028
0.390248 0.588477 0.0212754
0.422367 0.536136 0.0414969
0.302522 0.697378 9.9991E-05
0.307787 0.594873 0.0973403
0.39028 0.60962 9.9991E-05
0.217817 0.661613 0.12057
0.4223 0.5776 9.9991E-05
0.447963 0.551937 9.9991E-05
0.162996 0.756819 0.0801852
0.0520063 0.789834 0.15816
0.345583 0.600511 0.0539052
0.0265532 0.891216 0.0822312
0.0895748 0.746987 0.163438
0.233375 0.766525 9.9991E-05
0.16877 0.747597 0.083633
0.113339 0.810785 0.0758757
0.43297 0.525501 0.0415284
0.359411 0.525189 0.115399
0.275353 0.693416 0.031231
0.102144 0.764599 0.133257
0.354524 0.613671 0.0318058
0.384673 0.608184 0.00714232
9.9991E-05 0.678548 0.321352
0.379628 0.554417 0.0659556
0.222172 0.69894 0.0788881
0.383714 0.510054 0.106232
0.10968 0.693108 0.197213
0.00819497 0.796122 0.195683
0.218999 0.725501 0.0554998
0.358815 0.587953 0.0532321
0.252716 0.578306 0.168978
0.0788551 0.697847 0.223297
0.386401 0.497512 0.116088
0.143872 0.8381 0.0180288
0.232888 0.762623 0.00448877
0.374677 0.573073 0.05225
0.378337 0.225368 0.396295
0.184906 0.0507397 0.764354
0.144983 0.209672 0.645345
0.384693 0.120868 0.494439
0.345547 0.654353 9.9991E-05
0.408703 0.591197 9.9991E-05
0.88675 0.11315 9.9991E-05
0.632735 0.33142 0.0358448
0.619272 0.286054 0.0946742
0.164339 0.767387 0.0682745
0.400909 0.598888 0.000202444
0.0475785 0.814562 0.137859
0.358581 0.641319 9.9991E-05
0.277115 0.718697 0.00418794
0.390457 0.609443 9.9991E-05
0.0572953 0.841366 0.101338
0.466742 0.533158 9.9991E-05
0.341633 0.59949 0.058877
0.919747 9.9991E-05 0.080153
0.965143 9.9991E-05 0.0347573
0.772615 0.133414 0.0939715
0.914828 0.0367323 0.0484393
0.881821 0.00755712 0.110622
0.964974 9.9991E-05 0.0349265
0.909411 9.9991E-05 0.0904891
0.9998 9.999E-05 9.999E-05
0.96423 9.9991E-05 0.03567
0.927908 9.9991E-05 0.0719922
0.964126 9.9991E-05 0.0357738
0.865908 0.0109256 0.123167
0.877273 9.9991E-05 0.122627
0.94935 9.9991E-05 0.05055
0.644112 0.298993 0.0568948
0.810606 0.0610048 0.128389
0.873026 0.00734175 0.119632
0.931908 9.9991E-05 0.0679917
0.937705 9.9991E-05 0.0621955
0.895309 9.9991E-05 0.104591
0.933364 9.9991E-05 0.0665362
0.715619 0.175763 0.108618
0.919792 9.9991E-05 0.0801076
0.0392488 0.433963 0.526788
0.274132 0.522934 0.202934
0.378098 0.366106 0.255796
0.192775 0.470464 0.336761
0.476907 0.39085 0.132243
0.217196 0.477883 0.304921
0.343769 0.473215 0.183016
0.423431 0.412883 0.163685
0.43186 0.398176 0.169964
0.459056 0.361303 0.179641
0.353423 0.463809 0.182768
0.0892045 0.049166 0.86163
0.120619 9.9991E-05 0.879281
0.039822 9.9991E-05 0.960078
0.0696432 9.9991E-05 0.930257
0.104157 9.9991E-05 0.895743
0.102922 9.9991E-05 0.896978
0.150977 9.9991E-05 0.848923
0.0929865 0.00358194 0.903432
0.0997667 9.9991E-05 0.900133
0.135067 9.9991E-05 0.864833
9.9991E-05 0.302384 0.697516
0.0289898 0.304878 0.666132
9.9991E-05 0.342216 0.657684
9.9991E-05 0.389416 0.610484
0.272995 0.717897 0.00910868
0.32129 0.67861 9.9991E-05
0.316294 0.683606 9.9991E-05
0.161179 0.735361 0.10346
9.9991E-05 0.87281 0.12709
0.395103 0.581229 0.0236681
0.334533 0.665367 9.9991E-05
0.273786 0.709648 0.0165652
0.247631 0.752269 9.9991E-05
0.385756 0.614144 9.9991E-05
0.209069 0.790831 9.9991E-05
9.9991E-05 0.976703 0.0231971
0.284817 0.653269 0.0619139
0.11805 0.870333 0.0116168
0.282776 0.717124 9.9991E-05
0.00055852 0.927225 0.0722162
9.9991E-05 0.66087 0.33903
9.9991E-05 0.697311 0.302589
9.9991E-05 0.727128 0.272772
9.9991E-05 0.686734 0.313166
9.9991E-05 0.759534 0.240366
9.9991E-05 0.714021 0.285879
0.167221 9.9991E-05 0.832679
0.175006 0.0207321 0.804262
0.246172 9.9991E-05 0.753728
0.200565 0.00976183 0.789673
0.188145 9.9991E-05 0.811755
9.9991E-05 0.407322 0.592578
9.9991E-05 0.401636 0.598264
9.9991E-05 0.399793 0.600107
0.200043 9.9991E-05 0.799857
9.9991E-05 0.450349 0.549551
0.556664 0.153281 0.290055
0.586107 0.343072 0.0708209
0.652368 0.184042 0.16359
0.410422 0.377445 0.212133
0.450941 0.414616 0.134443
0.335102 0.0880777 0.576821
0.240763 0.755905 0.00333153
0.195503 0.761271 0.0432261
0.11298 0.706715 0.180305
0.216555 0.783345 9.9991E-05
9.9991E-05 0.866501 0.133399
0.275958 0.64479 0.0792522
0.264457 0.709626 0.0259164
0.0940576 0.829956 0.075986
0.346092 0.592628 0.0612803
9.9991E-05 0.907045 0.092855
0.264334 0.690391 0.045275
0.289425 0.710475 9.9991E-05
0.378292 0.445974 0.175734
0.154829 0.845071 9.9991E-05
0.261553 0.726897 0.0115496
0.34216 0.65774 9.9991E-05
0.284528 0.692864 0.0226074
0.436884 0.563016 9.9991E-05
0.3636 0.580958 0.055442
0.346406 0.645531 0.00806329
0.243706 9.9991E-05 0.756194
0.187907 0.0215393 0.790553
0.100134 0.0927278 0.807138
0.138755 0.0508381 0.810407
0.170784 9.9991E-05 0.829116
0.0994078 0.723006 0.177587
0.329328 0.623678 0.0469948
0.475306 0.278761 0.245933
0.431469 0.568431 9.9991E-05
0.342616 0.60948 0.0479042
0.121723 0.745243 0.133034
9.9991E-05 0.702048 0.297852
0.326112 0.630173 0.0437145
0.0600621 0.760444 0.179494
0.293099 0.633308 0.0735934
9.9991E-05 0.68866 0.31124
0.409103 0.451167 0.13973
0.047712 0.737189 0.215099
0.219936 0.706649 0.073415
0.388169 0.591467 0.0203634
0.191879 0.712507 0.095614
0.381032 0.546861 0.0721075
0.377271 0.511922 0.110807
0.155272 0.819863 0.0248654
0.361492 0.542513 0.0959958
0.268442 0.721958 0.00960058
9.9991E-05 0.941382 0.0585175
0.0873383 0.830688 0.0819739
0.248962 0.704688 0.0463502
9.9991E-05 0.91046 0.0894399
0.20414 0.79576 9.9991E-05
0.028474 0.822025 0.149501
0.133379 0.866521 9.9991E-05
0.262791 0.647302 0.0899069
0.468684 0.509268 0.0220477
0.0956305 0.856421 0.0479483
0.388831 0.548031 0.0631386
0.430068 0.522952 0.04698
0.273564 0.625105 0.101331
0.332645 0.624961 0.0423934
0.289697 0.644626 0.0656767
0.16083 0.78781 0.0513601
0.23572 0.708662 0.0556177
0.360447 0.639453 9.9991E-05
0.388192 0.563981 0.0478266
0.252052 0.657837 0.0901113
0.348262 0.651638 9.9991E-05
0.214602 0.675092 0.110306
0.335621 0.623911 0.0404687
0.316992 0.59118 0.0918282
0.390304 0.541509 0.068187
0.436407 0.259885 0.303708
0.522731 0.398948 0.0783205
0.417612 0.460318 0.12207
0.513039 0.460735 0.0262268
0.507317 0.340944 0.15174
0.25408 0.74582 9.9991E-05
0.564313 0.282357 0.15333
0.144684 0.464853 0.390464
0.503944 0.458998 0.0370581
0.469096 0.44954 0.0813641
0.474043 0.467466 0.0584904
0.29845 0.486013 0.215537
0.478499 0.34087 0.180631
0.548645 0.387217 0.064138
0.186647 0.157323 0.65603
0.519645 0.322697 0.157658
0.535933 0.296217 0.16785
0.467729 0.501558 0.0307133
0.529734 0.322178 0.148089
0.468628 0.398262 0.13311
0.299813 0.700087 9.9991E-05
0.328162 0.62722 0.0446177
9.9991E-05 0.960591 0.0393088
9.9991E-05 0.910805 0.0890949
0.384926 0.551295 0.063779
0.591921 0.289241 0.118838
0.557239 0.28854 0.154221
0.437897 0.285099 0.277004
0.552849 0.269215 0.177936
0.0952256 0.677052 0.227722
0.203041 0.629987 0.166972
0.449215 0.550685 9.9991E-05
0.343074 0.595211 0.0617144
0.222837 0.642158 0.135005
0.390132 0.555346 0.0545223
0.385808 0.614092 9.9991E-05
0.397288 0.529585 0.0731269
0.101523 0.839603 0.0588738
0.247126 0.714232 0.0386421
0.398043 0.579852 0.0221048
0.264877 0.644766 0.0903568
0.378046 0.574045 0.0479091
0.201391 0.798509 9.9991E-05
0.037274 0.921087 0.0416386
0.367874 0.632026 9.9991E-05
0.373493 0.500371 0.126136
0.0852123 0.914688 9.9991E-05
0.249438 0.654772 0.09579
0.385237 0.580035 0.0347282
0.324798 0.637261 0.0379408
0.498917 0.401226 0.0998569
0.355857 0.479471 0.164671
0.478704 0.331749 0.189546
0.446983 0.395914 0.157103
0.428502 0.445838 0.12566
0.485614 0.359224 0.155163
0.0998064 0.585886 0.314308
0.574919 0.337544 0.0875364
0.127834 0.318184 0.553982
0.520108 0.435036 0.0448563
0.0287097 0.948978 0.0223125
9.9991E-05 0.903996 0.0959042
0.2479 0.752 9.9991E-05
0.407294 0.592606 9.9991E-05
0.201285 0.798615 9.9991E-05
0.317144 0.682756 9.9991E-05
0.323099 0.676801 9.9991E-05
0.158721 0.0162634 0.825016
0.173377 0.0591518 0.767471
0.13182 9.9991E-05 0.86808
0.106132 9.9991E-05 0.893768
0.316046 0.677632 0.0063217
0.281545 0.652064 0.0663903
0.278399 0.721501 9.9991E-05
0.423629 0.525995 0.0503751
0.329511 0.554849 0.11564
0.107105 0.892795 9.9991E-05
0.30992 0.68998 9.9991E-05
0.124086 0.875814 9.9991E-05
0.488434 0.318997 0.192569
0.310686 0.689214 9.9991E-05
0.157451 0.811565 0.0309839
0.302808 0.697092 9.9991E-05
0.184953 0.814947 9.9991E-05
0.326807 0.673093 9.9991E-05
0.33825 0.659612 0.00213784
0.0207634 0.979137 9.9991E-05
0.17156 0.810778 0.0176614
0.166124 0.833776 9.9991E-05
9.9991E-05 0.98679 0.0131103
0.278651 0.697849 0.0235005
0.0678457 0.900011 0.0321435
9.9991E-05 0.922783 0.077117
0.36585 0.63405 9.9991E-05
0.134154 0.835906 0.0299396
0.279348 0.720552 9.9991E-05
0.320866 0.622606 0.0565273
0.277553 0.722347 9.9991E-05
0.235661 0.764239 9.9991E-05
0.336987 0.662913 9.9991E-05
0.259019 0.711331 0.0296501
0.0979469 0.901953 9.9991E-05
0.354253 0.580171 0.0655765
9.9991E-05 0.253097 0.746803
0.065719 0.155409 0.778872
9.9991E-05 0.0829323 0.916968
9.9991E-05 0.118134 0.881766
0.0172389 0.181258 0.801503
0.077793 0.841708 0.0804991
0.0284067 0.85983 0.111764
0.0671517 0.932748 9.9991E-05
0.403523 0.491981 0.104496
0.412568 0.522038 0.0653941
0.194281 0.805597 0.000121844
0.387622 0.612278 9.9991E-05
0.33897 0.66093 9.9991E-05
0.314374 0.685526 9.9991E-05
0.34136 0.65854 9.9991E-05
0.139594 0.827227 0.0331787
0.155632 0.844268 9.9991E-05
0.143078 0.856822 9.9991E-05
0.430937 0.560987 0.00807624
0.249103 0.750797 9.9991E-05
0.291369 0.700693 0.00793855
0.699366 0.228926 0.0717077
0.719001 0.163861 0.117138
0.711124 0.187525 0.101351
0.736642 0.0939862 0.169372
0.664414 0.256272 0.0793141
0.39144 0.603556 0.00500362
0.691708 9.9991E-05 0.308192
0.699468 0.0950803 0.205451
0.458199 0.390735 0.151065
0.349994 0.572413 0.0775923
0.320473 0.5736 0.105927
0.463813 0.488268 0.0479182
0.387159 0.561439 0.0514017
0.74414 0.0683888 0.187471
0.654577 0.29258 0.0528425
0.787057 0.195517 0.0174259
0.626826 0.272201 0.100973
0.682258 0.144521 0.173222
0.547996 0.322488 0.129516
0.696892 0.108319 0.194789
0.611685 0.282568 0.105747
0.318681 0.594596 0.0867236
0.613897 0.211138 0.174965
0.784921 9.9991E-05 0.214979
0.623608 0.268473 0.107918
0.0764572 0.683619 0.239924
0.453494 0.546406 9.9991E-05
0.601081 0.266207 0.132712
0.414591 0.55161 0.0337989
0.239571 0.614422 0.146008
0.429406 0.370654 0.19994
0.507029 0.236115 0.256856
0.461655 0.478508 0.0598375
0.551939 0.326702 0.121359
0.742235 0.181409 0.0763559
0.749656 0.0030631 0.247281
0.377596 0.504682 0.117722
0.216123 0.665678 0.1182
0.11554 0.647316 0.237144
0.416007 0.469448 0.114545
0.242557 0.581548 0.175895
0.420259 0.419763 0.159978
0.377403 0.486286 0.136311
0.167935 0.350136 0.481928
0.1469 0.364107 0.488993
0.278173 0.493465 0.228362
0.25081 0.288827 0.460364
0.268241 0.13275 0.599008
0.374578 0.458683 0.166739
0.411043 0.366844 0.222113
0.292251 0.392073 0.315676
0.212702 0.382149 0.405148
0.414645 0.430707 0.154648
0.233788 0.464367 0.301846
0.07613 0.286359 0.637511
0.516358 0.449522 0.0341206
0.472655 0.315235 0.21211
0.41482 0.300383 0.284797
0.664716 0.225149 0.110135
0.407111 0.431413 0.161476
0.484582 0.370357 0.145061
0.530796 0.314974 0.154231
0.442352 0.215985 0.341663
0.504902 0.307802 0.187296
0.596593 0.252491 0.150916
0.484182 0.293509 0.222308
0.317406 0.494184 0.18841
0.404577 0.366895 0.228528
0.554274 0.416387 0.0293385
0.412134 0.573688 0.0141786
0.515382 0.211934 0.272685
0.476545 0.380604 0.142851
0.349214 0.222668 0.428118
0.515093 0.344574 0.140333
0.517641 0.169952 0.312406
0.0505165 0.115868 0.833615
9.9991E-05 0.685947 0.313953
9.9991E-05 0.706681 0.293219
9.9991E-05 0.712956 0.286944
9.9991E-05 0.765883 0.234017
9.9991E-05 0.724577 0.275323
9.9991E-05 0.797033 0.202867
9.9991E-05 0.701175 0.298725
9.9991E-05 0.552386 0.447514
0.100778 9.9991E-05 0.899122
0.0862898 0.0484529 0.865257
0.119751 9.9991E-05 0.880149
0.0523612 0.0843618 0.863277
0.109351 9.9991E-05 0.890549
0.0775024 9.9991E-05 0.922398
0.222425 0.0144769 0.763098
0.17761 9.9991E-05 0.82229
0.133999 0.136586 0.729416
0.114028 9.9991E-05 0.885872
0.043355 9.9991E-05 0.956545
0.112747 0.025505 0.861748
0.0592308 9.9991E-05 0.940669
0.13901 9.9991E-05 0.86089
0.162676 9.9991E-05 0.837224
0.204209 9.9991E-05 0.795691
0.286443 9.9991E-05 0.713457
0.254359 9.9991E-05 0.745541
0.238553 9.9991E-05 0.761347
0.271505 0.581712 0.146783
0.355988 0.590714 0.0532981
0.473703 0.435208 0.091089
0.0382904 0.764961 0.196749
0.297082 0.655073 0.0478449
0.0744719 0.624928 0.3006
0.482286 0.517614 9.9991E-05
0.21804 0.69804 0.0839198
0.325525 0.548541 0.125934
0.347117 0.616229 0.0366536
0.2675 0.644676 0.0878236
0.423781 0.560454 0.0157644
0.35889 0.583427 0.057683
0.0261169 0.867623 0.10626
9.9991E-05 0.775412 0.224488
0.113597 0.705448 0.180955
0.423506 0.561613 0.0148807
0.36746 0.561145 0.071395
0.358854 0.523829 0.117317
0.431511 0.542388 0.0261008
0.42399 0.412202 0.163809
0.567699 0.318731 0.11357
0.249915 0.3158 0.434285
0.388278 0.478882 0.13284
0.374791 0.391513 0.233696
0.140006 0.27242 0.587574
0.447554 0.279869 0.272577
0.351228 0.284286 0.364485
0.353565 0.355832 0.290602
0.533611 0.386539 0.0798499
0.48467 0.319184 0.196145
0.511276 0.390523 0.098201
0.457401 0.416086 0.126512
0.397717 0.144001 0.458282
