9.9991E-05 0.0653791 0.905434 0.00530652 0.0237807
0.0395016 0.00306124 0.957237 9.9982E-05 9.9982E-05
9.999E-05 0.00383322 0.824334 0.0846037 0.087129
9.9982E-05 0.117306 0.766647 9.9982E-05 0.115847
9.9982E-05 9.9982E-05 0.880041 0.036183 0.0835765
0.0548431 0.125703 0.628684 0.134288 0.0564814
0.0357319 0.0435536 0.878506 0.0421082 9.9991E-05
0.0428111 0.198637 0.720827 9.9991E-05 0.0376245
0.0773519 0.0783472 0.844101 9.9982E-05 9.9982E-05
0.103285 0.00949214 0.722525 0.0947263 0.0699715
0.0370091 0.155554 0.778368 0.0289693 9.9991E-05
0.118639 0.497038 9.9991E-05 0.32034 0.0638833
0.00963595 0.331236 0.0458118 0.457834 0.155482
0.152811 0.431967 0.0376334 0.271669 0.105919
0.0715504 0.395526 0.0273886 0.295758 0.209776
0.105932 0.218513 0.167988 0.457059 0.050508
0.0649209 0.168803 0.0989523 0.5314 0.135924
0.231625 0.20924 9.9991E-05 0.401371 0.157664
0.0225169 0.339692 0.172204 0.405308 0.0602786
0.173953 0.627926 0.0544277 0.0947663 0.0489279
0.102334 0.291454 0.0389283 0.448474 0.11881
0.198355 0.139346 0.0194792 0.520842 0.121978
0.0379821 0.215943 0.0593321 0.6283 0.0584433
0.152627 0.361197 9.9991E-05 0.373367 0.112709
0.0237264 0.154059 0.0707515 0.612783 0.13868
9.9982E-05 0.302863 9.9982E-05 0.524638 0.172299
0.0976636 0.512167 0.0408981 0.2189 0.130372
0.126904 0.414086 0.0498472 0.18418 0.224983
0.261668 0.434898 9.9991E-05 0.256217 0.047118
9.9982E-05 9.9982E-05 0.855738 0.0456825 0.0983794
9.9982E-05 9.9982E-05 0.850101 0.142421 0.00727862
9.9982E-05 9.9982E-05 0.8069 0.155047 0.0378529
9.9982E-05 9.9982E-05 0.800333 0.135638 0.0638292
0.177611 0.109344 0.0583903 0.626656 0.0279996
0.10596 0.132673 0.114436 0.586573 0.0603578
0.223493 9.9991E-05 0.036955 0.716284 0.0231674
0.0550667 0.604115 0.113732 0.198864 0.0282225
0.463518 0.0217738 9.9982E-05 0.514508 9.9982E-05
0.238175 0.0895877 0.00985556 0.53296 0.129422
0.203633 9.9982E-05 0.0484989 0.747668 9.9982E-05
0.11866 0.098401 0.134034 0.605452 0.0434531
0.11001 0.10345 0.0985855 0.687854 9.9991E-05
0.527603 0.162375 9.9982E-05 0.309822 9.9982E-05
0.0717647 0.109692 0.13574 0.610664 0.0721392
0.306143 0.0548652 0.0553859 0.515987 0.0676198
0.0932228 9.9991E-05 0.167905 0.685216 0.0535556
0.496505 9.9973E-05 9.9973E-05 0.503195 9.9973E-05
0.12094 9.9991E-05 0.0941286 0.706567 0.0782644
0.0975753 0.128405 0.089051 0.593909 0.0910593
0.895904 0.0125845 0.0913117 9.9982E-05 9.9982E-05
0.24775 0.437504 9.9982E-05 0.314546 9.9982E-05
0.568115 0.235561 0.0402834 0.0814554 0.0745844
0.0123448 0.26054 0.0718823 0.532393 0.12284
0.0640448 0.0742656 0.12567 0.645363 0.0906571
0.0610534 0.0574036 0.0906291 0.668562 0.122352
0.263737 0.329211 0.159617 0.247336 9.9991E-05
9.9988E-05 0.205572 0.111415 0.682813 9.9988E-05
0.0725659 0.0705477 0.0888554 0.619535 0.148496
0.21961 0.249407 0.0901415 0.413431 0.02741
0.22323 0.378207 0.20516 0.126378 0.0670256
0.101258 0.134875 0.098865 0.620711 0.0442906
0.124022 0.2832 0.0482623 0.403582 0.140934
0.287902 0.588071 0.0476618 0.0762652 9.9991E-05
0.122854 0.236125 0.00656554 0.518656 0.115799
0.16499 0.0517992 9.9991E-05 0.645091 0.138019
0.094451 0.115319 0.0837685 0.631587 0.0748743
0.266424 0.287085 0.0381807 0.338302 0.0700087
0.140699 0.248563 9.9991E-05 0.482887 0.127751
0.135919 0.0907541 0.105371 0.651123 0.0168322
0.315392 0.407949 0.0459036 0.227636 0.00311939
0.238097 0.0603354 0.00568214 0.695785 9.9991E-05
0.435663 0.188103 9.9982E-05 0.376034 9.9982E-05
0.110818 0.11026 0.114459 0.615975 0.0484878
0.840052 9.9973E-05 9.9973E-05 0.159648 9.9973E-05
0.748147 0.0908046 9.9982E-05 0.160849 9.9982E-05
0.452394 0.0549832 9.9982E-05 0.492423 9.9982E-05
0.236551 0.137298 9.9982E-05 0.62595 9.9982E-05
0.16552 9.9991E-05 0.108662 0.625765 0.0999526
0.219979 0.0870999 0.0688912 0.62393 9.9991E-05
0.348784 0.262291 0.0102155 0.37861 9.9991E-05
0.214762 0.332418 0.0131346 0.439585 9.9991E-05
0.174804 0.0484411 0.160859 0.601493 0.0144023
0.374885 0.113882 0.0482192 0.462914 9.9991E-05
0.280189 0.0507045 0.115069 0.553938 9.9991E-05
0.407071 9.9982E-05 0.0212097 0.571519 9.9982E-05
0.82542 9.9982E-05 0.0185708 0.155809 9.9982E-05
0.122835 0.0826361 0.0435157 0.639583 0.11143
9.9991E-05 0.0153468 0.80721 0.161564 0.0157792
9.9973E-05 9.9973E-05 0.91919 0.0805098 9.9973E-05
9.9982E-05 9.9982E-05 0.875206 0.0528172 0.0717772
0.0343457 9.9982E-05 0.938893 9.9982E-05 0.0265612
0.0196093 9.9991E-05 0.880776 0.0875993 0.0119154
0.0198214 0.00805931 0.908158 0.0638613 9.9991E-05
0.0127031 9.9982E-05 0.963508 9.9982E-05 0.0235885
0.0415122 0.169241 0.104526 0.625951 0.0587701
0.163793 0.0781775 0.0875772 0.57422 0.0962321
0.604353 0.129854 9.9982E-05 0.265593 9.9982E-05
0.0972807 0.109155 0.11043 0.582572 0.100563
0.226311 0.113755 0.0322556 0.627579 9.9991E-05
0.193829 9.9982E-05 0.0942204 0.711751 9.9982E-05
0.315803 9.9991E-05 0.0355962 0.638033 0.0104682
0.250614 9.9991E-05 0.0274538 0.628608 0.0932242
0.579098 0.265333 0.01224 0.143229 9.9991E-05
0.0241422 0.157951 0.23552 0.582287 9.9991E-05
0.0106328 9.9982E-05 0.161957 0.82721 9.9982E-05
0.00796606 0.219283 0.0856071 0.581254 0.105889
0.538785 9.9982E-05 0.0160713 0.444944 9.9982E-05
0.330582 9.9973E-05 9.9973E-05 0.669119 9.9973E-05
0.19484 0.198198 9.9982E-05 0.606763 9.9982E-05
0.415193 0.0245155 9.9991E-05 0.512107 0.0480838
0.281892 0.0995301 0.0743702 0.544107 9.9991E-05
0.0766073 0.169083 0.0888144 0.597162 0.0683337
0.333918 0.316828 0.031533 0.198751 0.11897
9.9991E-05 0.397609 0.125355 0.359868 0.117068
0.065806 0.183183 0.153719 0.456275 0.141016
0.137241 0.15387 0.0392442 0.548412 0.121232
0.00816891 0.39986 0.0677093 0.524162 9.9991E-05
0.0775274 0.295263 9.9991E-05 0.544777 0.0823327
0.00353628 0.447097 0.0406408 0.470513 0.0382126
0.132766 0.227992 0.110706 0.5253 0.00323635
0.00986821 0.202424 0.0379816 0.552332 0.197394
0.0311976 0.217134 0.0691814 0.674832 0.00765483
9.9982E-05 0.39462 9.9982E-05 0.598241 0.00693867
0.164509 0.146016 0.0168805 0.585107 0.0874876
0.0840823 0.184518 0.00247463 0.530277 0.198648
9.99848E-05 0.278123 9.99848E-05 0.631785 0.0898922
0.0865582 0.243291 0.0705044 0.431008 0.168638
0.144469 0.200245 9.9991E-05 0.523497 0.131689
0.180888 0.276483 0.0574898 0.37855 0.106589
0.0204786 0.220174 0.0556878 0.612659 0.0910006
9.9982E-05 0.258752 9.9982E-05 0.572241 0.168807
0.185176 0.433491 9.9991E-05 0.282684 0.0985487
0.409303 0.34228 0.0412278 0.144288 0.0629011
0.0378346 0.263361 0.0921789 0.606525 9.9991E-05
0.455284 0.340429 9.9991E-05 0.123586 0.0806007
0.157268 0.457977 0.0192964 0.300666 0.0647933
0.141631 0.349532 9.9982E-05 0.508637 9.9982E-05
0.0278368 0.512516 0.0461931 0.413354 9.9991E-05
0.100437 0.479783 9.9991E-05 0.374562 0.0451178
0.17356 0.0127991 0.0839251 0.593335 0.13638
0.065815 0.185753 0.0647997 0.517593 0.16604
0.05055 0.234992 0.00081774 0.676943 0.0366973
0.403802 0.357728 0.00134081 0.119956 0.117173
0.0602258 0.16235 0.181996 0.497525 0.0979032
0.217933 0.0906829 0.0282831 0.534679 0.128423
0.632241 0.123283 0.217102 0.0272741 9.9991E-05
0.125085 9.9991E-05 0.129889 0.702442 0.0424837
0.356775 0.112388 0.109165 0.347008 0.0746641
0.0530856 0.176727 0.109591 0.528428 0.132168
0.436005 0.134028 0.113873 0.220644 0.0954505
0.428148 0.219144 0.134741 0.217867 9.9991E-05
0.298445 0.0800864 0.0838308 0.537538 9.9991E-05
0.224115 0.145684 0.127555 0.412686 0.0899593
0.22249 0.0754841 0.114866 0.466224 0.120935
0.587705 0.109996 0.0716947 0.0515939 0.17901
0.115318 0.152099 0.102263 0.534775 0.095546
0.397173 0.179437 9.9982E-05 0.423189 9.9982E-05
0.324852 0.0764487 0.0476202 0.535835 0.0152444
0.132381 0.0604603 0.138746 0.582077 0.0863356
0.139673 9.9991E-05 0.406886 0.20312 0.250221
0.212416 9.9982E-05 0.617269 9.9982E-05 0.170115
0.347167 9.9982E-05 0.496067 9.9982E-05 0.156566
0.1539 0.0842262 0.341465 9.9991E-05 0.420308
0.27434 9.9982E-05 9.9982E-05 0.665955 0.059505
0.0815564 0.131629 0.0240739 0.57852 0.184221
9.9973E-05 9.9973E-05 9.9973E-05 0.303614 0.696086
9.9991E-05 0.137335 0.0766147 0.325009 0.460941
9.9991E-05 0.158618 0.0457918 0.266716 0.528774
0.532167 0.00339165 0.0878324 0.375947 0.000662054
0.25267 9.9991E-05 0.121246 0.473475 0.152509
0.62872 0.0926082 0.0366723 0.192453 0.0495468
0.235427 9.9991E-05 0.0547562 0.592763 0.116953
0.207751 0.0985895 0.0505913 0.556957 0.0861109
0.274785 0.0461783 9.9991E-05 0.592965 0.0859719
0.556812 0.107659 0.00934865 0.290407 0.0357745
0.149321 0.045555 0.0716152 0.620007 0.113502
0.251404 9.9991E-05 0.0747349 0.520569 0.153192
0.00641941 9.9982E-05 9.9982E-05 0.0161872 0.977193
9.9982E-05 0.00754866 9.9982E-05 0.0969276 0.895324
0.00267141 0.0493395 0.0357118 0.301276 0.611001
9.9982E-05 0.00886152 9.9982E-05 0.25138 0.739559
9.9991E-05 0.020667 0.00928283 0.120506 0.849444
9.997E-05 9.997E-05 9.997E-05 9.997E-05 0.9996
9.9973E-05 0.031619 9.9973E-05 9.9973E-05 0.968081
9.9973E-05 9.9973E-05 9.9973E-05 0.0949978 0.904702
9.9973E-05 0.0231181 9.9973E-05 9.9973E-05 0.976582
9.997E-05 9.997E-05 9.997E-05 9.997E-05 0.9996
9.997E-05 9.997E-05 9.997E-05 9.997E-05 0.9996
9.9991E-05 0.0548936 0.024768 0.124866 0.795373
9.9991E-05 0.00433569 0.0573236 0.0719806 0.86626
9.9973E-05 0.00560955 9.9973E-05 9.9973E-05 0.994091
9.9991E-05 0.161799 0.0567711 0.432973 0.348356
0.0411671 0.0728342 9.9991E-05 0.227355 0.658544
9.9991E-05 0.0476654 0.0783763 0.1262 0.747658
9.9982E-05 0.0202154 9.9982E-05 0.0610222 0.918562
9.9973E-05 9.9973E-05 9.9973E-05 0.0168289 0.982871
9.9982E-05 9.9982E-05 0.0342069 0.110695 0.854898
9.997E-05 9.997E-05 9.997E-05 9.997E-05 0.9996
0.01288 9.9991E-05 0.0592817 0.282715 0.645023
0.0230833 0.0130873 9.9991E-05 0.0438985 0.919831
0.522506 9.9982E-05 0.414852 9.9982E-05 0.0624416
0.170279 0.0847681 0.192179 0.41038 0.142394
0.115063 0.0936592 0.274812 0.466292 0.0501736
0.406172 9.9991E-05 0.258601 0.192637 0.14249
0.0953469 0.139761 0.0975587 0.43579 0.231543
0.418684 9.9991E-05 0.255554 0.159789 0.165873
0.125875 0.127586 0.205902 0.474878 0.0657593
0.213907 9.9991E-05 0.226092 0.368167 0.191733
0.0859248 0.0684961 0.224204 0.443239 0.178136
0.257332 9.9991E-05 0.149868 0.25873 0.333971
0.0917944 0.0412127 0.23984 0.520941 0.106211
0.0362893 0.114138 0.84266 0.00681264 9.9991E-05
0.0499849 9.9982E-05 0.899636 9.9982E-05 0.0501787
9.9973E-05 0.0190178 0.980682 9.9973E-05 9.9973E-05
9.9982E-05 0.054472 0.926094 0.0192344 9.9982E-05
9.9982E-05 0.0769888 0.902033 9.9982E-05 0.0207784
0.00362158 9.9982E-05 0.929818 9.9982E-05 0.0663608
9.9991E-05 0.00993526 0.900314 0.0390582 0.0505926
0.0402218 0.043566 0.895578 0.000404608 0.0202296
9.9973E-05 9.9973E-05 0.964441 0.0352593 9.9973E-05
9.9982E-05 0.0275351 0.858547 9.9982E-05 0.113718
0.141225 0.234112 0.624463 9.9982E-05 9.9982E-05
0.0370385 0.333757 0.586097 9.9991E-05 0.0430071
0.142239 0.317424 0.540138 9.9982E-05 9.9982E-05
0.121667 0.368035 0.510098 9.9982E-05 9.9982E-05
0.0525136 0.224435 0.0701098 0.652841 9.9991E-05
0.145523 0.115451 0.0227642 0.672319 0.0439426
0.0611285 0.190221 0.0336121 0.667396 0.0476422
0.193525 0.27916 0.0681824 0.459033 9.9991E-05
0.0954466 0.666362 9.9991E-05 0.1905 0.0475913
0.181154 0.00116551 0.0679507 0.708747 0.0409825
0.132144 0.149726 9.9991E-05 0.690139 0.0278907
0.3367 0.0631251 9.9991E-05 0.586266 0.0138088
0.426425 0.0036872 9.9991E-05 0.547768 0.0220195
0.0797697 0.120259 9.9991E-05 0.668104 0.131767
0.283222 0.134373 9.9982E-05 0.582205 9.9982E-05
0.833822 0.0930823 9.9982E-05 0.0728959 9.9982E-05
0.220105 0.254142 9.9991E-05 0.472567 0.0530847
0.556792 9.9982E-05 0.00480045 0.438208 9.9982E-05
0.356575 0.01378 9.9982E-05 0.629445 9.9982E-05
0.517068 0.223299 9.9982E-05 0.259432 9.9982E-05
0.0775151 0.795935 0.12635 9.9982E-05 9.9982E-05
0.0166198 0.827744 0.106992 0.048544 9.9991E-05
0.0565125 0.866222 0.0635754 0.0135898 9.9991E-05
0.0525102 0.821095 0.126195 9.9982E-05 9.9982E-05
0.0291718 0.883838 0.0282475 0.0296279 0.0291153
0.0120629 0.79523 0.0756974 0.0194586 0.0975508
9.9982E-05 9.9982E-05 0.880501 0.110143 0.00915595
9.9991E-05 0.0949806 0.779987 0.0685579 0.0563747
9.9982E-05 9.9982E-05 0.790077 0.125235 0.084488
9.9991E-05 0.116832 0.749707 0.0212318 0.112129
9.9991E-05 0.0201068 0.811582 0.0993956 0.0688155
0.037885 0.531708 0.430208 9.9982E-05 9.9982E-05
0.101379 0.424894 0.473526 9.9982E-05 9.9982E-05
0.0807263 0.425307 0.493767 9.9982E-05 9.9982E-05
9.9991E-05 0.0367349 0.82114 0.104901 0.0371246
0.0960049 0.4765 0.427295 9.9982E-05 9.9982E-05
0.112598 9.9991E-05 0.278999 0.235499 0.372804
9.9991E-05 0.0891687 0.114305 0.524704 0.271722
9.9982E-05 9.9982E-05 0.200512 0.54319 0.256098
0.0322971 0.0439915 0.29166 0.355475 0.276576
9.9991E-05 0.113445 0.203726 0.550676 0.132052
0.180728 9.9982E-05 0.473316 9.9982E-05 0.345756
0.0810012 0.369254 0.00278799 0.546857 9.9991E-05
0.320613 0.224031 9.9991E-05 0.398193 0.0570636
9.9991E-05 0.602939 0.0665993 0.270691 0.0596702
0.292938 0.135598 9.9991E-05 0.49887 0.072494
0.799684 0.200016 9.9973E-05 9.9973E-05 9.9973E-05
0.0217285 0.13464 0.144409 0.562562 0.13666
0.158368 0.244048 0.0206328 0.520339 0.0566121
0.0952791 0.448963 0.0313119 0.424346 9.9991E-05
0.0728768 0.250122 0.0857728 0.467758 0.12347
0.495117 0.349601 9.9991E-05 0.15393 0.00125195
0.289395 0.170941 0.000558367 0.400409 0.138697
0.0602192 0.29071 9.9991E-05 0.590573 0.0583976
0.157076 0.126228 0.143276 0.34535 0.22807
0.220235 0.312782 9.9991E-05 0.402781 0.0641012
0.129907 0.31359 9.9991E-05 0.4861 0.0703026
0.245914 0.16254 9.9991E-05 0.437774 0.153672
0.211919 0.199214 0.0319288 0.556837 9.9991E-05
0.102315 0.187243 0.0425237 0.622245 0.0456732
0.12797 0.205445 0.0859147 0.502339 0.0783305
0.0984626 0.106781 0.120648 0.602776 0.0713329
9.9982E-05 9.9982E-05 0.807998 0.103417 0.0883847
0.0210701 9.9991E-05 0.829758 0.103 0.0460717
0.0395305 0.0609391 0.799611 0.0750417 0.0248774
0.0792784 0.0542131 0.783694 9.9991E-05 0.0827147
9.9982E-05 9.9982E-05 0.85864 0.110088 0.0310718
0.0813296 0.613511 9.9991E-05 0.197 0.10806
0.197444 0.0864687 0.10998 0.507401 0.0987069
0.0218882 0.0580061 0.224374 0.389328 0.306404
9.9982E-05 0.176407 9.9982E-05 0.741753 0.08164
0.100072 0.240183 0.0420347 0.574346 0.0433644
0.277552 0.358373 9.9991E-05 0.226504 0.13747
0.226098 0.615203 0.158499 9.9982E-05 9.9982E-05
0.0514966 0.279146 0.0567798 0.528833 0.0837452
0.146269 0.52644 0.0886434 0.188419 0.0502281
0.27936 0.174335 0.0864128 0.426417 0.0334754
0.165483 0.550031 0.141769 0.121026 0.0216913
9.9991E-05 0.21054 0.135707 0.506726 0.146927
0.133386 0.566639 0.0539422 0.21263 0.0334029
0.201171 0.314972 0.0207683 0.360884 0.102205
0.252192 0.00619589 0.115945 0.549982 0.0756844
0.456901 0.0870633 0.0780707 0.32695 0.0510153
0.215917 0.0167948 0.0663071 0.63218 0.0688015
0.141803 0.0656192 0.173158 0.61932 9.9991E-05
0.4046 0.167635 0.006187 0.421479 9.9991E-05
0.161372 0.187217 0.0983892 0.461888 0.0911338
0.204215 9.9982E-05 0.145827 0.649758 9.9982E-05
0.713434 0.155395 9.9982E-05 0.130971 9.9982E-05
0.649621 9.9982E-05 0.0276267 0.322552 9.9982E-05
0.287053 0.0915876 0.0330379 0.560946 0.0273749
0.672158 0.124583 9.9982E-05 0.203059 9.9982E-05
0.305773 0.1696 0.0106103 0.513917 9.9991E-05
0.187259 0.650012 9.9991E-05 0.12235 0.0402779
0.268192 0.375616 9.9991E-05 0.327127 0.0289644
0.0635028 0.474179 0.0187468 0.377554 0.0660173
0.0325736 0.189859 0.018714 0.683176 0.0756777
0.100915 0.588365 9.9991E-05 0.28322 0.0273991
0.21425 0.146973 0.0795821 0.423206 0.135989
9.9991E-05 0.163547 0.0791113 0.64103 0.116211
0.0708911 0.325238 0.000434702 0.517172 0.0862643
0.0114246 0.332353 9.9991E-05 0.49214 0.163983
0.0248725 0.405875 9.9991E-05 0.511001 0.0581508
0.0862281 0.578878 9.9991E-05 0.267946 0.0668481
0.104675 0.46598 9.9991E-05 0.257323 0.171921
0.0282818 0.242776 9.9991E-05 0.680098 0.0487437
0.0448996 0.284025 0.0387657 0.542182 0.0901279
0.146099 0.298979 0.0684169 0.462234 0.0242714
0.0751864 0.291777 9.9991E-05 0.512534 0.120403
0.0505357 0.448484 0.073911 0.33066 0.096409
0.0156033 0.246259 9.9991E-05 0.736211 0.00182736
0.0252231 0.311219 0.0516448 0.585132 0.0267804
0.100152 0.14455 0.121161 0.563121 0.071016
0.0416472 0.0156357 0.373591 0.454389 0.114737
0.149787 9.9991E-05 0.12088 0.437951 0.291282
0.0348457 0.120635 0.174357 0.522007 0.148154
0.104271 0.052072 0.0818047 0.595642 0.16621
0.0569532 0.0363742 0.174274 0.482567 0.249832
0.246202 0.178206 9.9991E-05 0.44788 0.127611
0.0585228 0.0759785 0.193301 0.442405 0.229793
0.536495 9.9982E-05 0.250442 9.9982E-05 0.212863
0.0494105 0.0938218 0.158192 0.500431 0.198145
0.0895782 0.0200465 0.142601 0.604189 0.143585
0.139838 0.108953 9.9991E-05 0.432714 0.318394
0.197516 0.105177 0.20473 0.369167 0.123411
0.0846174 9.9991E-05 0.166338 0.480017 0.268927
0.131756 9.9991E-05 0.142986 0.463931 0.261227
0.302803 9.9982E-05 0.50635 9.9982E-05 0.190647
0.0215392 0.0302531 0.18629 0.471147 0.290771
0.0649068 9.9991E-05 0.178479 0.562561 0.193953
0.0588883 0.0579763 0.108713 0.598117 0.176305
0.030877 9.9991E-05 0.194031 0.498112 0.276881
0.0516005 0.0396406 0.219901 0.520284 0.168574
0.346243 0.0739425 0.0357541 0.492595 0.0514656
0.259069 9.9991E-05 0.156071 0.525479 0.0592809
0.72877 0.138134 9.9991E-05 0.127781 0.0052139
0.831935 0.0628187 9.9982E-05 0.105046 9.9982E-05
0.219231 0.0307281 0.122429 0.560807 0.0668054
0.162024 9.9991E-05 0.126663 0.383391 0.327821
0.206767 9.9991E-05 0.0532341 0.27231 0.467589
0.286987 0.0546614 0.171951 0.114145 0.372256
0.176335 9.9991E-05 0.1757 0.354003 0.293862
0.700453 9.9991E-05 0.0862925 0.0501461 0.163008
0.620842 9.9991E-05 0.100914 0.0800371 0.198107
0.18651 0.0330995 9.9991E-05 0.653141 0.12715
0.308573 0.00644339 0.0637032 0.421075 0.200206
0.579358 9.9991E-05 0.0502879 0.143633 0.226621
0.201752 0.0857471 0.0102906 0.51926 0.182951
0.238736 0.0431272 9.9991E-05 0.53633 0.181707
0.206448 9.9991E-05 0.0856462 0.510375 0.197431
0.447975 0.0777413 0.00779023 0.466393 9.9991E-05
0.427407 0.121626 9.9991E-05 0.374741 0.0761255
0.212177 0.11056 0.0350523 0.501848 0.140363
0.291685 0.21412 0.074314 0.386211 0.0336698
0.211082 0.0755055 0.055857 0.396914 0.260641
0.36582 9.9982E-05 0.0348232 0.599157 9.9982E-05
0.577586 0.137259 9.9982E-05 0.284955 9.9982E-05
0.224517 9.9991E-05 0.00962429 0.660146 0.105613
0.179181 0.141203 0.172838 0.44116 0.0656172
0.600678 0.0923007 9.9991E-05 0.273377 0.0335447
0.411191 0.0858707 9.9991E-05 0.46804 0.0347983
0.180941 0.0949592 0.0784465 0.540727 0.104926
0.288715 0.0426209 0.0512392 0.556887 0.0605374
0.0942066 0.0555876 0.217622 0.425796 0.206788
0.175546 0.171291 0.132706 0.302867 0.217591
0.198396 0.0278093 0.179677 0.301848 0.29227
0.126955 0.146474 0.199943 0.30116 0.225468
0.0961866 0.0586847 0.25887 0.401522 0.184737
0.174591 0.0418662 0.113328 0.511116 0.159099
0.624648 9.9982E-05 0.205933 9.9982E-05 0.169219
0.044686 9.9991E-05 0.106316 0.512725 0.336173
0.434927 9.9982E-05 0.367436 9.9982E-05 0.197437
0.170394 9.9991E-05 0.0277214 0.502862 0.298923
0.766231 9.9973E-05 9.9973E-05 0.233469 9.9973E-05
0.929768 0.0629489 0.00708341 9.9982E-05 9.9982E-05
0.387181 9.9991E-05 0.00619504 0.58879 0.0177337
0.285367 9.9991E-05 0.019751 0.606101 0.0886807
0.433497 0.0744918 9.9982E-05 0.491811 9.9982E-05
0.390567 0.0116437 9.9991E-05 0.485942 0.111747
0.367551 9.9982E-05 9.9982E-05 0.561009 0.0712402
0.0373146 0.00990723 0.811614 0.0930129 0.0481511
0.00490824 0.132051 0.745294 9.9991E-05 0.117647
9.9991E-05 0.0156311 0.923536 0.0117341 0.0489992
9.9973E-05 9.9973E-05 0.958781 0.0409189 9.9973E-05
0.281809 0.0455089 0.042829 0.629753 9.9991E-05
0.149966 0.0237326 0.093961 0.727302 0.00503863
0.196327 0.0850639 0.0115771 0.706932 9.9991E-05
0.118767 0.079494 0.106579 0.695061 9.9991E-05
0.158496 0.0501418 0.139222 0.631202 0.0209393
0.429897 0.158415 9.9982E-05 0.411489 9.9982E-05
0.243592 9.9991E-05 0.0549545 0.694728 0.00662601
0.468623 9.9982E-05 0.0241897 0.506987 9.9982E-05
9.9991E-05 0.0506908 0.20965 0.425764 0.313796
0.375095 9.9982E-05 9.9982E-05 0.556428 0.0682771
0.31295 0.129668 9.9982E-05 0.557181 9.9982E-05
0.25892 0.0852216 9.9982E-05 0.655658 9.9982E-05
0.215475 0.153204 9.9982E-05 0.631121 9.9982E-05
0.28088 9.9982E-05 9.9982E-05 0.70511 0.0138097
0.160145 0.0367913 0.102647 0.700317 9.9991E-05
0.70251 9.9973E-05 9.9973E-05 0.29719 9.9973E-05
0.470644 0.0877926 9.9991E-05 0.423113 0.0183503
0.429001 0.0838464 9.9982E-05 0.486952 9.9982E-05
0.912128 9.9973E-05 9.9973E-05 0.0875722 9.9973E-05
0.20292 0.203526 9.9991E-05 0.569062 0.0243919
0.687644 0.064294 9.9991E-05 0.237377 0.0105847
0.938099 9.9973E-05 9.9973E-05 0.0616006 9.9973E-05
0.154501 0.0223817 0.0804163 0.742601 9.9991E-05
0.496328 0.125514 0.0219774 0.35608 9.9991E-05
0.306779 0.0992476 9.9991E-05 0.534417 0.0594572
0.204884 9.9991E-05 0.0697717 0.609378 0.115866
0.141412 0.148294 9.9991E-05 0.662009 0.048186
0.201763 0.345729 9.9991E-05 0.325695 0.126713
0.189043 0.123292 0.0223714 0.598277 0.0670161
0.21729 0.155635 0.0876016 0.53327 0.00620342
0.480421 9.9973E-05 9.9973E-05 0.519279 9.9973E-05
0.163442 0.0768361 0.0763072 0.658675 0.0247388
0.0674231 0.279157 0.65322 9.9982E-05 9.9982E-05
9.99861E-05 0.144907 0.733636 0.121257 9.99861E-05
0.00840492 0.129547 0.861848 9.9982E-05 9.9982E-05
0.0113995 0.172572 0.815828 9.9982E-05 9.9982E-05
9.9982E-05 0.240006 0.750894 0.00889963 9.9982E-05
0.437826 0.206669 0.0229831 0.332421 9.9991E-05
0.466853 0.149419 0.0317572 0.351871 9.9991E-05
0.674633 9.9973E-05 9.9973E-05 0.325067 9.9973E-05
0.175135 0.071372 0.115138 0.606589 0.0317654
0.0742121 0.0736721 0.164621 0.638922 0.0485729
0.458582 0.0346659 0.0462873 0.460364 9.9991E-05
0.121303 0.0564877 0.0788573 0.743252 9.9991E-05
0.317815 0.00234208 0.0645441 0.551169 0.0641304
0.226925 0.0152567 0.0584919 0.699227 9.9991E-05
0.0996969 0.150707 0.0242933 0.725203 9.9991E-05
0.431975 0.110248 9.9982E-05 0.457577 9.9982E-05
0.284349 0.168698 9.9982E-05 0.546753 9.9982E-05
0.242568 0.215745 9.9982E-05 0.541487 9.9982E-05
0.113576 0.0493218 0.160589 0.676413 9.9991E-05
0.305257 0.0964667 0.0013911 0.596786 9.9991E-05
0.29721 0.0564134 0.0497479 0.596529 9.9991E-05
9.9982E-05 9.9982E-05 0.0944939 0.440366 0.464941
0.0284104 9.9991E-05 0.161599 0.300287 0.509604
0.0312864 9.9991E-05 0.105793 0.41219 0.450631
9.9991E-05 0.0551593 0.112158 0.293562 0.539021
9.9982E-05 9.9982E-05 0.196873 0.510079 0.292848
0.304132 9.9991E-05 0.0489514 0.605482 0.0413347
0.0154898 0.0249972 0.262426 0.0253293 0.671758
0.083578 9.9991E-05 0.155474 0.202151 0.558697
0.239768 9.9991E-05 0.135483 0.441395 0.183254
0.104944 0.0625235 0.22262 0.609813 9.9991E-05
0.200128 0.114171 0.188345 0.474447 0.0229107
0.0754176 0.0819395 0.160131 0.640058 0.0424537
0.0544769 0.05489 0.161117 0.697987 0.0315293
9.9982E-05 9.9982E-05 0.255453 0.36085 0.383497
9.9991E-05 0.0765689 0.157115 0.37545 0.390766
9.9982E-05 9.9982E-05 0.0428387 0.37611 0.580851
0.00413745 0.11849 0.139727 0.372833 0.364813
0.0316791 9.9991E-05 0.124736 0.301001 0.542484
0.0617428 9.9991E-05 0.139235 0.47164 0.327282
0.115213 0.0216516 0.105508 0.178122 0.579505
0.0296906 0.0853317 0.0870644 0.357081 0.440833
0.275089 9.9991E-05 0.106624 0.532792 0.085394
9.9991E-05 0.0548556 0.180267 0.384001 0.380777
9.9982E-05 9.9982E-05 0.179259 0.132319 0.688223
9.9991E-05 0.10021 0.140387 0.385155 0.374149
0.212232 0.292723 0.207161 0.287784 9.9991E-05
0.143467 0.169202 0.0206323 0.512311 0.154388
0.0156753 0.0923752 0.157804 0.345043 0.389102
0.0152668 0.163627 0.160565 0.583293 0.0772482
0.207485 0.00323344 0.188146 0.571251 0.0298853
0.104806 0.0803595 0.162985 0.345732 0.306118
0.0802727 0.0582113 0.197255 0.32921 0.335051
0.0842352 0.200225 0.101509 0.44053 0.1735
0.046717 0.0313507 0.118189 0.420775 0.382969
0.0462016 9.9991E-05 0.0294565 0.355981 0.568261
0.0433983 9.9991E-05 0.183885 0.104786 0.66783
0.108294 0.112312 0.198781 0.498457 0.0821555
0.165334 0.107131 0.16909 0.558345 9.9991E-05
0.644087 9.9991E-05 0.17252 0.0690583 0.114235
0.0505495 0.0908451 0.106178 0.639091 0.113337
0.129168 0.215154 0.107772 0.427915 0.119991
0.0975202 0.0718414 0.216073 0.506636 0.107929
0.225597 0.103616 0.129348 0.339806 0.201633
0.446182 9.9982E-05 0.364124 9.9982E-05 0.189494
0.48353 9.9982E-05 0.334712 9.9982E-05 0.181558
0.215346 0.0353669 0.241215 0.365183 0.142888
0.367769 0.0167983 0.346948 9.9991E-05 0.268385
0.286667 9.9982E-05 0.45844 9.9982E-05 0.254694
0.313954 9.9991E-05 0.16475 0.326881 0.194315
0.172483 0.0246848 0.247449 0.343447 0.211936
0.298297 0.0010487 0.3108 0.146334 0.243519
0.407536 9.9991E-05 0.305421 0.0692877 0.217655
0.143837 0.0896923 0.153566 0.504648 0.108256
0.437684 0.00895013 0.227828 0.0927985 0.23274
0.362378 9.9982E-05 0.533112 9.9982E-05 0.10431
9.9991E-05 0.0764595 0.217949 0.543645 0.161846
0.159666 0.083902 0.222462 0.244732 0.289239
9.9982E-05 9.9982E-05 0.339156 0.490318 0.170326
9.9991E-05 0.00350324 0.199701 0.453093 0.343602
9.9991E-05 0.117228 0.147412 0.575412 0.159848
0.0245982 9.9991E-05 0.200899 0.603912 0.170491
9.9991E-05 0.0645635 0.146667 0.468268 0.320401
9.9991E-05 0.0334605 0.411388 0.358427 0.196625
0.00520045 0.0136332 0.234777 0.575016 0.171373
9.9982E-05 9.9982E-05 0.312605 0.514666 0.172529
0.13437 0.059173 0.24713 0.360652 0.198674
0.237494 0.137773 0.173148 0.329092 0.122493
0.00580611 0.116097 0.206962 0.594948 0.0761871
0.0952611 0.00900286 0.172313 0.494382 0.229042
0.0528157 9.9991E-05 0.170308 0.683292 0.0934844
9.9982E-05 9.9982E-05 0.331042 0.402317 0.266441
9.9982E-05 9.9982E-05 0.243536 0.564807 0.191457
0.229074 9.9991E-05 0.333004 0.138135 0.299687
0.0550835 0.0644707 0.165743 0.4303 0.284403
0.200503 9.9991E-05 0.226309 0.150733 0.422355
0.0840061 0.132657 0.783137 9.9982E-05 9.9982E-05
0.0115863 0.819677 0.0653676 0.103269 9.9991E-05
0.0205184 0.979182 9.9973E-05 9.9973E-05 9.9973E-05
9.997E-05 0.9996 9.997E-05 9.997E-05 9.997E-05
9.9973E-05 0.948232 9.9973E-05 0.0514677 9.9973E-05
9.9973E-05 0.941812 9.9973E-05 9.9973E-05 0.0578879
9.9973E-05 0.952916 9.9973E-05 0.0467845 9.9973E-05
9.9973E-05 0.961145 0.0385555 9.9973E-05 9.9973E-05
9.9973E-05 0.803329 0.196371 9.9973E-05 9.9973E-05
0.0287812 0.0261275 0.882575 0.00745423 0.0550621
9.9991E-05 0.173176 0.80719 0.0155978 0.00393567
0.00646425 0.0184802 0.879766 0.0420775 0.0532124
0.0013837 0.105755 0.843747 0.0490142 9.9991E-05
9.9982E-05 0.0475214 0.913322 9.9982E-05 0.0389567
0.0577145 0.0501592 0.885342 9.9991E-05 0.00668436
0.0228098 0.0341558 0.779038 0.0360356 0.127961
9.9982E-05 9.9982E-05 0.861108 0.0429567 0.0957351
0.0513046 0.133678 0.722347 0.0573737 0.0352963
9.9982E-05 9.9982E-05 0.950167 0.0456534 0.00397987
9.9973E-05 9.9973E-05 0.976483 0.0232167 9.9973E-05
0.0263502 0.0546461 0.863592 0.0282022 0.0272099
9.9973E-05 0.0584102 0.94129 9.9973E-05 9.9973E-05
9.9982E-05 9.9982E-05 0.909525 0.0546647 0.0356101
9.9982E-05 9.9982E-05 0.895667 0.0984477 0.00568528
9.9973E-05 9.9973E-05 0.866255 0.133445 9.9973E-05
9.9982E-05 9.9982E-05 0.775683 0.0552594 0.168857
9.9982E-05 9.9982E-05 0.795324 0.129722 0.074755
9.9982E-05 9.9982E-05 0.821689 0.150101 0.0280102
0.160773 0.172297 0.200391 0.430617 0.0359225
0.124218 0.0264586 0.142814 0.70641 9.9991E-05
0.18276 0.0776119 0.0680284 0.531742 0.139858
0.608169 0.0609955 0.138016 0.19272 9.9991E-05
0.103769 0.14093 0.161496 0.593705 9.9991E-05
0.617062 9.9991E-05 0.237552 0.106082 0.0392038
0.157473 9.9991E-05 0.11019 0.710413 0.0218234
0.225997 0.145172 0.138105 0.490626 9.9991E-05
0.214415 0.0201524 0.155352 0.609981 9.9991E-05
0.238708 0.0058912 0.0584884 0.682695 0.0142168
0.197272 0.209913 0.0808112 0.472939 0.0390649
0.164952 0.0047376 0.0723277 0.707826 0.0501572
0.0783778 0.19342 0.118876 0.566464 0.0428622
0.339828 0.485313 9.9991E-05 0.109799 0.0649596
0.789241 0.0827614 0.127798 9.9982E-05 9.9982E-05
0.663659 0.0621375 0.0745857 0.122515 0.0771028
0.0265963 0.0977161 0.151043 0.625472 0.0991733
0.214214 0.0333704 0.146582 0.575045 0.030788
0.228139 9.9982E-05 0.205603 0.566058 9.9982E-05
0.154999 9.9991E-05 0.0703867 0.674557 0.0999576
0.0107419 9.9991E-05 0.27674 0.618009 0.0944085
9.9982E-05 9.9982E-05 0.217177 0.620788 0.161836
0.156241 0.122094 0.408867 0.115024 0.197775
0.111803 0.0140903 0.219874 0.558531 0.0957007
0.0493005 0.1046 0.172633 0.485636 0.18783
0.390376 9.9982E-05 0.438821 9.9982E-05 0.170603
0.175533 9.9991E-05 0.291484 0.26228 0.270604
0.0167735 0.100718 0.374036 0.361297 0.147176
9.9991E-05 0.151044 0.317048 0.407923 0.123886
0.0219683 0.0813786 0.161149 0.496525 0.238979
0.000148837 0.100037 0.191624 0.555067 0.153123
9.9991E-05 0.0291419 0.187937 0.564862 0.217959
0.130148 9.9991E-05 0.247013 0.435569 0.18717
9.9991E-05 0.0781224 0.470317 0.285812 0.165649
