0.915735 0.0540843 0.0135152 9.9991E-05 0.0165656
0.941072 9.9982E-05 9.9982E-05 0.054745 0.00398317
0.829718 0.00418424 0.0940001 9.9991E-05 0.0719974
0.768712 0.109557 0.033756 9.9991E-05 0.0878749
0.857414 0.00800158 0.0690382 9.9991E-05 0.0654466
0.611129 0.0747975 0.0519428 0.198642 0.0634877
0.856818 0.0690416 0.0169236 0.0554674 0.00174925
0.716955 0.188953 9.9991E-05 0.0513772 0.0426148
0.845052 0.0967805 9.9982E-05 0.0579678 9.9982E-05
0.709869 9.9991E-05 0.0865188 0.085841 0.117671
0.749426 0.114495 0.0596587 0.0763201 9.9991E-05
9.999E-05 0.527104 0.294925 0.118772 0.0590989
9.9991E-05 0.34841 0.468343 0.0768277 0.106319
0.0539231 0.52891 0.240278 0.0787676 0.0981208
9.999E-05 0.418516 0.238888 0.114447 0.228049
0.101468 0.259139 0.323168 0.122461 0.193763
0.0933443 0.182793 0.594651 9.9991E-05 0.129112
9.999E-05 0.317673 0.511923 0.120858 0.0494457
0.140238 0.338476 0.395158 0.0477082 0.0784202
0.0264456 0.704473 0.0341437 0.157337 0.077601
9.999E-05 0.333264 0.405821 0.200628 0.0601869
0.00335814 0.230638 0.452083 0.232692 0.0812292
0.0715703 0.22515 0.642167 0.0180142 0.0430981
0.00796559 0.334052 0.286502 0.195926 0.175554
0.058868 0.116912 0.640979 0.0540152 0.129226
9.9982E-05 0.2921 0.518311 9.9982E-05 0.189389
9.9991E-05 0.518222 0.225651 0.12665 0.129377
9.9991E-05 0.529687 0.120604 0.106695 0.242913
9.9991E-05 0.472152 0.265311 0.242378 0.0200581
0.823492 9.9982E-05 0.140702 9.9982E-05 0.0356063
0.822259 9.9982E-05 0.153268 9.9982E-05 0.0242729
0.801772 0.0172418 0.173371 9.9991E-05 0.00751563
0.740517 9.9982E-05 0.149374 9.9982E-05 0.109909
0.0581947 0.0891147 0.563701 0.28889 9.9991E-05
0.162411 0.0557627 0.596799 0.184928 9.9991E-05
9.9991E-05 0.00560437 0.717841 0.251948 0.0245066
0.0952575 0.587461 0.210726 0.106455 9.9991E-05
9.9982E-05 0.0620586 0.526937 0.410804 9.9982E-05
0.0453212 0.25934 0.620253 0.0731384 0.00194797
0.0133511 9.9991E-05 0.773737 0.173131 0.0396813
0.11425 0.0763386 0.673848 0.135463 9.9991E-05
0.116671 0.0969026 0.679535 0.106791 9.9991E-05
9.9982E-05 0.176968 0.254582 0.568249 9.9982E-05
0.0827558 0.0615544 0.641964 0.142528 0.0711975
0.0331524 9.9991E-05 0.62404 0.249991 0.0927161
0.114608 0.0921755 0.613184 0.0864152 0.0936177
9.9973E-05 9.9973E-05 0.507894 0.491806 9.9973E-05
0.124973 0.0439524 0.754474 0.0765007 9.9991E-05
0.0724527 0.0311089 0.471972 0.288252 0.136214
0.0927598 0.0821187 9.9982E-05 0.824921 9.9982E-05
9.9982E-05 0.47704 0.269801 0.252959 9.9982E-05
0.0508398 0.168182 0.0975628 0.638235 0.0451813
0.0648841 0.161419 0.479254 0.101813 0.192631
0.116974 0.10148 0.61888 0.0762398 0.0864258
0.0878635 0.0109744 0.589884 0.165219 0.14606
0.10697 0.35556 0.211011 0.326359 9.9991E-05
0.0120232 0.235558 0.543939 0.15268 0.0557997
0.117143 0.117287 0.585485 0.091425 0.0886598
0.15444 0.149782 0.395684 0.270568 0.029526
0.191594 0.39074 0.0573008 0.281041 0.0793252
0.0277582 0.0621852 0.563167 0.255684 0.0912054
0.0546158 0.311551 0.478487 0.0475015 0.107845
0.0342699 0.57836 0.0638279 0.323442 9.9991E-05
9.9991E-05 0.293426 0.438775 0.175134 0.0925649
0.0267472 0.0911802 0.578447 0.110974 0.192652
0.136061 0.109552 0.563277 0.125159 0.0659501
0.0583742 0.265069 0.259117 0.307943 0.109498
0.0600882 0.228867 0.49656 0.133308 0.0811769
0.0558539 0.148925 0.624922 0.0954262 0.0748724
0.0206874 0.406488 0.275707 0.297018 9.9991E-05
9.9982E-05 0.104616 0.684901 0.210283 9.9982E-05
9.9982E-05 0.140016 0.406262 0.453522 9.9982E-05
0.0774705 0.0975412 0.663923 0.0879322 0.0731328
9.9982E-05 0.00495004 0.1589 0.83595 9.9982E-05
9.9982E-05 0.0612148 0.151519 0.787066 9.9982E-05
9.9973E-05 9.9973E-05 0.439763 0.559937 9.9973E-05
0.0430974 0.0170741 0.648375 0.291354 9.9991E-05
0.17077 0.0901963 0.576323 0.137349 0.0253615
0.00962878 0.108564 0.602166 0.254006 0.0256349
0.0173552 0.309083 0.349157 0.324305 9.9991E-05
0.0439168 0.316627 0.384092 0.255263 9.9991E-05
0.114139 0.0943136 0.513211 0.153187 0.125149
0.0219763 0.151018 0.486528 0.340378 9.9991E-05
9.9991E-05 0.207633 0.496217 0.285229 0.0108202
9.9973E-05 9.9973E-05 0.528667 0.471033 9.9973E-05
0.00440599 0.0509561 0.158826 0.785711 9.9991E-05
9.9991E-05 0.0315584 0.770544 0.147852 0.0499462
0.825072 0.0697218 0.0718713 9.9991E-05 0.0332353
0.916843 9.9973E-05 0.0828574 9.9973E-05 9.9973E-05
0.891362 9.9973E-05 0.108338 9.9973E-05 9.9973E-05
0.927541 9.9991E-05 0.0290976 0.0111686 0.0320931
0.89586 9.99815E-05 0.103841 9.99815E-05 9.99815E-05
0.873911 9.9991E-05 0.0334087 0.0357131 0.056867
0.913589 9.9982E-05 0.0693864 9.9982E-05 0.016825
0.11818 0.0653793 0.553434 0.146682 0.116324
0.0518876 0.176144 0.538038 0.0865175 0.147413
9.9982E-05 0.168167 0.22037 0.611263 9.9982E-05
0.138135 0.0265629 0.715751 0.0822684 0.0372831
0.0543312 0.1709 0.543935 0.230735 9.9991E-05
0.0558236 9.9982E-05 0.672094 0.271882 9.9982E-05
0.0869902 0.00353154 0.692948 0.216431 9.9991E-05
9.9982E-05 9.9982E-05 0.583523 0.347127 0.06915
9.9982E-05 0.360226 0.0971403 0.542433 9.9982E-05
0.11181 0.204395 0.554001 0.0691434 0.0606509
0.0883777 0.0195245 0.850291 0.0417065 9.9991E-05
0.118679 0.150419 0.55708 0.113697 0.060125
0.00913421 0.0313181 0.40805 0.551398 9.9991E-05
9.9982E-05 0.0382996 0.584596 0.376905 9.9982E-05
0.0659053 0.123703 0.544969 0.209094 0.0563291
9.9982E-05 9.9982E-05 0.500005 0.432179 0.0676154
0.092472 0.1502 0.556641 0.200587 9.9991E-05
0.174614 0.0602549 0.632229 0.0663206 0.0665821
9.9991E-05 0.421791 0.155621 0.33414 0.0883477
0.103883 0.316371 0.423099 0.0813957 0.075252
0.13912 0.205212 0.655469 9.9982E-05 9.9982E-05
0.0761009 0.0601636 0.71429 0.148743 0.000703272
0.0407145 0.404964 0.527822 9.9991E-05 0.0263996
0.0260582 0.293758 0.574971 9.9991E-05 0.105113
0.0127937 0.378214 0.528143 0.0320595 0.0487902
0.0883925 0.162053 0.478789 0.21061 0.0601556
0.0567391 0.244973 0.564575 0.0286878 0.105025
0.0177213 0.246379 0.682682 0.0531181 9.9991E-05
9.9991E-05 0.404752 0.547556 0.035581 0.0120109
0.0521582 0.187082 0.6454 0.0696885 0.0456718
0.155996 0.0512381 0.51504 0.173235 0.104491
9.9991E-05 0.259106 0.617631 0.0718129 0.0513501
0.0595402 0.108168 0.502858 0.124005 0.205429
9.9991E-05 0.298265 0.600155 0.0335537 0.0679265
0.12115 0.311664 0.442773 0.116578 0.00783491
0.0667122 0.22727 0.540173 0.0684016 0.0974431
0.0595971 0.139877 0.669949 0.0150751 0.115502
0.0085093 0.430639 0.280114 0.194644 0.0860936
0.0332485 0.263736 0.144964 0.451767 0.106285
0.0251338 0.351475 0.486016 0.0631307 0.0742447
9.9991E-05 0.284768 0.0612001 0.541682 0.11225
0.0606935 0.441081 0.357657 0.140468 9.9991E-05
0.00496695 0.327901 0.532392 0.134641 9.9991E-05
9.9982E-05 0.513244 0.399003 0.087553 9.9982E-05
9.9991E-05 0.517033 0.301653 0.139022 0.0421919
0.0995935 0.0855949 0.611259 0.187798 0.0157549
0.0940485 0.158904 0.523252 0.133603 0.0901926
0.105518 0.186279 0.605612 0.0741368 0.0284544
9.9991E-05 0.381266 0.121114 0.383298 0.114222
0.208026 0.0219801 0.598836 0.136139 0.0350194
0.078807 0.0772422 0.53864 0.217438 0.0878727
0.152402 0.124709 0.0031426 0.675639 0.0441069
0.101613 9.9991E-05 0.677068 0.184753 0.0364651
0.0762802 0.0586198 0.343379 0.402059 0.119662
0.136435 0.045467 0.548865 0.19371 0.0755234
0.152537 0.0889453 0.272789 0.445018 0.040711
0.0914843 0.192387 0.242125 0.473903 9.9991E-05
0.0328455 0.155678 0.496476 0.30589 0.00911016
0.118377 0.0794276 0.611202 0.190457 0.000535784
0.0818393 0.151531 0.427331 0.23879 0.10051
0.0802666 0.117515 0.0625228 0.552809 0.186886
0.146023 0.0605394 0.650073 0.134994 0.00836998
9.9982E-05 0.127943 0.423354 0.448503 9.9982E-05
9.9991E-05 0.232543 0.441013 0.263881 0.0624627
0.112545 0.0922069 0.536438 0.167935 0.0908751
0.292692 0.0668263 0.0937361 0.219182 0.327563
0.600934 9.9982E-05 9.9982E-05 0.210225 0.18864
0.495483 9.9982E-05 9.9982E-05 0.324294 0.180023
0.425446 0.0611668 0.0356653 0.102023 0.375699
9.9982E-05 9.9982E-05 0.69432 0.294475 0.0110051
0.116824 9.9991E-05 0.612317 0.229248 0.0415113
9.9982E-05 0.00251461 0.334473 9.9982E-05 0.662812
9.9991E-05 0.182958 0.236367 0.086972 0.493603
0.0744443 9.9991E-05 0.370643 0.115366 0.439447
0.00324769 9.9991E-05 0.356387 0.558798 0.0814675
0.146326 9.9991E-05 0.576593 0.237158 0.039823
0.0104886 0.0836877 0.171016 0.6495 0.0853074
0.0450771 0.0242015 0.646139 0.240626 0.0439565
0.0540656 0.0625291 0.480447 0.354163 0.048795
0.0720811 0.057658 0.594391 0.257361 0.0185089
0.011934 0.0443444 0.236877 0.670412 0.0364328
0.0399993 0.0169112 0.688858 0.18611 0.0681215
0.133802 0.0496139 0.59596 0.136466 0.0841567
9.9973E-05 9.9973E-05 9.9973E-05 0.0651429 0.934557
9.9973E-05 9.9973E-05 0.0922778 9.9973E-05 0.907422
0.0345649 0.0937345 0.232906 0.00402662 0.634768
9.9982E-05 0.0253289 0.245397 9.9982E-05 0.729074
0.0221564 9.9991E-05 0.128349 0.0323453 0.81705
9.997E-05 9.997E-05 9.997E-05 9.997E-05 0.9996
9.9973E-05 0.0550084 9.9973E-05 9.9973E-05 0.944692
9.9973E-05 9.9973E-05 0.151969 9.9973E-05 0.847731
9.9973E-05 0.0397237 9.9973E-05 9.9973E-05 0.959976
9.997E-05 9.997E-05 9.997E-05 9.997E-05 0.9996
9.997E-05 9.997E-05 9.997E-05 9.997E-05 0.9996
0.0086975 0.0322696 0.180133 9.9991E-05 0.7788
0.00531234 0.0973134 0.0177784 9.9991E-05 0.879496
9.9973E-05 0.0174844 9.9973E-05 9.9973E-05 0.982216
0.0651127 0.175018 0.398139 9.9991E-05 0.36163
0.0575274 0.0901153 0.179915 9.9991E-05 0.672342
0.0236266 9.9991E-05 0.191707 0.00115222 0.783414
9.9982E-05 0.0336462 0.0647374 9.9982E-05 0.901416
9.997E-05 9.997E-05 9.997E-05 9.997E-05 0.9996
0.00747891 9.9982E-05 0.102269 9.9982E-05 0.890052
9.997E-05 9.997E-05 9.997E-05 9.997E-05 0.9996
0.0907314 0.0744815 0.171292 9.9991E-05 0.663395
0.0387274 0.0611635 9.9982E-05 9.9982E-05 0.899909
0.426694 9.9982E-05 9.9982E-05 0.524026 0.04908
0.277481 0.0800249 0.446862 0.10965 0.0859818
0.258624 0.0652795 0.437498 0.195275 0.0433242
0.320699 9.9991E-05 0.187387 0.380394 0.11142
0.172874 9.9991E-05 0.477488 0.240399 0.109138
0.301845 9.9991E-05 0.25985 0.361938 0.0762679
0.168683 0.0930643 0.404034 0.190757 0.143461
0.207777 9.9991E-05 0.291504 0.295176 0.205442
0.127806 0.00024996 0.49348 0.193068 0.185397
0.205034 9.9991E-05 0.313143 0.216908 0.264815
0.149241 0.0588364 0.597296 0.0903394 0.104287
0.852204 0.0715792 0.054114 0.0220023 9.9991E-05
0.904943 9.9973E-05 9.9973E-05 9.9973E-05 0.0947575
0.971873 0.0221208 0.00132235 0.00458425 9.9991E-05
0.964435 0.0101725 0.0251928 9.9982E-05 9.9982E-05
0.899809 0.0328838 0.0188804 9.9991E-05 0.0483267
0.899664 9.9982E-05 9.9982E-05 0.0199891 0.0801469
0.898319 9.9982E-05 0.0446957 9.9982E-05 0.0567849
0.931738 0.00139633 0.0031076 0.0636584 9.9991E-05
0.90854 9.9991E-05 0.0144019 0.0389915 0.0379662
0.856959 0.0203405 9.9982E-05 9.9982E-05 0.122501
0.589235 0.288966 9.9982E-05 0.1216 9.9982E-05
0.574596 0.400641 9.9982E-05 0.0245628 9.9982E-05
0.549789 0.271519 9.9982E-05 0.178492 9.9982E-05
0.506442 0.326085 9.9982E-05 0.167273 9.9982E-05
0.0781894 0.193596 0.57161 0.119923 0.0366815
9.9991E-05 0.232093 0.486362 0.194057 0.0873882
0.0274246 0.189114 0.636025 0.124626 0.0228109
0.0831136 0.301971 0.430842 0.183973 9.9991E-05
9.9991E-05 0.657784 0.235285 0.0990416 0.00778919
0.0921242 0.0388113 0.733584 0.0819888 0.0534921
9.9982E-05 0.138595 0.706902 0.154304 9.9982E-05
9.9991E-05 0.127221 0.55632 0.263488 0.0528715
9.9982E-05 0.0131627 0.53281 0.453827 9.9982E-05
9.9991E-05 0.15875 0.704414 0.104539 0.0321958
9.9982E-05 0.178211 0.573261 0.248329 9.9982E-05
9.9982E-05 0.15689 0.0153651 0.827545 9.9982E-05
0.0906384 0.124297 0.546527 0.202286 0.0362512
9.9982E-05 0.08549 0.356903 0.557407 9.9982E-05
0.0153235 0.0158611 0.68967 0.279045 9.9991E-05
9.9982E-05 0.272855 0.275704 0.45124 9.9982E-05
0.131143 0.75657 0.014501 0.0976857 9.9991E-05
0.101472 0.758858 0.0698778 0.0696919 9.9991E-05
0.0522175 0.897332 9.9982E-05 0.0502501 9.9982E-05
0.117466 0.839843 9.9982E-05 0.0424909 9.9982E-05
0.0286298 0.887995 0.0558089 0.0274663 9.9991E-05
0.0376353 0.839065 0.0141388 0.0148048 0.0943564
0.905038 9.9982E-05 0.0925142 9.9982E-05 0.00224737
0.835086 0.0988698 0.0216517 9.9991E-05 0.0442927
0.766107 9.9982E-05 0.109752 9.9982E-05 0.123942
0.725804 0.102782 0.0382044 9.9991E-05 0.133109
0.83736 9.9982E-05 0.0880779 9.9982E-05 0.0743621
0.356405 0.592539 9.9982E-05 0.0508559 9.9982E-05
0.464297 0.415591 9.9982E-05 0.119913 9.9982E-05
0.400088 0.565531 9.9982E-05 0.0341802 9.9982E-05
0.831789 0.0276468 0.118255 9.9991E-05 0.0222095
0.382186 0.54293 9.9982E-05 0.0746843 9.9982E-05
0.215678 9.9991E-05 0.230464 0.131179 0.422579
0.181577 0.0734133 0.545891 9.9991E-05 0.199019
0.191762 9.9982E-05 0.524663 9.9982E-05 0.283375
0.225737 0.0926038 0.24726 0.104916 0.329484
0.183447 0.0503475 0.52415 0.0149979 0.227057
0.45815 9.9982E-05 9.9982E-05 0.189371 0.352279
0.00568111 0.419507 0.509844 0.0648685 9.9991E-05
0.0010657 0.211865 0.404785 0.370884 0.0114013
0.0473069 0.57362 0.279473 0.0757295 0.0238707
0.00719811 0.128798 0.539176 0.324728 9.9991E-05
9.9973E-05 0.147577 9.9973E-05 0.852123 9.9973E-05
0.124922 0.157291 0.504232 0.130777 0.0827777
0.0622392 0.200055 0.527436 0.198342 0.0119282
0.029339 0.522031 0.386319 0.062211 9.9991E-05
0.0205846 0.256507 0.483405 0.0964938 0.14301
9.9982E-05 0.337016 0.210657 0.452126 9.9982E-05
0.023011 0.237759 0.404599 0.22533 0.109301
9.9991E-05 0.261563 0.591241 0.119782 0.0273136
0.208793 0.115637 0.368024 0.0895203 0.218026
9.9991E-05 0.293197 0.393852 0.283222 0.0296296
0.0672226 0.326858 0.47407 0.114202 0.0176471
9.9991E-05 0.181582 0.52513 0.189989 0.103199
9.9991E-05 0.19587 0.594338 0.207758 0.00193443
0.00673978 0.174238 0.694086 0.0394051 0.0855305
0.119259 0.178055 0.61083 0.0194377 0.0724178
0.140922 0.16686 0.564798 0.0733432 0.0540773
0.775072 9.9982E-05 0.143552 9.9982E-05 0.0811758
0.8684 9.9991E-05 0.118055 0.00931108 0.00413377
0.80316 0.039864 0.0617386 0.0822531 0.0129842
0.838027 0.0643413 0.0589744 0.0203658 0.0182913
0.8436 9.9982E-05 0.144846 9.9982E-05 0.0113547
9.9991E-05 0.638652 0.156508 0.130157 0.0745823
0.0221736 0.108391 0.544113 0.174559 0.150763
0.241196 9.9991E-05 0.440085 0.106795 0.211825
0.0732711 0.153385 0.670098 0.0303325 0.0729125
0.085479 0.174632 0.607436 0.132352 9.9991E-05
9.9991E-05 0.395973 0.224587 0.237394 0.141946
0.110056 0.637041 0.024571 0.228233 9.9991E-05
0.0419002 0.321322 0.628106 0.00857147 9.9991E-05
0.0668384 0.525028 0.186948 0.153543 0.0676421
0.0354984 0.124116 0.496764 0.276161 0.0674613
0.126176 0.529897 0.121443 0.201494 0.0209896
0.152515 0.177104 0.607535 9.9991E-05 0.0627455
0.0436488 0.556572 0.205296 0.173986 0.0204966
0.0447855 0.305328 0.375193 0.192493 0.0822003
0.0807531 0.16552 0.433709 0.183797 0.13622
0.020376 0.179438 0.307118 0.439461 0.0536073
0.159072 0.126909 0.65038 0.0635386 9.9991E-05
0.128591 9.9991E-05 0.530344 0.250539 0.0904271
0.0313538 0.154844 0.369659 0.444043 9.9991E-05
0.0628664 0.13857 0.485165 0.177868 0.13553
0.0724497 9.9982E-05 0.598916 0.328434 9.9982E-05
9.9982E-05 0.175859 0.11071 0.713231 9.9982E-05
0.0344082 0.00559388 0.35051 0.609388 9.9991E-05
0.0401822 0.0889991 0.572755 0.297964 9.9991E-05
0.019551 0.156451 0.195062 0.628835 9.9991E-05
0.0583718 0.07817 0.455446 0.380559 0.0274537
9.9991E-05 0.648949 0.0959729 0.193049 0.0619288
9.9991E-05 0.394637 0.273549 0.281549 0.0501653
0.0212198 0.421535 0.430472 0.0518278 0.0749463
0.0263356 0.143008 0.658676 0.0772395 0.0947409
9.9991E-05 0.520097 0.322267 0.151851 0.00568479
0.116249 0.0652303 0.553975 0.199414 0.0651314
0.0672818 0.263961 0.514394 0.00750994 0.146853
9.9991E-05 0.33786 0.443212 0.0650188 0.153809
9.9991E-05 0.247448 0.47889 0.101786 0.171776
9.9991E-05 0.415667 0.497307 0.0447393 0.0421876
9.9991E-05 0.626449 0.232275 0.0510205 0.0901552
0.0206594 0.412314 0.34083 0.0878475 0.138349
9.9991E-05 0.202233 0.669826 0.0979786 0.0298628
0.0260241 0.166826 0.602688 0.0766591 0.127802
0.0568994 0.253332 0.438224 0.19654 0.0550049
9.9991E-05 0.238745 0.527733 0.119633 0.113789
0.14569 0.341619 0.36834 0.0885389 0.0558113
9.9991E-05 0.251314 0.53462 0.0758131 0.138153
0.0131095 0.263936 0.54002 0.0563518 0.126583
0.0937887 9.9991E-05 0.51515 0.2208 0.170161
0.324159 0.0733758 0.373033 0.0391253 0.190307
0.150537 9.9991E-05 0.506358 0.0997223 0.243282
0.138613 0.141201 0.37107 0.103224 0.245891
0.092409 0.0505832 0.592871 0.114147 0.14999
0.179334 0.00795389 0.497612 0.0964702 0.218629
9.9991E-05 0.2075 0.53904 0.232096 0.0212641
0.245465 9.9991E-05 0.556936 0.0497299 0.147769
0.265396 0.0201248 9.9991E-05 0.517478 0.196901
0.157389 0.0893752 0.429609 0.0662292 0.257398
0.106613 0.0731833 0.505344 0.0985989 0.216261
0.090309 0.0682665 0.478961 0.111655 0.250809
0.21678 0.126612 0.282222 0.213762 0.160625
0.229359 0.0152612 0.559103 0.0421805 0.154096
0.203249 9.9991E-05 0.423016 0.0846501 0.288984
0.521835 9.9982E-05 9.9982E-05 0.289531 0.188434
0.217903 0.0586564 0.579133 9.9991E-05 0.144207
0.225556 0.0425663 0.536227 9.9991E-05 0.195551
0.09838 0.01235 0.618151 0.114926 0.156193
0.179478 9.9991E-05 0.506574 0.0833376 0.23051
0.222052 0.0766207 0.621107 9.9991E-05 0.0801205
0.0143755 0.0686551 0.505145 0.309404 0.102421
0.112739 0.00943857 0.57155 0.224082 0.08219
9.9991E-05 0.107387 0.0459363 0.820289 0.0262876
0.00208537 0.0737052 0.0833658 0.840744 9.9991E-05
0.126819 9.9991E-05 0.54067 0.252107 0.0803051
0.173934 0.0171586 0.401502 0.0897492 0.317656
0.0892039 9.9991E-05 0.285583 0.192127 0.432986
0.238892 0.082911 0.207563 0.193543 0.277091
0.192248 0.011358 0.269096 0.174386 0.352912
0.0958569 9.9991E-05 0.0761502 0.682696 0.145197
0.113488 9.9991E-05 0.172152 0.578139 0.13612
9.9991E-05 0.0401722 0.550854 0.225455 0.183419
0.0406813 0.0290983 0.514692 0.280931 0.134597
0.0860386 0.0135635 0.257664 0.52479 0.117943
0.0339036 0.0622968 0.498536 0.220778 0.184485
0.0892152 9.9991E-05 0.454654 0.281541 0.17449
0.0819952 0.0496483 0.426906 0.237051 0.204399
0.00851966 0.107298 0.425181 0.458901 9.9991E-05
9.9991E-05 0.150009 0.432788 0.368666 0.0484365
0.0916501 0.0720877 0.593141 0.215012 0.0281097
0.0361628 0.134571 0.429498 0.35731 0.0424585
0.104205 0.0947422 0.546414 0.183512 0.0711265
0.0138637 0.041442 0.461347 0.437718 0.0456294
9.9991E-05 0.119372 0.283365 0.554536 0.0426277
0.0705986 9.9991E-05 0.628279 0.257313 0.0437097
0.0593086 0.0704034 0.515732 0.21916 0.135396
9.9991E-05 0.05337 0.310114 0.601683 0.0347328
0.0317673 0.0181074 0.493183 0.40177 0.0551718
0.0452373 0.061811 0.545345 0.257299 0.0903073
9.9991E-05 0.0856048 0.504555 0.336785 0.0729545
0.177494 0.0924308 0.352334 0.0675852 0.310156
0.121108 0.149884 0.471219 0.119228 0.13856
0.155691 0.048483 0.351509 0.154141 0.290177
0.206522 0.0787132 0.433995 0.117222 0.163548
0.182285 0.164767 0.40161 0.0460786 0.205259
0.182022 0.0295936 0.429454 0.17359 0.185341
0.206449 0.054085 9.9991E-05 0.55207 0.187295
0.120859 9.9982E-05 0.612419 9.9982E-05 0.266523
0.395346 9.9982E-05 9.9982E-05 0.455163 0.149291
0.0662479 9.9991E-05 0.499338 0.168669 0.265645
9.9973E-05 9.9973E-05 0.191288 0.808412 9.9973E-05
9.9991E-05 0.0665275 0.0161029 0.913113 0.00415684
9.9982E-05 0.0501334 0.598582 0.351084 9.9982E-05
0.0370577 9.9991E-05 0.681238 0.252394 0.0292108
9.9982E-05 0.0149946 0.490671 0.494135 9.9982E-05
9.9991E-05 0.0271188 0.608199 0.300564 0.0640188
0.00441618 0.0179329 0.648173 0.308528 0.0209501
0.782355 9.9991E-05 0.0923584 0.0652993 0.0598878
0.725896 0.125395 9.9991E-05 0.0340513 0.114558
0.908407 0.04333 9.9982E-05 9.9982E-05 0.0480628
0.964863 9.9973E-05 0.0348369 9.9973E-05 9.9973E-05
0.00519488 0.0870422 0.622749 0.254209 0.0308044
0.0887954 0.0435009 0.558016 0.263099 0.0465888
9.9982E-05 0.0899381 0.638101 0.271761 9.9982E-05
0.12555 0.0965162 0.650108 0.127726 9.9991E-05
0.0129046 0.125 0.638717 0.146363 0.0770146
9.9982E-05 0.10628 0.346316 0.547205 9.9982E-05
9.9991E-05 0.0217802 0.644781 0.299383 0.0339552
9.9973E-05 9.9973E-05 0.516088 0.483613 9.9973E-05
0.23735 0.0681015 0.472865 0.0447502 0.176934
9.9991E-05 0.114989 0.461282 0.36769 0.0559387
9.9982E-05 0.176202 0.488801 0.334798 9.9982E-05
0.0192447 0.0644264 0.663332 0.252897 9.9991E-05
0.022943 0.108871 0.583656 0.28443 9.9991E-05
9.9973E-05 9.9973E-05 0.745469 0.254231 9.9973E-05
0.0863891 0.00216831 0.661023 0.250319 9.9991E-05
9.9973E-05 9.9973E-05 0.238523 0.761177 9.9973E-05
0.00463249 0.10222 0.371952 0.521095 9.9991E-05
0.00125023 0.131361 0.483919 0.38337 9.9991E-05
9.9973E-05 9.9973E-05 0.0446718 0.955028 9.9973E-05
0.0425063 0.183006 0.586644 0.187744 9.9991E-05
9.9973E-05 9.9973E-05 0.234293 0.765407 9.9973E-05
0.0450824 0.0640192 0.000224547 0.890574 9.9991E-05
0.0494099 0.0171076 0.638483 0.234954 0.0600453
9.9982E-05 0.218984 0.313485 0.467331 9.9982E-05
9.9991E-05 0.254688 0.553985 0.166998 0.024229
0.0641532 0.119336 0.53549 0.148849 0.132173
9.9982E-05 0.141688 0.706044 0.152068 9.9982E-05
9.9991E-05 0.289468 0.337031 0.258907 0.114494
9.9982E-05 0.127286 0.644546 0.227968 9.9982E-05
0.0266316 0.13347 0.6215 0.218298 9.9991E-05
9.9982E-05 0.031905 0.504992 0.462903 9.9982E-05
0.0715022 0.035332 0.58457 0.191005 0.117591
0.629006 0.326245 9.9991E-05 0.0385383 0.00611103
0.788624 0.117561 0.0522911 0.0414242 9.9991E-05
0.814977 0.1449 9.9982E-05 0.0399234 9.9982E-05
0.810923 0.147483 9.9982E-05 0.0413942 9.9982E-05
0.734359 0.24622 0.0192208 9.9982E-05 9.9982E-05
9.9982E-05 0.313634 0.325543 0.360623 9.9982E-05
0.05285 0.198626 0.271211 0.477214 9.9991E-05
9.9973E-05 9.9973E-05 0.343782 0.655918 9.9973E-05
0.114854 0.0253803 0.600863 0.143765 0.115137
0.0887875 0.179408 0.648548 9.9991E-05 0.0831566
9.9991E-05 0.0455248 0.469462 0.444236 0.0406771
9.9982E-05 9.9982E-05 0.765307 0.209863 0.0246299
0.0460195 9.9991E-05 0.448792 0.410385 0.0947039
0.0544192 0.0668013 0.690533 0.188146 9.9991E-05
0.0923274 0.0835254 0.682856 0.141191 9.9991E-05
9.9982E-05 0.216946 0.37674 0.406114 9.9982E-05
9.9982E-05 0.194011 0.515614 0.290175 9.9982E-05
9.9982E-05 0.197674 0.5395 0.262627 9.9982E-05
0.108016 0.0896053 0.639823 0.125482 0.0370734
9.9982E-05 0.144219 0.556089 0.299492 9.9982E-05
0.0247125 0.096229 0.589606 0.280122 0.00932981
0.155972 9.9982E-05 0.50572 9.9982E-05 0.338108
0.114492 9.9991E-05 0.288782 0.0557574 0.540868
0.140213 9.9991E-05 0.42162 0.00170289 0.436365
0.186932 9.9991E-05 0.314915 0.0166074 0.481446
0.124464 0.0743187 0.405729 0.0623938 0.333094
9.9982E-05 9.9982E-05 0.516083 0.399465 0.0842527
0.256428 9.9991E-05 0.0270437 0.0396032 0.676825
0.179017 0.0306181 0.319794 0.0235684 0.447002
0.273324 9.9991E-05 0.473445 0.132301 0.12083
0.210384 0.0157918 0.659511 0.114213 9.9991E-05
0.182958 0.0414485 0.452226 0.249154 0.0742137
0.147147 0.0681433 0.625979 0.0918895 0.066841
0.128462 0.022566 0.674648 0.128362 0.0459618
0.252805 9.9982E-05 0.337848 9.9982E-05 0.409147
0.0917719 0.146326 0.359906 9.9991E-05 0.401896
0.0945501 9.9982E-05 0.325445 9.9982E-05 0.579805
0.0937909 0.1533 0.456146 9.9991E-05 0.296662
0.155708 0.0044188 0.349737 0.0195328 0.470603
0.130703 0.0532597 0.294715 0.10125 0.420072
0.150681 9.9982E-05 0.241776 9.9982E-05 0.607343
0.0834461 0.160319 0.318713 9.9991E-05 0.437422
0.0801262 9.9991E-05 0.560485 0.272032 0.0872563
0.158072 0.0533884 0.389036 0.0356237 0.363879
0.172726 9.9982E-05 0.183144 9.9982E-05 0.64393
0.161313 0.13764 0.377752 9.9991E-05 0.323196
0.172263 0.230146 0.281975 0.315516 9.9991E-05
0.0298779 0.061989 0.626458 0.176196 0.105479
0.131075 9.9991E-05 0.35055 0.167875 0.3504
0.119424 0.0938596 0.640014 0.0977503 0.0489517
0.193834 0.0648561 0.589421 0.151789 9.9991E-05
0.281043 0.027411 0.407429 0.0812882 0.202829
0.245475 0.0174524 0.271967 0.132554 0.332551
0.147285 0.04835 0.656715 0.0533536 0.094296
0.141484 9.9991E-05 0.37379 0.0289896 0.455636
0.118083 9.9982E-05 0.460581 9.9982E-05 0.421136
0.16689 9.9991E-05 0.160353 0.055739 0.616918
0.0906056 0.138917 0.595394 0.0950009 0.0800816
0.156438 0.142473 0.488031 0.212958 9.9991E-05
0.186484 9.9991E-05 0.185468 0.570729 0.0572189
0.158198 0.0258694 0.662608 0.153224 9.9991E-05
0.0953524 0.236022 0.409313 0.182852 0.0764609
0.154149 0.0447276 0.503095 0.12139 0.176639
0.153052 0.118893 0.40955 0.118015 0.200489
0.381061 9.9982E-05 9.9982E-05 0.419584 0.199156
0.403176 9.9982E-05 9.9982E-05 0.471119 0.125505
0.184142 0.00273691 0.253691 0.371684 0.187746
0.36775 0.0318606 9.9991E-05 0.37959 0.2207
0.485317 9.9982E-05 9.9982E-05 0.285084 0.229399
0.141356 0.0486982 0.360431 0.269675 0.17984
0.208264 9.9991E-05 0.350371 0.246565 0.194701
0.276694 9.9991E-05 0.12317 0.339595 0.260441
0.360135 9.9991E-05 0.051329 0.354377 0.234059
0.15543 0.173669 0.471234 0.0354011 0.164265
0.231961 9.9991E-05 0.140839 0.465124 0.161975
0.510353 9.9982E-05 9.9982E-05 0.383245 0.106202
0.0776546 0.184425 0.478744 0.038786 0.22039
0.143709 0.000456401 0.261963 0.247156 0.346715
0.31519 0.0198486 0.479308 9.9991E-05 0.185554
0.201533 9.9982E-05 0.555557 9.9982E-05 0.24271
0.253558 0.0400598 0.4621 0.110738 0.133544
0.171475 9.9991E-05 0.544865 0.0771908 0.206369
0.178968 0.0735326 0.438457 0.018831 0.290212
0.333825 0.0769655 0.30936 9.9991E-05 0.27975
0.251465 9.9982E-05 0.598154 9.9982E-05 0.150181
0.205658 0.0902779 0.414982 9.9991E-05 0.288982
0.304005 0.030398 0.372823 0.0671356 0.225639
0.152889 0.125751 0.327872 0.277353 0.116135
0.178929 0.105278 0.525576 0.0288935 0.161324
0.147891 0.000768511 0.487064 0.186258 0.178019
0.108094 0.0672218 0.641237 0.0697279 0.113719
0.297762 0.0170209 0.400663 9.9991E-05 0.284454
0.20422 9.9991E-05 0.500704 0.0605576 0.234418
0.360794 9.9991E-05 0.0873576 0.250623 0.301126
0.165967 0.0455497 0.456705 0.0504777 0.281301
0.233889 9.9991E-05 0.124503 0.239356 0.402152
0.801133 0.131185 0.0125629 0.0504471 0.00467208
0.0836954 0.772399 0.143705 9.9982E-05 9.9982E-05
0.0198998 0.9798 9.9973E-05 9.9973E-05 9.9973E-05
0.00181449 0.997886 9.9973E-05 9.9973E-05 9.9973E-05
9.9973E-05 0.973363 9.9973E-05 9.9973E-05 0.0263367
9.9982E-05 0.961537 0.0237522 9.9982E-05 0.014511
9.9973E-05 0.902261 0.0974386 9.9973E-05 9.9973E-05
0.0416348 0.958065 9.9973E-05 9.9973E-05 9.9973E-05
0.205777 0.793923 9.9973E-05 9.9973E-05 9.9973E-05
0.93063 0.0233015 0.0458681 9.9982E-05 9.9982E-05
0.809653 0.124097 0.0363626 9.9991E-05 0.0297872
0.887519 9.9982E-05 9.9982E-05 0.0318783 0.080403
0.815334 0.156605 0.0278604 9.9982E-05 9.9982E-05
0.859691 0.0432449 0.02777 9.9991E-05 0.0691937
0.906205 0.0867158 9.9982E-05 9.9982E-05 0.00687966
0.721672 0.129732 0.00572731 9.9991E-05 0.142769
0.875605 0.015598 0.0117992 9.9991E-05 0.0968977
0.726774 0.196385 0.014879 0.0263362 0.0356257
0.915369 9.9982E-05 0.0538346 9.9982E-05 0.0305964
0.953983 0.0457169 9.9973E-05 9.9973E-05 9.9973E-05
0.85831 0.0686559 0.0154983 9.9991E-05 0.0574359
0.955219 0.026193 9.9982E-05 9.9982E-05 0.0183876
0.914144 0.00635904 0.0295811 9.9991E-05 0.0498159
0.868226 0.0123285 0.0752957 9.9991E-05 0.0440499
0.866244 9.9982E-05 0.1244 9.9982E-05 0.00915598
0.793187 9.9982E-05 0.112869 9.9982E-05 0.0937434
0.75328 9.9982E-05 0.146039 9.9982E-05 0.100481
0.83129 9.9982E-05 0.128123 9.9982E-05 0.0403871
0.204702 0.0705919 0.479357 0.23832 0.00702939
0.113494 0.0170145 0.717587 0.151804 9.9991E-05
0.119391 0.032291 0.613831 0.142558 0.0919285
0.104583 9.9991E-05 0.144425 0.718178 0.0327139
0.158312 0.145423 0.568106 0.128059 9.9991E-05
0.222078 9.9991E-05 0.155466 0.613924 0.00843162
0.100023 9.9991E-05 0.665944 0.203615 0.0303186
0.139882 0.149315 0.566649 0.144054 9.9991E-05
0.106169 0.0995524 0.615764 0.17044 0.00807446
0.0925178 0.0987127 0.613582 0.195088 9.9991E-05
0.107265 0.135481 0.498942 0.248046 0.0102658
0.110275 0.0169415 0.722444 0.15024 9.9991E-05
0.128652 0.123405 0.681803 0.066041 9.9991E-05
9.9991E-05 0.548522 0.0152776 0.373072 0.0630278
0.091343 0.0848895 9.9982E-05 0.823568 9.9982E-05
0.166205 0.0412938 0.221194 0.560116 0.0111917
0.176308 0.0323278 0.681797 0.088652 0.0209155
0.164661 9.9982E-05 0.575858 0.259281 9.9982E-05
0.14299 9.9982E-05 0.60726 0.24955 9.9982E-05
0.087427 0.0366487 0.683133 0.159552 0.0332387
0.225068 9.9991E-05 0.519962 0.0884641 0.166406
0.111032 0.0978442 0.568694 9.9991E-05 0.22233
0.417656 0.175674 0.106686 0.0960518 0.203932
0.175002 0.120557 0.667445 0.0162172 0.0207792
0.213324 0.0479185 0.399905 0.141014 0.197838
0.434634 9.9982E-05 9.9982E-05 0.376601 0.188565
0.281496 9.9991E-05 0.310091 0.183465 0.224848
0.356594 0.0292157 0.266172 0.124392 0.223626
0.300723 0.176286 0.42494 9.9991E-05 0.0979518
0.0939851 0.108061 0.402145 0.108612 0.287197
0.151167 0.0504402 0.422604 0.0814668 0.294322
0.101512 0.135284 0.539137 0.0297773 0.19429
0.183335 0.0290193 0.372386 0.161146 0.254113
0.479718 9.9991E-05 0.303184 0.0680755 0.148923
