0.187922 9.9955E-05 9.9955E-05 0.698695 0.0428897 9.9955E-05 0.00997961 9.9955E-05 9.9955E-05 0.0600139
0.196648 9.9955E-05 9.9955E-05 0.716712 9.9955E-05 0.0212683 9.9955E-05 0.0221354 9.9955E-05 0.042736
0.0949212 9.9964E-05 0.0974389 0.653562 0.0320167 9.9964E-05 0.0432751 9.9964E-05 9.9964E-05 0.0783858
0.181202 0.0135803 0.0374667 0.585401 0.0504368 9.9973E-05 0.0523187 9.9973E-05 9.9973E-05 0.0792943
0.197933 9.9964E-05 0.00823899 0.684509 0.0594098 0.0114187 0.0380912 9.9964E-05 9.9964E-05 9.9964E-05
0.922435 0.0199319 0.0177797 9.9955E-05 9.9955E-05 9.9955E-05 9.9955E-05 0.0135934 0.0257602 9.9955E-05
0.999101 9.99201E-05 9.99201E-05 9.99201E-05 9.99201E-05 9.99201E-05 9.99201E-05 9.99201E-05 9.99201E-05 9.99201E-05
0.960781 9.9937E-05 9.9937E-05 0.00436543 9.9937E-05 9.9937E-05 0.0341539 9.9937E-05 9.9937E-05 9.9937E-05
0.095617 9.99639E-05 9.99639E-05 0.763309 9.99639E-05 9.99639E-05 0.0606006 0.0397221 0.0302308 0.0101208
0.869742 9.9955E-05 0.0273293 0.0297807 0.0439358 9.9955E-05 9.9955E-05 9.9955E-05 9.9955E-05 0.0287123
0.86488 9.9955E-05 9.9955E-05 0.0779732 9.9955E-05 9.9955E-05 0.0269875 0.0138383 0.0158211 9.9955E-05
0.0856921 0.722836 0.0694623 9.9964E-05 0.0650182 9.9964E-05 0.0179571 0.0386348 9.9964E-05 9.9964E-05
0.0207853 0.401614 0.442847 9.9964E-05 9.9964E-05 9.9964E-05 0.0336546 9.9964E-05 0.0633976 0.0373019
0.0352108 0.644508 0.0752559 0.0216329 0.0818111 0.035455 0.0382327 0.0198238 0.00424423 0.0438256
9.9946E-05 0.660464 0.159649 0.0173398 0.161948 9.9946E-05 9.9946E-05 9.9946E-05 9.9946E-05 9.9946E-05
0.169578 0.415611 0.247625 0.00701317 0.0901164 0.0226042 9.9982E-05 0.0236889 0.0235635 9.9982E-05
9.9964E-05 0.281826 0.476557 0.0562089 0.0835253 0.0827185 9.9964E-05 9.9964E-05 0.0187646 9.9964E-05
9.9982E-05 0.39333 0.353471 0.0109592 0.0942221 0.0178489 0.0200946 0.0589418 9.9982E-05 0.050932
0.0563353 0.539918 0.202608 0.122641 0.0386777 9.9973E-05 9.9973E-05 0.0191064 9.9973E-05 0.0204129
0.100503 0.770572 9.9946E-05 9.9946E-05 9.9946E-05 9.9946E-05 0.0543025 9.9946E-05 0.0740225 9.9946E-05
9.9982E-05 0.421604 0.325724 9.9982E-05 0.0187055 0.0661427 0.0402539 0.0443133 0.0323748 0.050681
0.0325891 0.25592 0.345083 9.9991E-05 0.0213064 0.015277 0.0925366 0.0829797 0.13754 0.0166685
0.00200985 0.368655 0.394443 0.00406205 0.102987 0.0249749 9.9982E-05 0.0684451 0.0342235 9.9982E-05
0.0905903 0.644645 0.14647 9.9964E-05 0.0808077 9.9964E-05 9.9964E-05 9.9964E-05 0.0368986 0.000188298
9.9973E-05 0.162079 0.565438 9.9973E-05 0.0631787 9.9973E-05 0.0550732 0.0489889 0.0604396 0.0445028
0.00937493 0.422858 0.391781 0.046583 0.067504 9.9973E-05 9.9973E-05 9.9973E-05 0.0463158 0.0152832
0.0524474 0.795438 0.000426313 9.9964E-05 0.0879708 9.9964E-05 9.9964E-05 0.0214045 9.9964E-05 0.0419136
0.0780563 0.723028 0.0399784 9.9955E-05 0.147158 9.9955E-05 9.9955E-05 0.0112792 9.9955E-05 9.9955E-05
0.00710164 0.726258 0.151922 0.0429488 0.00272593 0.0567477 9.9973E-05 9.9973E-05 0.011996 9.9973E-05
9.99201E-05 9.99201E-05 9.99201E-05 9.99201E-05 9.99201E-05 9.99201E-05 9.99201E-05 9.99201E-05 9.99201E-05 0.999101
9.99201E-05 9.99201E-05 9.99201E-05 9.99201E-05 9.99201E-05 9.99201E-05 9.99201E-05 9.99201E-05 9.99201E-05 0.999101
9.9964E-05 9.9964E-05 0.0784816 0.495243 0.0134698 9.9964E-05 0.00564651 0.0250522 9.9964E-05 0.381708
0.0943707 9.9964E-05 0.0811988 0.379163 0.0253929 9.9964E-05 9.9964E-05 0.0990638 9.9964E-05 0.320411
9.9991E-05 0.153709 0.490945 0.0386033 0.0382525 0.0316524 0.0449306 0.185697 0.00670868 0.00940166
0.0901352 0.0983826 0.504219 0.0482489 0.0460876 9.9964E-05 9.9964E-05 0.212526 9.9964E-05 9.9964E-05
0.036128 9.9955E-05 0.554892 0.000254879 9.9955E-05 0.0192449 9.9955E-05 0.38898 9.9955E-05 9.9955E-05
0.0599608 0.651243 0.0731748 0.0395915 9.9982E-05 0.00629402 0.11246 0.013275 9.9982E-05 0.0438007
9.9964E-05 0.0586361 0.342472 9.9964E-05 9.9964E-05 9.9964E-05 0.0105554 0.539064 0.0117594 0.0371131
0.0692865 0.159273 0.50653 0.0572349 0.0104314 9.9973E-05 0.0163992 0.180546 9.9973E-05 9.9973E-05
9.9955E-05 9.9955E-05 0.672301 9.9955E-05 0.0164781 0.156274 9.9955E-05 0.122644 9.9955E-05 0.0318038
0.0503561 0.069836 0.537985 0.0307808 9.9982E-05 9.9982E-05 0.0491315 0.12276 0.0923772 0.0465736
0.0336618 0.0118152 0.506248 9.9982E-05 0.0430563 9.9982E-05 0.0796508 0.198836 0.0340073 0.0925246
9.9955E-05 0.148986 0.0807701 9.9955E-05 9.9955E-05 9.9955E-05 9.9955E-05 0.662474 0.053624 0.0536466
0.116604 0.0387719 0.564027 9.9982E-05 0.0417158 9.9982E-05 0.0431262 0.0415891 0.152742 0.00122382
0.0640771 0.102234 0.515868 0.0116972 0.0852203 9.9973E-05 9.9973E-05 0.196212 9.9973E-05 0.0243919
9.9973E-05 9.9973E-05 0.56977 0.0380739 0.0742249 9.9973E-05 0.0754346 0.138144 0.0521478 0.0519052
9.9928E-05 9.9928E-05 0.332917 9.9928E-05 9.9928E-05 9.9928E-05 9.9928E-05 0.666284 9.9928E-05 9.9928E-05
0.0154629 9.9973E-05 0.574334 0.0164757 0.0388461 0.0166909 0.0313612 0.30653 9.9973E-05 9.9973E-05
0.0428433 0.00176308 0.471535 0.0447319 0.0560273 0.0228773 0.0904525 0.217251 0.000286226 0.0522322
9.9937E-05 9.9937E-05 9.9937E-05 0.0586603 9.9937E-05 9.9937E-05 9.9937E-05 0.691691 0.248949 9.9937E-05
9.9964E-05 0.364032 0.112577 9.9964E-05 9.9964E-05 0.031956 0.172449 0.201604 0.116982 9.9964E-05
0.0647086 0.358554 0.0237556 9.9964E-05 9.9964E-05 0.107864 9.9964E-05 0.159593 0.285124 9.9964E-05
9.9982E-05 0.293468 0.448955 0.0466925 0.0662564 0.0466259 0.00508113 0.0670296 0.0256918 9.9982E-05
0.0854862 0.212519 0.577336 0.0570314 0.0293999 0.0286602 9.9982E-05 0.00297319 0.00639484 9.9982E-05
0.00556344 0.187666 0.523736 0.0875613 0.0804936 9.9991E-05 0.00111269 0.0543138 0.0360665 0.023386
0.000381852 0.317611 0.128312 0.0816203 0.0124054 0.0272442 0.105545 0.204345 0.0781056 0.0444298
0.0295644 0.167271 0.550384 9.9982E-05 9.9982E-05 0.0258424 0.095698 0.0434606 0.0478706 0.0397094
0.0620468 0.116264 0.468293 0.0340094 0.134397 0.0862407 0.0455711 0.0232155 9.9991E-05 0.0298628
0.153398 0.256136 0.275176 9.9964E-05 9.9964E-05 0.0715457 9.9964E-05 0.195002 9.9964E-05 0.0483426
0.0526945 0.447494 0.00760653 0.136307 0.0527388 9.9991E-05 0.0326088 0.0981109 0.155138 0.0172003
0.0264174 0.0846368 0.526718 9.9991E-05 0.036031 0.0357673 0.0111994 0.149711 0.019675 0.109744
0.121545 0.359971 0.344704 0.0318551 9.9964E-05 0.0743748 9.9964E-05 0.0671509 9.9964E-05 9.9964E-05
9.9955E-05 0.545199 9.9955E-05 9.9955E-05 9.9955E-05 9.9955E-05 0.137308 0.182579 0.0678906 0.0665232
0.00889923 0.424731 0.43976 0.0184899 0.0188984 9.9982E-05 0.0234267 0.0507779 9.9982E-05 0.0148165
9.9964E-05 0.0542932 0.617261 9.9964E-05 9.9964E-05 0.0688763 9.9964E-05 0.140178 0.0789999 0.0399916
9.9973E-05 0.23699 0.51405 9.9973E-05 9.9973E-05 0.0184732 0.0581081 0.059308 0.0165941 0.0961769
0.0930541 0.406503 0.197662 9.9973E-05 0.0226535 0.0365903 9.9973E-05 0.242841 9.9973E-05 0.000395863
0.0374439 0.403039 0.301739 9.9991E-05 0.0501925 0.0296651 0.0227491 0.0810789 0.0154391 0.0585531
9.999E-05 0.0660062 0.519074 0.037987 0.00891041 0.0804684 0.1914 0.066656 0.00591209 0.0234862
9.9982E-05 0.560109 0.0794083 0.00476733 9.9982E-05 0.0654074 0.0189238 0.0720149 0.133808 0.0653611
9.9937E-05 9.9937E-05 0.537677 9.9937E-05 9.9937E-05 9.9937E-05 9.9937E-05 0.453571 9.9937E-05 0.0080523
9.9955E-05 0.146165 0.188417 9.9955E-05 0.0193002 9.9955E-05 9.9955E-05 0.62559 9.9955E-05 0.0200277
9.9982E-05 9.9982E-05 0.537861 0.0491163 0.024751 0.0737014 0.0468383 0.155431 0.081769 0.0303326
9.9937E-05 9.9937E-05 9.9937E-05 9.9937E-05 9.9937E-05 0.0085175 9.9937E-05 0.833542 0.157241 9.9937E-05
9.9946E-05 0.0764424 9.9946E-05 9.9946E-05 9.9946E-05 0.056255 9.9946E-05 0.76445 0.102253 9.9946E-05
9.99281E-05 9.99281E-05 0.230089 9.99281E-05 9.99281E-05 9.99281E-05 9.99281E-05 0.769111 9.99281E-05 9.99281E-05
0.00158836 0.0304191 0.495541 9.9964E-05 9.9964E-05 9.9964E-05 0.0256166 0.427143 9.9964E-05 0.0192919
9.9973E-05 9.9973E-05 0.612001 0.128862 0.0301182 0.0257989 9.9973E-05 0.181946 0.00853626 0.0124375
9.9955E-05 9.9955E-05 0.372658 9.9955E-05 0.070164 9.9955E-05 0.0492967 0.491473 9.9955E-05 0.0159083
0.0122103 9.9955E-05 0.171077 9.9955E-05 9.9955E-05 9.9955E-05 0.15964 0.64675 9.9955E-05 0.00982344
0.024783 0.0839217 0.194026 9.99639E-05 9.99639E-05 9.99639E-05 0.148679 0.517588 9.99639E-05 0.0306024
0.0153582 9.9982E-05 0.490424 0.0386563 0.05358 0.0845325 0.0213357 0.230946 9.9982E-05 0.0649667
0.0410318 0.118801 0.294733 9.9946E-05 9.9946E-05 9.9946E-05 9.9946E-05 0.544834 9.9946E-05 9.9946E-05
0.0415938 0.0510406 0.367256 0.0235664 9.9982E-05 9.9982E-05 0.0113738 0.471004 0.0014901 0.032476
9.9955E-05 9.9955E-05 0.43764 9.9955E-05 9.9955E-05 0.018514 9.9955E-05 0.511526 0.0134673 0.0183537
9.9937E-05 9.9937E-05 9.9937E-05 9.9937E-05 9.9937E-05 0.10368 9.9937E-05 0.694255 0.201365 9.9937E-05
9.9973E-05 0.0323538 0.596301 9.9973E-05 0.0499153 9.9973E-05 0.054808 0.223009 0.0414198 0.00189339
0.0925181 0.101322 9.9955E-05 0.663659 0.0674702 9.9955E-05 9.9955E-05 9.9955E-05 9.9955E-05 0.0745311
0.0269075 9.9946E-05 0.055068 0.751824 9.9946E-05 9.9946E-05 9.9946E-05 9.9946E-05 9.9946E-05 0.165601
9.9946E-05 9.9946E-05 0.084236 0.748847 0.0220714 9.9946E-05 9.9946E-05 9.9946E-05 9.9946E-05 0.144246
9.9955E-05 9.9955E-05 0.00404234 0.771789 0.0121791 9.9955E-05 9.9955E-05 9.9955E-05 0.0608998 0.15059
0.0725269 9.9955E-05 0.0673206 0.680175 9.9955E-05 9.9955E-05 9.9955E-05 9.9955E-05 0.0214233 0.158055
9.9964E-05 9.9964E-05 0.0361291 0.782602 0.0223165 9.9964E-05 0.0479155 9.9964E-05 0.0281475 0.0824898
0.0691289 0.00102744 0.0294798 0.77408 0.0335542 9.9973E-05 9.9973E-05 9.9973E-05 0.00565699 0.0867723
9.9973E-05 0.0335451 0.467828 0.0570262 0.119655 9.9973E-05 9.9973E-05 0.224347 0.0282821 0.0690169
0.0758024 0.038086 0.514414 9.9964E-05 0.0811852 9.9964E-05 9.9964E-05 0.220709 9.9964E-05 0.0694036
0.0104287 0.120479 0.005104 0.0350286 9.9955E-05 9.9955E-05 9.9955E-05 0.82846 9.9955E-05 9.9955E-05
0.0376602 9.9982E-05 0.539771 0.0172088 0.0862702 0.0109909 0.0433307 0.174265 0.0903035 9.9982E-05
0.00789429 0.0493941 0.330021 9.9973E-05 0.0654854 9.9973E-05 0.0417782 0.459572 9.9973E-05 0.0455551
0.0614596 9.9955E-05 0.594352 0.0224895 9.9955E-05 0.0831779 9.9955E-05 0.238022 9.9955E-05 9.9955E-05
0.0447188 0.061972 0.475571 0.0249747 0.0109112 0.072317 9.9982E-05 0.297139 9.9982E-05 0.012197
0.0251011 9.9955E-05 0.424828 9.9955E-05 0.0996617 0.0268088 9.9955E-05 0.423101 9.9955E-05 9.9955E-05
9.9955E-05 0.126929 9.9955E-05 0.0486681 9.9955E-05 9.9955E-05 0.104638 0.716641 9.9955E-05 0.00262381
0.124088 0.0643299 0.440602 0.0220607 0.00496978 0.0580762 0.0534704 0.202505 9.9991E-05 0.0297986
9.9982E-05 0.0689098 0.68485 0.0569864 0.00904028 0.00196218 0.128009 0.0276261 0.0224165 9.9982E-05
0.0814832 0.156004 0.43356 0.00938751 0.0958099 9.9982E-05 9.9982E-05 0.148866 0.00436708 0.0703222
9.9955E-05 9.9955E-05 0.256497 9.9955E-05 0.00413951 9.9955E-05 9.9955E-05 0.555853 0.177805 0.0052058
0.0223615 9.9973E-05 0.418931 9.9973E-05 0.0137195 0.181844 9.9973E-05 0.311797 0.026544 0.0245034
9.9955E-05 0.175758 0.416771 9.9955E-05 9.9955E-05 9.9955E-05 0.0586008 0.31864 9.9955E-05 0.0297308
0.0312254 9.9955E-05 0.271596 9.9955E-05 0.0893587 9.9955E-05 0.00764989 0.599671 9.9955E-05 9.9955E-05
0.0296637 9.9964E-05 0.444555 0.0146965 9.9964E-05 9.9964E-05 0.110314 0.391981 9.9964E-05 0.00839017
9.9973E-05 0.136186 0.52399 0.0928347 9.9973E-05 0.107748 0.0393867 0.082515 0.01704 9.9973E-05
0.0653992 0.516517 0.132758 9.9982E-05 9.9982E-05 0.18642 0.000682091 0.0153597 0.0444988 0.0381653
9.9964E-05 0.305043 0.403713 0.0251906 9.9964E-05 9.9964E-05 0.119725 9.9964E-05 0.0956588 0.0502697
9.9964E-05 0.212903 0.472801 0.0932223 0.0678731 0.0993049 0.0534964 9.9964E-05 9.9964E-05 9.9964E-05
9.9991E-05 0.154558 0.579362 0.082451 0.00732593 0.0176312 0.0359631 0.0463335 0.0636296 0.0126458
0.0755802 0.412569 0.463302 9.9946E-05 9.9946E-05 9.9946E-05 9.9946E-05 9.9946E-05 9.9946E-05 0.0479488
9.9964E-05 0.266496 0.52938 0.00289238 0.0872589 9.9964E-05 0.073303 9.9964E-05 0.0402705 9.9964E-05
9.9964E-05 0.455243 0.358178 0.000544026 0.0659606 0.0633682 0.0563064 9.9964E-05 9.9964E-05 9.9964E-05
9.9982E-05 0.00866707 0.507178 0.117649 0.023387 0.124265 0.100723 0.0450027 0.0729282 9.9982E-05
0.0939295 0.185203 0.57435 9.9964E-05 0.0717387 9.9964E-05 9.9964E-05 0.0394992 0.0348801 9.9964E-05
9.9973E-05 0.320627 0.550283 0.0441316 9.9973E-05 0.0302617 9.9973E-05 0.0236755 0.00708107 0.0236402
9.9973E-05 0.418187 0.469006 0.00187872 9.9973E-05 0.00108411 0.0706 0.0253626 9.9973E-05 0.0135816
9.9973E-05 0.0848899 0.495432 9.9973E-05 0.0966485 0.0758506 0.143858 0.00632559 0.0966954 9.9973E-05
9.9973E-05 0.0677304 0.63874 0.120543 0.025443 0.0371081 0.0549705 9.9973E-05 0.0551649 9.9973E-05
9.9955E-05 0.239524 0.483658 9.9955E-05 0.0838368 0.0914556 0.101026 9.9955E-05 9.9955E-05 9.9955E-05
0.0132107 9.9973E-05 0.620525 0.0492066 9.9973E-05 9.9973E-05 0.107052 0.0443321 0.145267 0.0201068
9.9964E-05 0.194771 0.48972 9.9964E-05 0.0858542 0.0447231 0.113924 0.070608 9.9964E-05 9.9964E-05
9.9973E-05 0.384673 0.297048 0.0590126 9.9973E-05 0.0215948 0.0510529 9.9973E-05 0.131774 0.0545448
9.9955E-05 0.26316 0.641519 9.9955E-05 0.0232201 0.0354803 0.0361209 9.9955E-05 9.9955E-05 9.9955E-05
9.9973E-05 0.145816 0.637435 0.017636 9.9973E-05 0.042676 0.085051 9.9973E-05 0.0288866 0.0421996
0.050294 0.464834 0.153859 0.0396611 0.0506416 0.0451822 0.0773184 0.118009 9.9982E-05 9.9982E-05
9.9982E-05 0.304454 0.0867132 0.0424751 0.0590346 0.138827 0.0873696 0.0238134 0.257113 9.9982E-05
9.9982E-05 0.203929 0.539139 0.0172545 9.9982E-05 0.00786232 0.0824758 0.0267854 0.106453 0.0159013
9.9982E-05 0.272862 0.0225986 9.9982E-05 0.0630087 0.219275 0.169101 0.115649 0.136488 0.000818877
9.9982E-05 0.553433 0.180984 0.0703766 0.00272827 0.033473 0.0291354 0.127694 9.9982E-05 0.00197638
0.0297071 0.365146 0.37304 0.0260158 9.9973E-05 0.0939806 0.0681092 0.0437019 9.9973E-05 9.9973E-05
9.9964E-05 0.477768 0.224198 0.0032184 9.9964E-05 9.9964E-05 0.172207 0.0760538 9.9964E-05 0.0461542
9.9964E-05 0.587751 0.177794 0.0471017 0.0143656 9.9964E-05 0.0664013 0.106187 9.9964E-05 9.9964E-05
9.9982E-05 0.153272 0.53413 0.0611222 9.9982E-05 0.10492 0.0215 0.0417729 0.0105453 0.0725384
0.118994 0.162851 0.595304 0.065599 0.00969733 0.0162274 0.0126679 0.0163981 9.9991E-05 0.0021618
9.9973E-05 0.410675 0.44042 9.9973E-05 0.0538379 0.0154742 9.9973E-05 0.00794235 0.029769 0.0415815
9.9982E-05 0.427764 0.0915311 9.9982E-05 0.045709 0.0688511 0.0951998 0.0335468 0.235724 0.00147491
0.012677 9.9991E-05 0.523927 0.152083 0.0151631 0.0465389 0.0219268 0.165523 0.0434013 0.0186589
0.00454387 9.9982E-05 0.519751 0.00841532 0.00639308 0.107314 0.0335576 0.0935754 0.22625 9.9982E-05
0.0866216 0.141129 9.9973E-05 0.0380464 9.9973E-05 0.156869 0.0550242 0.135898 0.386112 9.9973E-05
0.0548226 9.9982E-05 0.66711 0.104634 9.9982E-05 0.0893415 0.015129 0.0294691 0.0172373 0.0220565
0.016101 0.0408535 0.315407 0.039219 0.0376668 0.114217 0.113068 0.165902 0.157467 9.9991E-05
9.9991E-05 0.123604 0.432962 0.0593619 0.0603371 0.0696637 0.0536882 0.00206855 0.193119 0.00509558
0.0481215 0.0500685 0.257223 0.00555368 0.00148094 9.9991E-05 0.0882409 0.133205 0.373942 0.0420646
0.0434484 0.16109 0.162618 0.0262122 9.9991E-05 0.204568 0.0560996 0.0211853 0.288632 0.0360463
0.00973134 0.068318 0.434924 9.9982E-05 9.9982E-05 0.150933 0.0797784 0.0881166 0.138427 0.029572
0.069034 0.0263619 0.526423 9.9982E-05 0.0334483 0.097303 0.0629362 0.00482016 0.179473 9.9982E-05
0.0521605 0.143304 0.448817 0.0685162 0.0273813 9.9991E-05 0.03495 0.0417112 0.170021 0.013038
0.0539271 0.14805 9.9991E-05 0.0081088 0.140755 0.0572565 0.042924 0.234156 0.300846 0.0138772
0.0721209 0.0999602 0.49108 0.0277434 0.0632472 9.9991E-05 0.0136536 0.102986 0.0796056 0.0495028
9.9946E-05 0.246954 0.358786 9.9946E-05 9.9946E-05 9.9946E-05 9.9946E-05 0.134178 0.259482 9.9946E-05
0.0277186 0.146962 0.358371 9.9982E-05 0.0246116 0.178958 9.9982E-05 0.147307 0.103707 0.0121652
0.0742329 9.9973E-05 0.526136 0.0960691 9.9973E-05 0.0867549 0.0508689 0.0164982 0.14914 9.9973E-05
0.0495638 0.057489 0.0929558 0.228563 0.274063 9.9982E-05 0.00649019 9.9982E-05 0.219589 0.071086
0.171101 9.9955E-05 9.9955E-05 0.332335 0.121254 9.9955E-05 9.9955E-05 9.9955E-05 0.336397 0.0384135
0.0457518 9.9955E-05 9.9955E-05 0.318012 0.152051 9.9955E-05 9.9955E-05 9.9955E-05 0.45501 0.0286754
0.0667163 0.0655549 0.0194525 0.318162 0.345841 9.9973E-05 9.9973E-05 9.9973E-05 0.170542 0.0134301
0.0692342 9.9964E-05 0.662468 9.9964E-05 9.9964E-05 0.00552319 9.9964E-05 0.0375197 0.204043 0.0208126
0.0854504 0.0277595 0.537254 9.9991E-05 0.0732667 0.120633 0.057553 0.0383485 0.0534687 0.00616599
9.9937E-05 0.0727149 0.233141 9.9937E-05 0.693445 9.9937E-05 9.9937E-05 9.9937E-05 9.9937E-05 9.9937E-05
9.9973E-05 0.0698311 0.353643 0.0665659 0.38209 0.0104216 9.9973E-05 0.0841296 9.9973E-05 0.0330191
0.0494845 0.0248238 0.330505 0.0482197 0.340619 0.0654909 0.0315523 0.082136 0.00716795 0.0200007
0.0504313 0.0553236 0.331238 9.9964E-05 9.9964E-05 0.202226 9.9964E-05 0.00509365 0.355288 9.9964E-05
0.0202353 0.137799 0.444504 0.0261692 0.0738795 0.0857677 0.0610569 0.0574949 0.075226 0.0178673
9.9946E-05 0.186928 0.206941 9.9946E-05 9.9946E-05 0.106667 9.9946E-05 9.9946E-05 0.498865 9.9946E-05
0.0254502 0.0217217 0.617467 9.9973E-05 9.9973E-05 0.0691775 0.0196841 0.0335158 0.212684 9.9973E-05
0.0154506 0.112619 0.437415 0.01651 9.9973E-05 0.165208 9.9973E-05 9.9973E-05 0.231491 0.0210066
0.00407554 0.144278 0.532548 9.9973E-05 0.056926 0.0108096 0.00372571 9.9973E-05 0.247337 9.9973E-05
9.9955E-05 0.194596 0.183349 9.9955E-05 9.9955E-05 0.0997886 9.9955E-05 0.0584721 0.463294 9.9955E-05
0.0144519 0.0219502 0.567115 9.9973E-05 0.0973216 9.9973E-05 9.9973E-05 0.136686 0.151173 0.011002
0.0586653 9.9973E-05 0.522507 9.9973E-05 0.0499426 9.9973E-05 0.0324811 0.125089 0.187704 0.0233116
9.9955E-05 0.0477415 0.0188412 0.0195996 0.897087 9.9955E-05 9.9955E-05 0.0162314 9.9955E-05 9.9955E-05
0.00462148 9.9955E-05 0.0801404 9.9955E-05 0.866288 9.9955E-05 0.0375956 9.9955E-05 0.0108552 9.9955E-05
0.068205 0.0641801 0.135769 9.9964E-05 0.614224 9.9964E-05 9.9964E-05 0.102307 9.9964E-05 0.0149145
9.9937E-05 0.0278541 0.297284 9.9937E-05 0.674162 9.9937E-05 9.9937E-05 9.9937E-05 9.9937E-05 9.9937E-05
0.0398591 9.9955E-05 0.0991093 9.9955E-05 0.76005 9.9955E-05 9.9955E-05 0.083517 9.9955E-05 0.0169644
9.9937E-05 9.9937E-05 9.9937E-05 9.9937E-05 0.967136 9.9937E-05 9.9937E-05 9.9937E-05 0.00766206 0.024502
0.0011781 0.0447787 9.9955E-05 9.9955E-05 0.898099 9.9955E-05 0.0280745 9.9955E-05 9.9955E-05 0.0273698
9.9946E-05 9.9946E-05 0.156451 9.9946E-05 0.822194 0.00226203 0.0184932 9.9946E-05 9.9946E-05 9.9946E-05
9.9946E-05 9.9946E-05 0.0165864 9.9946E-05 0.962105 9.9946E-05 0.00777297 9.9946E-05 9.9946E-05 0.0129357
9.99201E-05 9.99201E-05 9.99201E-05 9.99201E-05 0.999101 9.99201E-05 9.99201E-05 9.99201E-05 9.99201E-05 9.99201E-05
9.9928E-05 9.9928E-05 9.9928E-05 9.9928E-05 0.974364 9.9928E-05 9.9928E-05 9.9928E-05 9.9928E-05 0.0248363
9.9946E-05 9.9946E-05 0.23708 9.9946E-05 0.70657 0.00315568 9.9946E-05 9.9946E-05 9.9946E-05 0.0525941
0.0347719 0.0596218 0.0720782 9.9964E-05 0.824095 0.0082301 9.9964E-05 9.9964E-05 0.000802964 9.9964E-05
9.9946E-05 9.9946E-05 9.9946E-05 9.9946E-05 0.97969 9.9946E-05 0.00309073 0.0133447 9.9946E-05 0.00327503
9.9973E-05 0.0572564 0.373132 0.0222821 0.360373 0.0665762 0.0533653 9.9973E-05 9.9973E-05 0.0667143
9.9973E-05 0.00783083 0.242906 0.0673465 0.611015 9.9973E-05 0.0309193 0.0277816 9.9973E-05 0.0119008
9.9946E-05 9.9946E-05 0.126559 9.9946E-05 0.771989 9.9946E-05 0.0491577 9.9946E-05 9.9946E-05 0.051694
0.0220383 9.9955E-05 0.106071 0.0154123 0.843888 9.9955E-05 9.9955E-05 9.9955E-05 9.9955E-05 0.01209
0.00953106 9.9928E-05 9.9928E-05 9.9928E-05 0.98967 9.9928E-05 9.9928E-05 9.9928E-05 9.9928E-05 9.9928E-05
0.0923516 9.9946E-05 0.0849972 9.9946E-05 0.816241 0.00581017 9.9946E-05 9.9946E-05 9.9946E-05 9.9946E-05
0.0296047 9.9928E-05 9.9928E-05 9.9928E-05 0.969596 9.9928E-05 9.9928E-05 9.9928E-05 9.9928E-05 9.9928E-05
0.0675337 0.0470077 0.17093 9.9973E-05 0.683552 9.9973E-05 0.0105301 0.00771085 9.9973E-05 0.0124363
0.028862 0.0445651 0.0422548 0.00110011 0.881034 9.9964E-05 9.9964E-05 9.9964E-05 9.9964E-05 0.00178381
0.0336857 0.0453138 9.9964E-05 0.308344 9.9964E-05 0.0348294 9.9964E-05 0.0407476 0.536679 9.9964E-05
0.0447448 0.0812484 0.314332 0.0972752 0.134 0.0576489 0.0875654 9.9991E-05 0.133698 0.0493873
0.0769687 9.9973E-05 0.429503 0.15588 9.9973E-05 9.9973E-05 0.0783998 0.0482441 0.192019 0.018685
0.0486532 9.9991E-05 0.141875 0.0901733 0.0967526 0.0428854 0.0466812 0.0481802 0.45364 0.0310588
0.111559 0.0974947 0.359676 9.9982E-05 0.0989581 0.0158133 0.0680487 9.9982E-05 0.1898 0.0584502
0.13666 9.9982E-05 0.22573 0.0868754 0.0400264 0.0192449 9.9982E-05 0.0131505 0.405308 0.0728036
0.0930591 9.9991E-05 0.445276 0.0622511 0.0771516 0.0669465 0.0700903 0.0715486 0.113086 0.000490915
0.0742466 9.9955E-05 0.287957 0.0695283 0.197415 9.9955E-05 9.9955E-05 9.9955E-05 0.370354 9.9955E-05
0.0924439 0.0157427 0.453813 0.0174343 0.175914 9.9982E-05 0.010059 9.9982E-05 0.18247 0.0519225
0.105537 9.9964E-05 0.267313 9.9964E-05 0.223971 9.9964E-05 9.9964E-05 0.0219173 0.363531 0.0173306
0.0808046 9.9991E-05 0.473586 0.158824 0.0396713 0.0302235 0.0428932 0.0327591 0.123085 0.0180534
0.0928452 9.9964E-05 0.0586524 0.748105 9.9964E-05 0.00677229 0.0718044 9.9964E-05 0.0214204 9.9964E-05
9.9946E-05 9.9946E-05 9.9946E-05 0.871299 0.0686069 9.9946E-05 0.00421232 9.9946E-05 9.9946E-05 0.0552822
9.9946E-05 9.9946E-05 9.9946E-05 0.942516 9.9946E-05 9.9946E-05 0.0416411 0.00313759 9.9946E-05 0.0121059
9.9946E-05 9.9946E-05 0.0362255 0.884436 9.9946E-05 9.9946E-05 0.0419053 9.9946E-05 9.9946E-05 0.0368336
0.0520482 9.9964E-05 0.0309276 0.741069 0.0220054 9.9964E-05 0.0315446 9.9964E-05 9.9964E-05 0.122005
0.017651 9.9955E-05 9.9955E-05 0.800985 0.061588 0.0196496 9.9955E-05 9.9955E-05 9.9955E-05 0.0996262
0.106192 9.9955E-05 9.9955E-05 0.737002 0.0678853 9.9955E-05 9.9955E-05 0.000384055 9.9955E-05 0.0880372
0.0499492 9.9973E-05 9.9973E-05 0.790096 0.0150136 0.0343762 9.9973E-05 0.0258579 0.01851 0.065897
0.0416042 0.00606659 0.000151073 0.864462 0.00270637 0.0484088 9.9982E-05 0.0167762 9.9982E-05 0.0196249
9.9955E-05 9.9955E-05 9.9955E-05 0.830333 0.103887 0.000279575 9.9955E-05 9.9955E-05 0.0562671 0.00873315
0.101123 0.155774 9.9973E-05 0.518431 9.9973E-05 0.00692194 0.0967705 0.0906421 9.9973E-05 0.0300377
0.0866993 0.0748478 9.9964E-05 0.517915 9.9964E-05 0.0229092 0.239092 0.0581368 9.9964E-05 9.9964E-05
0.0131757 0.150193 9.9982E-05 0.532391 9.9982E-05 0.0410733 0.0985046 0.0693434 0.0764875 0.018631
0.151149 0.334839 9.9955E-05 0.400077 9.9955E-05 0.0124512 0.100983 9.9955E-05 9.9955E-05 9.9955E-05
0.0153264 0.253831 0.437772 0.0767791 9.9964E-05 9.9964E-05 9.9964E-05 0.175069 9.9964E-05 0.040823
9.9964E-05 0.0338055 0.40687 9.9964E-05 0.103326 0.120788 0.0883138 0.246497 9.9964E-05 9.9964E-05
9.9973E-05 0.126499 0.456513 9.9973E-05 0.056126 0.00365863 0.131169 0.213905 0.0118292 9.9973E-05
9.9973E-05 0.335888 0.315663 0.0256074 9.9973E-05 9.9973E-05 0.0525955 0.159176 0.0565623 0.0542078
9.9955E-05 0.470352 0.111259 9.9955E-05 9.9955E-05 9.9955E-05 0.232857 0.152647 9.9955E-05 0.0323848
0.0920959 0.0271307 0.55737 9.99794E-05 0.0761085 0.0379323 0.032846 0.176217 9.99794E-05 9.99794E-05
9.9964E-05 0.0709777 0.52967 9.9964E-05 0.0184667 9.9964E-05 0.039696 0.317284 0.0235062 9.9964E-05
0.0231731 0.10228 0.507434 9.9964E-05 9.9964E-05 9.9964E-05 0.0425496 0.293556 0.0306072 9.9964E-05
9.9964E-05 9.9964E-05 0.35833 9.9964E-05 0.0249524 0.00946551 0.0175596 0.549586 0.0397069 9.9964E-05
9.9973E-05 9.9973E-05 0.659064 0.024493 0.01844 0.0364282 0.153885 0.0916083 0.0157819 9.9973E-05
9.9955E-05 0.0659155 0.364249 9.9955E-05 9.9955E-05 9.9955E-05 0.101711 0.447228 9.9955E-05 0.0203965
9.9955E-05 9.9955E-05 9.9955E-05 9.9955E-05 9.9955E-05 0.169597 0.0182874 0.770566 0.0225321 0.0185176
0.0443666 0.1288 0.420957 0.0850149 9.9982E-05 0.0756642 0.0309195 0.208202 9.9982E-05 0.00587618
9.9964E-05 9.9964E-05 0.200998 0.0326598 9.9964E-05 0.0666695 9.9964E-05 0.6104 0.0869605 0.0019124
9.9955E-05 9.9955E-05 0.455563 9.9955E-05 0.0226936 0.0346275 9.9955E-05 0.451404 9.9955E-05 0.0352121
9.9964E-05 0.110409 0.0441369 0.0540316 9.9964E-05 0.0407294 0.0658147 0.684478 9.9964E-05 9.9964E-05
0.041003 9.9955E-05 0.0379203 9.9955E-05 0.0114874 9.9955E-05 0.807451 9.9955E-05 0.101639 9.9955E-05
0.0373302 9.9946E-05 0.0632273 9.9946E-05 9.9946E-05 9.9946E-05 0.860656 9.9946E-05 0.0381867 9.9946E-05
0.0311893 9.9937E-05 9.9937E-05 9.9937E-05 9.9937E-05 0.0300866 0.938025 9.9937E-05 9.9937E-05 9.9937E-05
9.9946E-05 9.9946E-05 9.9946E-05 0.0430545 9.9946E-05 0.037808 0.878354 9.9946E-05 0.0401837 9.9946E-05
9.9955E-05 9.9955E-05 0.0574789 9.9955E-05 0.0244264 9.9955E-05 0.827007 9.9955E-05 0.0829999 0.00758816
9.9946E-05 9.9946E-05 0.040422 9.9946E-05 0.0501197 0.0554227 0.853436 9.9946E-05 9.9946E-05 9.9946E-05
9.9964E-05 9.9964E-05 0.0248489 0.809792 0.0621134 9.9964E-05 0.0378138 0.00952254 9.9964E-05 0.0555097
0.126851 9.9964E-05 0.0797155 0.721913 0.00612053 9.9964E-05 0.0319491 9.9964E-05 9.9964E-05 0.0330511
9.9964E-05 9.9964E-05 0.123985 0.724102 0.0989542 9.9964E-05 0.00264315 9.9964E-05 0.00470354 0.0452117
0.0460595 0.0960361 0.00780021 0.697459 0.0839192 9.9973E-05 0.0239417 9.9973E-05 9.9973E-05 0.0444845
0.136829 0.0412419 0.0382506 0.669116 0.101069 9.9964E-05 9.9964E-05 9.9964E-05 9.9964E-05 0.0130945
0.071057 0.101292 9.9973E-05 0.253091 9.9973E-05 9.9973E-05 0.480489 0.0333343 0.0137661 0.0466704
0.16951 0.0379787 9.9973E-05 0.320024 9.9973E-05 0.0690676 0.339085 0.0361922 9.9973E-05 0.0278428
0.166791 0.00634425 9.9973E-05 0.259847 9.9973E-05 0.0977394 0.417203 0.0191252 9.9973E-05 0.0326505
9.99201E-05 9.99201E-05 9.99201E-05 9.99201E-05 9.99201E-05 9.99201E-05 9.99201E-05 9.99201E-05 9.99201E-05 0.999101
0.152859 9.9973E-05 9.9973E-05 0.184315 9.9973E-05 0.0981318 0.465248 0.063777 0.00245341 0.032917
9.9955E-05 0.0217061 0.269983 0.24214 0.310036 9.9955E-05 9.9955E-05 9.9955E-05 0.155636 9.9955E-05
0.0743664 0.0241948 0.478841 0.0849365 0.222975 9.9973E-05 9.9973E-05 0.0650564 9.9973E-05 0.0493297
9.9946E-05 9.9946E-05 0.529351 0.150149 0.248569 9.9946E-05 9.9946E-05 9.9946E-05 9.9946E-05 0.0713312
0.109003 9.9964E-05 0.357388 0.139988 0.22282 9.9964E-05 0.0403656 9.9964E-05 0.130035 9.9964E-05
0.0226538 0.123035 0.339888 9.9991E-05 0.254753 0.0855029 0.0197346 0.0297565 0.0204779 0.104099
9.9937E-05 9.9937E-05 9.9937E-05 0.451387 0.319523 9.9937E-05 9.9937E-05 9.9937E-05 0.22839 9.9937E-05
0.0334481 0.278035 0.369449 0.0234518 9.9982E-05 9.9982E-05 0.127784 0.129442 0.0349181 0.0032715
9.9964E-05 0.228209 0.36457 9.9964E-05 9.9964E-05 0.131048 0.107685 0.0177709 0.150316 9.9964E-05
0.0965918 0.562603 0.128516 0.0123316 9.9973E-05 0.0730073 0.0716764 9.9973E-05 9.9973E-05 0.0549744
9.9955E-05 0.128849 0.466018 9.9955E-05 9.9955E-05 0.244361 0.0632852 9.9955E-05 0.0969877 9.9955E-05
9.9955E-05 0.185555 9.9955E-05 9.9955E-05 9.9955E-05 0.367667 0.0236746 0.128894 0.29371 9.9955E-05
9.9991E-05 0.161356 0.490106 0.0653171 0.0304513 0.117434 0.0578338 0.000383747 0.0191391 0.0578789
9.9982E-05 0.143079 0.413375 9.9982E-05 0.0295722 0.104174 0.115203 0.0398342 0.0923942 0.0621687
9.9964E-05 0.555532 0.232499 0.0288219 9.9964E-05 9.9964E-05 0.0636803 0.091148 9.9964E-05 0.0279193
0.0120017 0.0772716 0.508749 0.0984355 9.9982E-05 9.9982E-05 0.122267 0.092114 0.0449226 0.0440381
9.9955E-05 0.481294 0.0542381 9.9955E-05 9.9955E-05 0.0740435 9.9955E-05 0.0512904 0.338634 9.9955E-05
9.9973E-05 0.198855 0.377715 9.9973E-05 9.9973E-05 0.16053 0.101601 0.0332482 0.112326 0.0154267
0.0243529 0.27279 0.454532 9.9982E-05 0.00753477 0.0671475 0.063877 0.0772735 9.9982E-05 0.0322919
0.114297 0.0718093 0.371822 0.0655449 0.164125 0.0527091 0.0616156 0.0808599 0.0171169 9.9991E-05
9.9955E-05 0.380985 0.330826 9.9955E-05 9.9955E-05 0.147626 0.0753512 9.9955E-05 0.0647122 9.9955E-05
9.9973E-05 0.271639 0.365406 0.0483141 0.0351934 0.136245 0.108294 0.0346088 9.9973E-05 9.9973E-05
9.9955E-05 0.223183 0.375854 9.9955E-05 0.178051 0.136611 9.9955E-05 9.9955E-05 0.085802 9.9955E-05
0.0493079 0.0928558 0.526328 9.9973E-05 9.9973E-05 0.128248 0.0804757 0.0779137 0.0445718 9.9973E-05
0.0475089 0.0975175 0.503489 9.9982E-05 0.0402115 0.0476394 0.0943568 0.133152 9.9982E-05 0.0359257
0.0280709 0.165632 0.485032 0.093644 0.0728975 9.9982E-05 0.0969039 0.0534043 0.00421592 9.9982E-05
0.0608063 0.228609 0.500093 0.0342843 0.0424635 9.9991E-05 0.0674355 0.0397075 0.026251 0.000250083
9.9937E-05 9.9937E-05 0.148981 0.802372 0.0479474 9.9937E-05 9.9937E-05 9.9937E-05 9.9937E-05 9.9937E-05
0.00996775 9.9964E-05 0.0705546 0.85129 9.9964E-05 0.0270061 9.9964E-05 0.0296111 9.9964E-05 0.0111703
9.9973E-05 0.0384104 0.029217 0.800177 9.9973E-05 0.0628428 0.0565344 0.0111089 0.00140982 9.9973E-05
9.9964E-05 9.9964E-05 9.9964E-05 0.77227 0.0210019 0.0267239 0.0524402 0.0749313 9.9964E-05 0.0522327
0.0217403 9.9946E-05 0.138426 0.774381 9.9946E-05 9.9946E-05 9.9946E-05 9.9946E-05 9.9946E-05 0.0648533
9.9973E-05 0.738069 0.0265297 0.030768 0.0617643 9.9973E-05 0.129629 0.00557515 0.00736522 9.9973E-05
9.9973E-05 0.11741 0.419744 0.119979 0.0892227 0.123364 9.9973E-05 0.0973984 0.0325813 9.9973E-05
9.9973E-05 9.9973E-05 0.426402 0.216189 0.155691 0.136658 0.032031 0.00433153 0.0283975 9.9973E-05
9.9982E-05 0.130802 0.642422 0.0623656 0.00290579 0.0200337 0.0218939 9.9982E-05 0.0731352 0.0462413
9.9973E-05 0.308706 0.461276 0.0574061 9.9973E-05 0.0638332 0.0236269 0.0717227 9.9973E-05 0.0131292
9.9973E-05 0.385126 0.152458 9.9973E-05 0.0637225 0.140154 0.092998 9.9973E-05 0.117788 0.0474534
9.9964E-05 0.632521 9.9964E-05 0.164408 9.9964E-05 9.9964E-05 0.0835139 0.00634289 0.0855656 0.0272488
9.9973E-05 0.237354 0.478964 0.017112 9.9973E-05 0.05648 0.166662 0.0167215 9.9973E-05 0.0264062
9.9982E-05 0.434108 0.136957 0.0703404 0.00935482 0.135367 0.18818 0.00932844 9.9982E-05 0.0161651
0.00250093 0.0873318 0.411322 0.0421375 0.0501014 0.0798552 0.133882 0.0374102 0.155359 9.9991E-05
9.9973E-05 0.628389 0.051214 0.189697 9.9973E-05 0.0504175 0.0669745 9.9973E-05 0.00605434 0.00695365
9.9982E-05 0.167601 0.540505 0.103167 0.0270728 0.0212426 0.0673697 0.0727357 9.9982E-05 0.000105951
0.0550088 0.611949 0.0865884 0.0876584 9.9973E-05 0.0337598 0.0977498 0.0269861 9.9973E-05 9.9973E-05
9.9964E-05 0.51952 0.162665 9.9964E-05 0.134102 0.112402 9.9964E-05 9.9964E-05 0.00128393 0.0696272
0.050126 0.0863968 0.50972 0.00172569 9.9991E-05 0.0279049 0.0647788 0.0966204 0.139368 0.0232601
9.9955E-05 0.140871 0.251112 9.9955E-05 9.9955E-05 0.0636033 0.0581782 9.9955E-05 0.485735 9.9955E-05
0.0669958 0.131639 0.48189 9.9973E-05 9.9973E-05 9.9973E-05 0.0107212 0.0965526 0.177071 0.0348308
0.0413084 0.112312 0.506949 0.0824771 0.00178172 9.9973E-05 9.9973E-05 9.9973E-05 0.198697 0.0561752
0.000402222 0.00510237 0.345532 9.9973E-05 9.9973E-05 0.0876229 0.118437 0.0771804 0.365423 9.9973E-05
0.0679552 9.9984E-05 0.542579 0.0113939 9.9984E-05 0.108712 0.0569418 0.0627695 0.127078 0.0223706
0.00546902 9.9973E-05 0.507335 0.07601 9.9973E-05 0.0543318 0.084438 0.0623142 0.209802 9.9973E-05
9.9955E-05 9.9955E-05 0.109984 9.9955E-05 9.9955E-05 0.155068 0.0964519 0.100859 0.537138 9.9955E-05
9.9955E-05 9.9955E-05 0.285993 9.9955E-05 9.9955E-05 0.0676423 0.0186278 0.0900363 0.537201 9.9955E-05
9.9964E-05 0.055427 0.4978 9.9964E-05 9.9964E-05 9.9964E-05 0.0968719 0.0316861 0.302106 0.0157093
0.0646456 0.135536 0.164556 9.9973E-05 9.9973E-05 0.0610994 0.037276 0.18656 0.350027 9.9973E-05
0.0266017 0.172856 0.45149 9.9955E-05 9.9955E-05 9.9955E-05 9.9955E-05 0.0727358 0.275817 9.9955E-05
9.9964E-05 0.712538 0.0328206 0.0694611 0.029796 9.9964E-05 0.124389 0.0305956 9.9964E-05 9.9964E-05
9.9973E-05 0.327193 0.164405 9.9973E-05 0.0220441 0.253193 0.144484 0.0482022 0.0401792 9.9973E-05
9.9973E-05 0.393046 0.213563 0.0132397 0.0869242 9.9973E-05 0.124201 0.128711 9.9973E-05 0.0400149
9.9955E-05 0.168881 0.599754 9.9955E-05 0.0631992 0.0978019 0.0698648 9.9955E-05 9.9955E-05 9.9955E-05
0.074684 0.539372 0.186998 9.9964E-05 0.0123949 9.9964E-05 0.115946 0.0702057 9.9964E-05 9.9964E-05
9.9973E-05 0.115405 0.396386 0.0228492 0.0903129 0.154966 0.15824 9.9973E-05 9.9973E-05 0.0615397
9.9982E-05 0.197538 0.469049 9.9982E-05 0.126509 0.0130618 0.064388 0.00942744 0.111212 0.00861571
9.9973E-05 0.268445 0.480316 0.00976634 0.0358563 9.9973E-05 0.127761 0.0571038 0.0204518 9.9973E-05
0.0799737 0.362775 0.381789 9.9973E-05 0.0667783 0.0385774 9.9973E-05 0.0536162 9.9973E-05 0.0161902
0.0194011 0.205282 0.355162 9.9982E-05 0.0627308 0.0485652 0.150244 0.111776 9.9982E-05 0.0466388
9.9964E-05 0.543967 0.0829374 9.9964E-05 0.0964816 9.9964E-05 0.124604 0.143794 9.9964E-05 0.00781651
9.9973E-05 0.479196 0.16239 9.9973E-05 0.148283 0.078397 0.111741 0.00370573 9.9973E-05 0.0159873
9.9955E-05 0.228829 0.527675 9.9955E-05 0.0659985 0.0944748 0.0825237 9.9955E-05 9.9955E-05 9.9955E-05
0.055895 0.218145 0.551518 0.0181316 0.0296388 0.0304578 0.0938722 9.9982E-05 9.9982E-05 0.00214156
9.9973E-05 0.215085 0.374666 0.127807 9.9973E-05 0.0892235 0.0801038 0.0356226 0.0771919 9.9973E-05
0.0300793 0.156102 0.463751 9.9964E-05 0.0882879 0.132978 0.128402 9.9964E-05 9.9964E-05 9.9964E-05
9.9964E-05 0.300544 0.357217 0.0463451 0.000723113 9.9964E-05 0.202719 9.9964E-05 0.0920513 9.9964E-05
9.9973E-05 0.178159 0.576354 0.0347557 0.0219397 0.0605997 0.106521 9.9973E-05 9.9973E-05 0.0213714
9.9964E-05 0.279807 0.506181 0.0223235 0.0150506 0.0220064 0.154232 9.9964E-05 9.9964E-05 9.9964E-05
0.0268202 0.207385 0.45707 0.0549715 0.0471274 0.0540439 0.0586657 0.0674773 0.00636175 0.0200776
0.0246017 0.0550501 0.375498 0.310923 0.0984999 9.9973E-05 9.9973E-05 9.9973E-05 0.115061 0.0200674
0.00654782 0.0772208 0.396221 0.0783545 0.252045 0.0632844 9.9991E-05 0.0503753 0.0486038 0.0272465
0.0963613 0.0776383 0.577657 0.0930773 0.0602508 0.00769999 9.9982E-05 9.9982E-05 0.0781333 0.00898245
0.0407398 0.0820795 0.560522 9.9991E-05 0.0755152 0.110471 0.00372327 0.0174684 0.0465577 0.0628229
0.0571244 9.9973E-05 0.414963 0.199284 0.140628 0.158575 9.9973E-05 0.00608798 9.9973E-05 0.0230376
0.00111709 0.304629 0.481663 9.9964E-05 9.9964E-05 0.137598 0.0172814 9.9964E-05 0.0573118 9.9964E-05
0.0867619 0.0110452 0.585215 0.039147 0.132266 9.9991E-05 0.0327527 0.0618116 0.00976386 0.0411367
9.9982E-05 0.150715 0.024063 0.222714 0.107208 0.00831519 9.9982E-05 0.0395659 0.444705 0.00251429
0.0503121 0.124886 0.469393 0.0606777 0.158437 0.0414847 0.0277292 9.9982E-05 0.06688 9.9982E-05
9.9982E-05 0.106316 0.504183 0.115399 0.0768266 0.0714418 0.0381687 9.9982E-05 0.0459508 0.0415144
0.0462875 0.1441 0.441523 9.9982E-05 0.215118 0.0555217 0.0123023 0.0820743 0.00287408 9.9982E-05
0.0888806 0.188625 0.313188 0.105276 0.0749514 0.038959 9.9982E-05 9.9982E-05 0.172255 0.0176652
9.9964E-05 0.086339 0.481365 0.206524 0.0833928 0.12271 9.9964E-05 9.9964E-05 9.9964E-05 0.0192705
9.9964E-05 0.110666 0.510782 0.1041 0.132494 9.9964E-05 9.9964E-05 9.9964E-05 0.109491 0.0320667
9.9955E-05 9.9955E-05 9.9955E-05 0.434451 0.164314 0.0253489 9.9955E-05 9.9955E-05 0.320132 0.0552537
0.0125075 0.0628804 0.473752 0.124891 0.165282 9.9973E-05 9.9973E-05 0.0954769 9.9973E-05 0.0649102
0.0121974 0.0830941 0.410711 0.0861773 0.219922 0.0532864 0.077204 9.9991E-05 0.0424036 0.0149041
0.00595347 0.107364 0.577679 0.134018 0.0888009 0.0107371 9.9982E-05 0.0723003 0.00294781 9.9982E-05
9.9964E-05 0.0590694 0.48303 0.150833 0.160137 9.9964E-05 9.9964E-05 9.9964E-05 0.143661 0.00287002
0.0472882 0.0881437 0.497287 0.139584 0.0694178 0.0593332 0.0254364 9.9991E-05 0.0475169 0.0258929
0.00891745 9.9973E-05 0.328383 9.9973E-05 0.0995732 0.470649 0.0166619 0.0289228 9.9973E-05 0.0465931
0.0246312 0.022738 0.502016 0.090573 0.0475969 0.210845 9.9982E-05 0.0903655 9.9982E-05 0.0110342
9.9946E-05 0.221741 9.9946E-05 9.9946E-05 9.9946E-05 0.745564 9.9946E-05 0.0223859 0.009709 9.9946E-05
9.9946E-05 9.9946E-05 9.9946E-05 0.0106633 9.9946E-05 0.908188 0.0610424 0.0195067 9.9946E-05 9.9946E-05
0.0968816 0.0982827 0.463138 0.00257454 0.0390886 0.273266 0.0224113 9.9982E-05 9.9982E-05 0.0041567
0.0250537 0.0313635 0.328846 0.0940017 0.271968 0.161198 9.9973E-05 9.9973E-05 0.0872689 9.9973E-05
0.0434056 9.9982E-05 0.240322 0.0617077 0.349152 0.255133 9.9982E-05 0.0229029 0.0211618 0.00601461
0.120891 0.0342261 0.121253 0.141392 0.273135 0.212489 9.9982E-05 9.9982E-05 0.0903145 0.0060985
9.9964E-05 0.00360533 0.212429 0.126935 0.273642 0.300656 9.9964E-05 9.9964E-05 9.9964E-05 0.0823332
0.0825509 9.9955E-05 9.9955E-05 0.00212147 0.078187 0.730591 9.9955E-05 9.9955E-05 0.10605 9.9955E-05
9.9955E-05 9.9955E-05 0.0693547 0.0790587 0.071118 0.70251 9.9955E-05 9.9955E-05 9.9955E-05 0.0774589
0.0396019 9.9964E-05 0.510022 9.9964E-05 0.0855521 0.306908 9.9964E-05 0.0297695 9.9964E-05 0.0277463
0.10259 9.9946E-05 0.385065 9.9946E-05 0.102165 0.40958 9.9946E-05 9.9946E-05 9.9946E-05 9.9946E-05
9.9955E-05 9.9955E-05 0.0881508 0.0693621 0.0738957 0.694328 9.9955E-05 9.9955E-05 9.9955E-05 0.0737639
0.053099 9.9964E-05 0.392636 9.9964E-05 0.144361 0.331223 9.9964E-05 0.0300237 9.9964E-05 0.0482571
0.00358711 9.9991E-05 0.46354 0.00275747 0.0878616 0.299599 0.00859031 0.046703 0.00686581 0.0803958
0.0414176 9.9982E-05 0.397597 0.0672423 0.132898 0.242923 0.0452476 9.9982E-05 0.0332185 0.0392552
9.9955E-05 0.0834595 0.353993 0.0028297 9.9955E-05 0.554923 0.00429578 9.9955E-05 9.9955E-05 9.9955E-05
0.0610755 0.110028 0.348815 9.9964E-05 9.9964E-05 0.415108 9.9964E-05 0.0285254 9.9964E-05 0.036049
0.0649417 9.9982E-05 0.481705 0.0134859 0.0499973 0.240984 0.0271525 0.111166 9.9982E-05 0.0103687
9.99708E-05 9.99708E-05 0.32253 9.99708E-05 0.0620667 0.419283 0.0704522 9.99708E-05 0.0615276 0.06374
9.9982E-05 0.0962477 0.364551 0.00574495 0.129187 0.199306 0.053778 9.9982E-05 0.102296 0.048689
9.9973E-05 0.0089135 0.390773 9.9973E-05 9.9973E-05 0.46865 0.00615209 0.00557171 0.0982401 0.0213993
9.9955E-05 0.0147892 0.188047 9.9955E-05 9.9955E-05 0.683269 0.0686183 9.9955E-05 0.0447771 9.9955E-05
9.9946E-05 9.9946E-05 0.626167 0.0307891 9.9946E-05 0.323485 9.9946E-05 9.9946E-05 0.0189595 9.9946E-05
9.9982E-05 9.9982E-05 0.386521 0.102686 0.104292 0.196041 0.0790342 0.0750307 0.0329363 0.0232585
9.9946E-05 0.150779 0.178788 9.9946E-05 9.9946E-05 0.65967 0.0101635 9.9946E-05 9.9946E-05 9.9946E-05
0.051102 9.9955E-05 0.376573 9.9955E-05 9.9955E-05 0.501438 0.0431878 9.9955E-05 9.9955E-05 0.0271987
0.0323475 0.0161767 0.561784 0.0652847 0.00809066 0.171401 9.9982E-05 0.103241 0.0414743 9.9982E-05
9.9973E-05 0.0721002 0.356601 0.0680135 0.0620115 0.267988 9.9973E-05 0.163202 0.00978404 9.9973E-05
9.9973E-05 0.0383199 0.399833 0.171598 0.162245 0.125484 9.9973E-05 0.0639641 9.9973E-05 0.0382562
9.9982E-05 0.0229429 0.43219 0.161947 0.0711715 0.099138 0.0838422 9.9982E-05 0.064064 0.0645053
0.0493622 9.9991E-05 0.209573 0.0727528 0.341157 0.0783198 0.0695763 0.00424446 0.137909 0.0370051
0.0975627 0.0883789 0.244043 0.0022212 0.237462 0.16424 0.0416116 9.9991E-05 0.0397451 0.084636
0.131453 9.9973E-05 0.488975 0.0750293 0.126644 0.0686619 0.00986406 9.9973E-05 0.0990736 9.9973E-05
0.0667498 9.9973E-05 0.340197 9.9973E-05 0.180029 0.238547 0.0468673 9.9973E-05 0.0986737 0.0286365
0.129083 9.9964E-05 9.9964E-05 0.057186 0.107842 0.643237 0.00954911 9.9964E-05 9.9964E-05 0.0527029
0.0754898 9.9973E-05 0.59392 0.0429442 0.157103 0.120259 0.00156089 9.9973E-05 9.9973E-05 0.00842383
0.164984 9.9964E-05 9.9964E-05 0.2633 0.0522322 0.388028 9.9964E-05 9.9964E-05 0.111668 0.0193876
0.0638966 9.9946E-05 0.473947 9.9946E-05 0.207005 0.254552 9.9946E-05 9.9946E-05 9.9946E-05 9.9946E-05
9.9955E-05 9.9955E-05 0.0410001 9.9955E-05 9.9955E-05 0.763093 0.00756018 0.160226 0.0276209 9.9955E-05
