0.0265808 0.047993 0.256647 9.9982E-05 9.9982E-05 0.665628 0.00295064
9.9973E-05 0.0470291 0.477071 0.0109191 9.9973E-05 0.46468 9.9973E-05
0.0635801 0.0698914 0.419114 9.9982E-05 9.9982E-05 0.389726 0.0574884
0.0695325 0.0491392 0.272506 9.9991E-05 0.0197441 0.550832 0.0381464
9.9973E-05 9.9973E-05 0.270242 9.9973E-05 0.0681237 0.649388 0.0119465
0.0775756 9.9991E-05 0.122674 0.0649964 0.146354 0.578141 0.0101583
9.9964E-05 0.0199608 9.9964E-05 9.9964E-05 0.0972776 0.882362 9.9964E-05
0.0867384 9.9973E-05 9.9973E-05 0.0403473 0.081655 0.790959 9.9973E-05
0.0891815 0.0167517 0.17961 0.0139201 9.9982E-05 0.700336 9.9982E-05
0.00186098 0.0323154 9.9982E-05 9.9982E-05 0.175564 0.73817 0.0518895
0.0870331 9.9982E-05 0.0531629 0.0205474 0.101212 0.737845 9.9982E-05
0.407124 9.9982E-05 9.9982E-05 0.0641722 0.418572 0.0503719 0.0595599
0.282524 0.0577181 9.9973E-05 9.9973E-05 0.484471 9.9973E-05 0.174987
0.399014 0.0535412 9.9991E-05 0.120769 0.271776 0.0136563 0.141143
0.371768 0.0430931 0.0401217 0.0330825 0.294453 0.0126889 0.204793
0.272742 0.0521211 9.9991E-05 0.0234577 0.395348 0.117621 0.138611
0.183637 0.0468354 0.00599476 0.0883123 0.52175 9.9991E-05 0.153371
0.286558 0.0266333 0.117074 9.9991E-05 0.425451 0.0953602 0.048823
0.549745 0.0803522 9.9991E-05 0.191719 0.104766 0.00962855 0.0636896
0.233685 0.0602549 0.0504175 0.098595 0.483816 9.9991E-05 0.0731313
0.17354 0.0464499 9.9991E-05 0.236993 0.288684 0.060193 0.19404
0.186662 0.0448385 0.0643458 0.0536603 0.56364 9.9991E-05 0.0867536
0.275264 0.089788 0.0131472 0.165312 0.360822 9.9991E-05 0.0955667
0.186018 0.0330122 9.9991E-05 0.0103549 0.537629 0.0618411 0.171044
0.480811 0.0303022 0.0358671 0.0763783 0.260523 9.9991E-05 0.116018
0.380852 9.9982E-05 9.9982E-05 0.0238692 0.318553 0.0990173 0.177509
0.422374 9.9991E-05 0.0236384 0.151302 0.333163 0.0266039 0.0428186
9.995E-05 0.9994 9.995E-05 9.995E-05 9.995E-05 9.995E-05 9.995E-05
9.995E-05 0.9994 9.995E-05 9.995E-05 9.995E-05 9.995E-05 9.995E-05
9.9982E-05 0.366318 0.377697 0.0206553 0.0642783 0.170852 9.9982E-05
9.999E-05 0.248015 0.216017 0.0103869 0.0618418 0.364007 0.0996324
0.180223 0.0295386 0.0340006 0.0443883 0.616508 0.0501948 0.0451459
0.0442626 9.9982E-05 9.9982E-05 0.162555 0.670874 0.0608947 0.0612137
0.588496 0.037707 9.9982E-05 0.0640991 0.211543 0.097954 9.9982E-05
0.0434564 0.0518911 0.0449905 0.306825 0.537097 9.9991E-05 0.0156401
9.9973E-05 9.9973E-05 0.111902 0.0935977 0.721814 9.9973E-05 0.0723867
0.132569 0.0250004 0.0265769 0.0743498 0.60058 0.0479745 0.0929489
0.0553013 0.0394858 9.9991E-05 0.0371147 0.671197 0.165105 0.0316967
0.193396 0.0354031 9.9982E-05 0.302373 0.453029 0.0155986 9.9982E-05
9.9982E-05 0.0126612 0.0338492 0.148717 0.674005 9.9982E-05 0.130567
0.0121477 0.00607405 0.0193335 0.366941 0.595304 9.9982E-05 9.9982E-05
0.0570738 9.9973E-05 0.0763176 0.842641 0.0236673 9.9973E-05 9.9973E-05
0.488963 9.9973E-05 9.9973E-05 0.106089 0.380345 0.0243028 9.9973E-05
0.174262 9.9982E-05 9.9982E-05 0.610576 0.123008 0.0115452 0.080409
0.309822 0.0299336 0.0879379 0.300988 0.271119 9.9982E-05 9.9982E-05
0.215511 0.0437115 0.019509 0.069678 0.544935 9.9991E-05 0.106556
0.263283 0.0764745 0.0105991 0.127061 0.396363 0.0419717 0.0842478
0.378599 0.0539473 0.070395 0.225641 0.0975124 0.0997695 0.0741361
0.27162 9.9991E-05 0.0543661 0.0448764 0.422918 0.0545003 0.151619
0.512383 0.119326 9.9973E-05 0.214044 0.153947 9.9973E-05 9.9973E-05
0.28273 0.0442566 9.9982E-05 0.0677835 0.475688 9.9982E-05 0.129341
0.00575898 9.9991E-05 0.0151367 0.180115 0.574494 0.0179913 0.206405
0.2417 0.0448132 0.0173477 0.302713 0.252602 9.9991E-05 0.140724
0.178638 0.0593664 0.020645 0.0881362 0.518045 9.9991E-05 0.13507
0.36103 0.0927239 9.9973E-05 0.217118 0.328828 9.9973E-05 9.9973E-05
0.116088 0.0112963 9.9973E-05 0.0797676 0.792548 9.9973E-05 9.9973E-05
0.166189 0.0183931 0.0284305 0.274735 0.512052 9.9982E-05 9.9982E-05
0.0655288 9.9964E-05 9.9964E-05 0.697621 0.236451 9.9964E-05 9.9964E-05
0.0993422 9.9964E-05 9.9964E-05 0.597243 0.303015 9.9964E-05 9.9964E-05
0.0454398 9.9964E-05 9.9964E-05 0.316826 0.637334 9.9964E-05 9.9964E-05
0.076553 9.9982E-05 0.118642 0.209879 0.576483 0.0182428 9.9982E-05
0.0947759 0.0121542 9.9991E-05 0.149669 0.594777 0.0736308 0.0748932
0.228862 0.00289865 9.9982E-05 0.219599 0.498399 0.0500411 9.9982E-05
0.331528 0.0266312 0.0353112 0.102905 0.467894 0.0356305 9.9991E-05
0.0506518 0.000723714 9.9991E-05 0.250304 0.603406 0.0857567 0.00905786
0.102118 0.0342681 0.0395833 0.19642 0.627411 9.9982E-05 9.9982E-05
9.9973E-05 0.0117268 0.0118007 0.283773 0.6924 9.9973E-05 9.9973E-05
0.0567577 9.9973E-05 9.9973E-05 0.686492 0.240476 0.0159739 9.9973E-05
0.0799369 0.043605 0.435119 9.9991E-05 0.00392391 0.389972 0.0473437
9.9964E-05 0.118941 0.388238 9.9964E-05 9.9964E-05 0.492421 9.9964E-05
9.9973E-05 0.136951 0.278402 9.9973E-05 9.9973E-05 0.515423 0.0689238
9.9973E-05 0.092151 0.327019 9.9973E-05 9.9973E-05 0.567388 0.0131426
9.9982E-05 0.0882947 0.286231 9.9982E-05 0.0347241 0.544101 0.046449
9.9973E-05 0.0576684 0.337069 9.9973E-05 9.9973E-05 0.556606 0.0483567
9.9982E-05 0.0567759 0.343572 9.9982E-05 0.00662379 0.589091 0.00373811
0.139564 9.9973E-05 0.0291256 0.511238 0.319772 9.9973E-05 9.9973E-05
0.0972194 0.00388405 0.0734199 0.0698111 0.755466 9.9982E-05 9.9982E-05
9.9973E-05 0.00219392 9.9973E-05 9.9973E-05 0.818269 0.165611 0.0136268
0.0299352 0.0581549 9.9982E-05 0.149432 0.663336 9.9982E-05 0.0989414
9.9991E-05 0.0398712 0.0332563 0.16676 0.667408 0.0151241 0.0774807
0.309146 9.9973E-05 0.00549966 0.406147 0.278908 9.9973E-05 9.9973E-05
9.9991E-05 0.0252725 0.0209581 0.428868 0.459473 0.0357047 0.0296236
9.9973E-05 9.9973E-05 9.9973E-05 0.193436 0.761086 0.0353656 0.00981201
0.214387 0.0220162 0.0630789 0.0532924 0.580664 9.9991E-05 0.0664618
0.0360496 9.9982E-05 0.00237915 0.340613 0.559167 9.9982E-05 0.0615907
0.0891849 9.9973E-05 9.9973E-05 0.145713 0.601897 0.162905 9.9973E-05
0.288786 0.0275948 9.9991E-05 0.214504 0.322821 0.0849604 0.0612345
0.284665 0.0135098 9.9982E-05 9.9982E-05 0.447463 0.146348 0.107814
0.245771 0.157976 0.0236618 0.0201492 0.511889 9.9991E-05 0.0404528
0.266373 0.0117479 0.0670175 9.9982E-05 0.581787 9.9982E-05 0.0728753
0.348713 9.9982E-05 0.0411842 9.9982E-05 0.50842 0.051577 0.0499056
0.150542 0.0707266 9.9982E-05 9.9982E-05 0.650496 0.0956548 0.0323807
0.369583 0.0329143 0.0609867 9.9982E-05 0.502163 9.9982E-05 0.0341531
0.254044 9.9964E-05 9.9964E-05 9.9964E-05 0.547258 9.9964E-05 0.198298
0.224152 0.0339406 0.0126324 0.0368648 0.503034 9.9991E-05 0.189277
0.33234 0.0187601 0.140511 0.132807 0.239624 9.9991E-05 0.135858
0.101526 0.00457546 0.138949 0.0406546 0.60943 9.9991E-05 0.104765
0.210839 0.0164728 0.0441097 0.00287042 0.511373 9.9991E-05 0.214235
0.390404 0.0244162 9.9982E-05 0.190801 0.332626 9.9982E-05 0.0615524
0.242706 0.0256944 0.0942054 0.446351 0.140287 9.9991E-05 0.0506563
0.328156 9.9973E-05 9.9973E-05 0.469232 0.121779 9.9973E-05 0.0805332
0.407339 0.0175533 0.0222046 0.16085 0.391854 9.9982E-05 9.9982E-05
0.263856 9.9964E-05 9.9964E-05 9.9964E-05 0.638792 0.0969522 9.9964E-05
0.391963 0.0608572 0.0318446 0.0198345 0.495301 9.9982E-05 9.9982E-05
0.51403 9.9973E-05 9.9973E-05 0.0530959 0.321719 9.9973E-05 0.110856
0.0882991 0.0480655 0.09179 0.020826 0.617397 0.0189172 0.114706
0.348321 0.00710395 9.9982E-05 0.291557 0.248673 9.9982E-05 0.104146
0.0194581 0.0225825 0.0155998 0.090208 0.631574 0.0977255 0.122853
0.112245 0.0157218 9.9982E-05 0.541409 0.0963701 0.234054 9.9982E-05
0.0125844 0.0404735 0.0948537 0.350692 0.44069 0.0342067 0.0264993
9.9982E-05 0.0467559 0.214951 0.20083 0.449123 9.9982E-05 0.0881402
0.0655886 9.9982E-05 9.9982E-05 0.443071 0.247962 0.2293 0.0138782
0.0498942 0.02489 9.9982E-05 0.500336 0.273515 0.151165 9.9982E-05
0.115136 0.016255 0.00460919 0.221993 0.542289 0.0704252 0.0292928
0.0709044 0.0211099 9.9991E-05 0.553114 0.107936 0.124192 0.122643
0.115553 9.9973E-05 9.9973E-05 0.263835 0.592894 0.0274181 9.9973E-05
0.0472563 0.0209345 0.0221286 0.306689 0.510809 9.9991E-05 0.0920831
0.0120925 0.0638468 9.9991E-05 0.180912 0.131213 0.33166 0.280175
9.9973E-05 9.9973E-05 0.00509288 0.229956 9.9973E-05 0.577624 0.187027
9.9973E-05 0.0325426 9.9973E-05 0.34614 9.9973E-05 0.435712 0.185306
0.0197008 0.00240745 0.0640327 0.134814 9.9991E-05 0.348218 0.430727
9.9982E-05 0.0509742 9.9982E-05 0.18678 0.679495 0.0417637 0.0407872
9.9973E-05 0.0285652 0.00511585 9.9973E-05 0.254748 9.9973E-05 0.711271
9.9973E-05 0.0487088 9.9973E-05 0.560755 0.369091 9.9973E-05 0.0211452
0.0225774 9.9982E-05 0.00387205 0.716699 0.214009 9.9982E-05 0.0426428
9.9973E-05 9.9973E-05 9.9973E-05 0.175173 0.638534 0.0726359 0.113357
0.0269013 0.0123278 9.9991E-05 0.342464 0.471309 0.107981 0.038916
0.00120889 0.0170321 9.9991E-05 0.168058 0.653961 0.104162 0.0554779
0.0500062 0.00544101 9.9982E-05 0.556424 0.328189 0.0597392 9.9982E-05
9.9964E-05 9.9964E-05 0.0141362 0.0338392 9.9964E-05 9.9964E-05 0.951625
9.9955E-05 9.9955E-05 9.9955E-05 9.9955E-05 0.125338 9.9955E-05 0.874162
0.0517569 0.034692 0.00706419 9.9982E-05 0.187278 9.9982E-05 0.719009
0.00112567 9.9973E-05 0.0704284 9.9973E-05 0.151728 9.9973E-05 0.776418
9.995E-05 9.995E-05 9.995E-05 9.995E-05 9.995E-05 9.995E-05 0.9994
0.0364988 9.9955E-05 9.9955E-05 9.9955E-05 9.9955E-05 9.9955E-05 0.963001
9.9955E-05 9.9955E-05 9.9955E-05 9.9955E-05 0.158269 9.9955E-05 0.841231
0.044493 0.00575653 9.9964E-05 9.9964E-05 9.9964E-05 9.9964E-05 0.949351
9.9955E-05 9.9955E-05 0.00388104 9.9955E-05 9.9955E-05 9.9955E-05 0.995619
9.9955E-05 0.03563 9.9955E-05 9.9955E-05 9.9955E-05 9.9955E-05 0.96387
9.9973E-05 0.0434681 0.0060647 9.9973E-05 0.189917 9.9973E-05 0.76025
0.109843 0.0349346 0.00267135 9.9982E-05 0.030383 9.9982E-05 0.821968
9.9955E-05 0.0241836 9.9955E-05 9.9955E-05 9.9955E-05 9.9955E-05 0.975317
0.0305953 9.9973E-05 0.0885293 9.9973E-05 0.12221 9.9973E-05 0.758365
9.9973E-05 0.03914 9.9973E-05 9.9973E-05 0.0790856 0.00619796 0.875277
9.9955E-05 9.9955E-05 9.9955E-05 9.9955E-05 0.00133215 9.9955E-05 0.998168
0.0150586 0.0319976 0.0167543 9.9982E-05 0.0208039 9.9982E-05 0.915186
9.9955E-05 0.0303472 9.9955E-05 9.9955E-05 9.9955E-05 9.9955E-05 0.969153
0.0355865 0.00486037 9.9982E-05 9.9982E-05 0.191273 0.0834356 0.684645
0.0143774 9.9982E-05 0.0136823 0.00993105 0.032293 9.9982E-05 0.929516
9.9982E-05 0.00522675 0.129648 0.546093 9.9982E-05 0.252328 0.0665055
0.0213595 0.0656143 0.137404 0.0986332 0.445397 0.153825 0.0777671
0.0833432 9.9991E-05 0.080089 0.130132 0.359055 0.201391 0.14589
9.9982E-05 0.0878214 9.9982E-05 0.398407 0.165543 0.228305 0.119723
9.9982E-05 0.00896285 9.9982E-05 0.406816 0.154764 0.25815 0.171108
9.9982E-05 9.9982E-05 0.134417 0.354294 0.255751 0.0464968 0.208842
0.00272521 0.077133 0.00322418 0.174126 0.35206 0.132919 0.257812
9.9982E-05 0.0610897 9.9982E-05 0.250706 0.221016 0.124001 0.342988
0.0553591 9.9973E-05 0.258017 9.9973E-05 0.0148351 0.671489 9.9973E-05
9.9973E-05 0.0460167 0.0932623 9.9973E-05 9.9973E-05 0.809439 0.050982
0.00211143 0.020287 0.00631406 9.9973E-05 9.9973E-05 0.970988 9.9973E-05
0.00160349 0.0224832 9.9982E-05 9.9982E-05 0.000857565 0.969297 0.00555874
9.9973E-05 0.104238 9.9973E-05 9.9973E-05 0.0168541 0.839524 0.0390847
9.9973E-05 0.0576431 0.29453 9.9973E-05 9.9973E-05 0.597745 0.0497814
9.9973E-05 0.0218195 0.419149 9.9973E-05 9.9973E-05 0.514312 0.0444194
9.9973E-05 0.0167298 0.175848 0.0486784 9.9973E-05 0.758444 9.9973E-05
9.9982E-05 0.0193682 0.172293 0.0233282 9.9982E-05 0.75775 0.0270611
9.9973E-05 0.00264253 0.257376 9.9973E-05 9.9973E-05 0.679816 0.0598652
0.271988 0.0215809 0.125811 0.0708803 0.0184888 0.477654 0.0135967
0.327217 0.0244373 0.220794 0.0174889 9.9982E-05 0.409863 9.9982E-05
0.267693 0.0213394 0.165849 0.131369 0.00201651 0.411633 9.9991E-05
0.347685 9.9973E-05 0.17109 0.116197 9.9973E-05 0.364728 9.9973E-05
0.130481 0.012025 9.9991E-05 0.015234 0.669394 0.16229 0.0104758
0.126847 9.9982E-05 0.142698 0.0998727 0.579736 9.9982E-05 0.0506471
0.216058 9.9982E-05 9.9982E-05 0.0157425 0.600746 0.0549364 0.112318
0.172042 0.018154 0.018962 0.0234638 0.657577 0.109702 9.9991E-05
0.581525 9.9973E-05 9.9973E-05 0.00597758 0.365049 0.047149 9.9973E-05
0.0452255 9.9991E-05 0.0228457 0.126381 0.611478 0.133369 0.0606007
0.122555 9.9982E-05 0.0415573 0.121096 0.651945 9.9982E-05 0.0626468
0.086562 9.9982E-05 9.9982E-05 0.106349 0.688753 0.0927068 0.025429
0.0432397 9.9982E-05 0.0257415 0.290884 0.593888 9.9982E-05 0.0460467
0.134048 9.9973E-05 0.119149 0.190528 0.555974 9.9973E-05 9.9973E-05
0.0799163 9.9964E-05 9.9964E-05 0.802027 0.117656 9.9964E-05 9.9964E-05
9.9964E-05 9.9964E-05 0.0594103 0.465858 0.474331 9.9964E-05 9.9964E-05
0.0610067 0.0245627 0.00623293 0.164108 0.665877 9.9991E-05 0.0781132
0.244296 9.9973E-05 0.0306314 0.252787 0.471985 9.9973E-05 9.9973E-05
0.779288 9.9973E-05 9.9973E-05 0.0377223 0.0153193 0.16737 9.9973E-05
0.832625 9.9982E-05 0.0935124 0.0387638 9.9982E-05 0.00620437 0.0286948
0.896402 9.9973E-05 0.0419122 0.0209454 9.9973E-05 0.0404409 9.9973E-05
0.868769 9.9955E-05 0.130731 9.9955E-05 9.9955E-05 9.9955E-05 9.9955E-05
0.858837 9.9964E-05 0.092868 9.9964E-05 9.9964E-05 9.9964E-05 0.0478954
0.792646 9.9964E-05 0.118944 9.9964E-05 9.9964E-05 9.9964E-05 0.0880108
9.9982E-05 0.0463715 0.158043 9.9982E-05 0.0807946 0.685299 0.0292924
0.0202425 0.0141608 0.0730161 9.9991E-05 0.105284 0.78674 0.000457217
0.0221098 0.104116 0.152177 9.9991E-05 0.0642807 0.560738 0.0964781
0.0614183 0.0493121 0.0676189 9.9991E-05 0.0401832 0.682863 0.0985047
9.9964E-05 9.9964E-05 9.9964E-05 9.9964E-05 0.103452 0.804905 0.0912427
0.559598 0.013485 0.0843981 9.9973E-05 9.9973E-05 0.342219 9.9973E-05
0.41729 9.9982E-05 0.00317942 0.0528736 0.000457687 0.526 9.9982E-05
0.465793 9.9991E-05 0.103491 0.00805456 0.0143789 0.404963 0.00322007
9.995E-05 0.9994 9.995E-05 9.995E-05 9.995E-05 9.995E-05 9.995E-05
0.496065 0.00138215 0.0527775 0.0697113 0.00286117 0.377103 9.9991E-05
9.9991E-05 0.0139068 0.17352 0.167944 0.168208 0.0521301 0.424191
9.9973E-05 0.0433716 0.214327 9.9973E-05 0.378497 9.9973E-05 0.363504
0.0312692 9.9991E-05 0.0718869 0.115423 0.2103 0.192469 0.378551
9.9973E-05 9.9973E-05 0.168914 0.223444 9.9973E-05 0.261929 0.345414
0.337485 0.00301839 9.9991E-05 0.0467354 0.526419 0.0370737 0.0491679
0.262346 9.9973E-05 9.9973E-05 0.291756 0.321384 9.9973E-05 0.124213
0.423323 0.055225 9.9973E-05 9.9973E-05 0.412335 0.108817 9.9973E-05
0.149986 9.9982E-05 0.0106563 0.22203 0.484581 9.9982E-05 0.132547
0.217038 9.9955E-05 9.9955E-05 0.782462 9.9955E-05 9.9955E-05 9.9955E-05
0.179586 0.0263468 0.0400114 0.163844 0.451377 0.00359837 0.135237
0.358424 0.0657993 0.00149574 0.111702 0.428289 0.0341898 9.9991E-05
0.247453 0.0197142 9.9973E-05 0.534915 0.197618 9.9973E-05 9.9973E-05
0.153875 9.9973E-05 9.9973E-05 0.24064 0.425447 9.9973E-05 0.179738
0.279714 0.0150516 0.00161986 9.9982E-05 0.571807 9.9982E-05 0.131608
0.0475734 0.000297195 0.250736 0.0872113 0.414745 9.9991E-05 0.199337
0.254814 9.9973E-05 9.9973E-05 0.207792 0.475965 9.9973E-05 0.061129
0.242437 0.0120124 9.9991E-05 0.0638336 0.520765 0.0678393 0.0930121
0.118965 9.9982E-05 9.9982E-05 0.0996002 0.58218 0.122622 0.0764327
0.177318 9.9991E-05 0.00128666 0.0659246 0.648974 0.0350134 0.071384
0.151196 0.00631322 0.0378931 0.0627611 0.578692 9.9991E-05 0.163044
9.9955E-05 9.9955E-05 0.975274 9.9955E-05 9.9955E-05 9.9955E-05 0.0242258
9.995E-05 9.995E-05 0.9994 9.995E-05 9.995E-05 9.995E-05 9.995E-05
9.9973E-05 9.9973E-05 0.504958 0.0341848 0.0580112 0.402546 9.9973E-05
0.0253144 9.9973E-05 0.902276 0.068234 9.9973E-05 0.00387556 9.9973E-05
9.9973E-05 0.0324006 0.801035 9.9973E-05 0.0231723 0.143092 9.9973E-05
0.548717 9.9973E-05 9.9973E-05 0.119803 0.185064 9.9973E-05 0.146117
0.0504172 0.0528204 0.0379828 0.06143 0.651825 9.9991E-05 0.145424
0.242572 0.0259819 0.0396946 0.0161078 0.591335 0.0842085 9.9991E-05
0.292032 0.0347892 9.9982E-05 0.307649 0.238206 9.9982E-05 0.127123
0.565571 0.0374284 0.110715 0.262776 0.02331 9.9982E-05 9.9982E-05
0.252844 0.0683978 0.0435135 0.016843 0.511071 9.9991E-05 0.10723
0.451011 0.0352464 9.9991E-05 0.0622791 0.261996 0.116543 0.0728242
0.124554 9.9982E-05 9.9982E-05 0.230234 0.425965 0.103667 0.11538
0.476917 0.0358107 0.0944029 0.188099 0.162361 0.00186702 0.0405428
0.540257 0.034431 0.0160886 0.141429 0.197076 9.9991E-05 0.0706188
0.264444 0.0503168 9.9991E-05 0.246388 0.320463 0.00285577 0.115432
0.10362 9.9991E-05 0.100602 0.442489 0.278681 0.0197705 0.0547376
0.0608215 0.0189811 0.117308 0.175435 0.532352 0.00514184 0.0899596
0.078863 9.9982E-05 0.0729745 0.414564 0.421433 9.9982E-05 0.0119651
0.0207351 0.0586391 0.0629939 0.17991 0.578571 0.06448 0.0346715
0.121261 9.9964E-05 9.9964E-05 0.628332 0.250007 9.9964E-05 9.9964E-05
9.9973E-05 0.0407391 9.9973E-05 0.615683 0.340625 0.00265377 9.9973E-05
0.0448617 0.0391775 0.0262455 0.333743 0.501496 0.00176929 0.0527068
0.111242 0.0200168 9.9982E-05 0.587901 0.274224 0.0064158 9.9982E-05
0.129023 0.0169982 9.9991E-05 0.206844 0.58905 0.0488968 0.00908812
0.565991 0.0270078 9.9982E-05 0.184659 0.174358 9.9982E-05 0.047784
0.342193 9.9973E-05 9.9973E-05 0.286973 0.285999 9.9973E-05 0.084535
0.347444 0.0458733 0.0335676 0.0862076 0.355137 9.9991E-05 0.13167
0.180377 0.00134482 0.0361292 0.0181602 0.564447 0.0612083 0.138334
0.499688 9.9973E-05 9.9973E-05 0.0654331 0.350348 9.9973E-05 0.0842317
0.316792 0.0316483 9.9991E-05 0.0168201 0.474516 0.000874849 0.159249
0.300932 0.0483849 0.112833 9.9982E-05 0.501468 9.9982E-05 0.0361827
0.487621 9.9973E-05 9.9973E-05 0.0521111 0.343817 9.9973E-05 0.116151
0.456714 9.9973E-05 0.0690018 9.9973E-05 0.333667 9.9973E-05 0.140317
0.209194 9.9991E-05 0.0102394 0.0252078 0.594111 0.00972511 0.151423
0.238083 0.0600342 0.0385059 0.195738 0.378807 9.9991E-05 0.0887328
0.230242 9.9982E-05 0.0270623 0.0374162 0.489075 9.9982E-05 0.216004
0.337515 0.0485632 0.138853 9.9982E-05 0.427089 9.9982E-05 0.0477795
0.296823 9.9973E-05 0.0493303 9.9973E-05 0.488742 9.9973E-05 0.164804
9.9991E-05 0.0394719 0.21748 0.0103064 0.428691 0.167434 0.136516
0.014377 0.0694616 0.0295844 0.0659284 0.527169 0.049718 0.243761
0.100973 0.111924 9.9991E-05 0.047806 0.532525 0.0487427 0.157929
9.9991E-05 0.0768775 0.0963569 0.0355259 0.511782 0.0677382 0.211619
0.192223 0.0248514 9.9982E-05 0.193884 0.498761 9.9982E-05 0.09008
0.0122238 9.9982E-05 0.0360234 0.55048 9.9982E-05 0.203898 0.197175
0.0870781 0.0290515 0.20499 0.0352195 0.438416 9.9991E-05 0.205145
0.0301515 0.00928899 0.0277387 0.112442 0.45452 0.0201698 0.345689
0.025506 0.0587782 0.060111 0.307083 0.194985 0.141341 0.212195
0.0095365 0.0437113 0.118475 0.0158677 0.497192 0.0546512 0.260566
9.9982E-05 0.00387019 0.155949 0.328138 9.9982E-05 0.310777 0.201065
9.9991E-05 0.0200275 0.203967 0.0537194 0.433293 0.0057223 0.283171
0.0425456 0.0337533 0.048672 0.0709824 0.471724 0.157883 0.17444
0.0467682 0.0377701 0.042746 0.277106 0.402557 9.9991E-05 0.192953
0.0961788 9.9964E-05 9.9964E-05 0.783917 0.119505 9.9964E-05 9.9964E-05
0.109913 9.9973E-05 0.0356717 0.752288 0.101827 9.9973E-05 9.9973E-05
0.0437725 9.9973E-05 9.9973E-05 9.9973E-05 0.394283 0.186888 0.374756
9.9982E-05 0.0266252 9.9982E-05 0.170346 0.297422 0.0877907 0.417616
9.9982E-05 0.021394 9.9982E-05 0.268216 0.13451 0.223917 0.351764
9.9982E-05 0.0290636 9.9982E-05 0.177727 0.277246 0.140856 0.374907
9.9991E-05 0.0364514 0.0583757 0.656659 0.0891596 0.0228035 0.136451
9.9982E-05 0.0905325 9.9982E-05 0.553871 0.144445 0.0401362 0.170816
0.000429075 0.0542165 9.9991E-05 0.151075 0.580315 0.015794 0.198071
9.9973E-05 9.9973E-05 9.9973E-05 0.210272 0.523315 0.0712078 0.194906
0.0219434 0.0127104 0.0137125 0.473992 0.267979 9.9991E-05 0.209562
0.069925 0.046739 0.020212 0.20171 0.437434 0.0207804 0.203199
9.9982E-05 0.014212 9.9982E-05 0.204709 0.528335 0.050342 0.202203
0.132096 0.00193449 9.9982E-05 0.300716 0.494603 0.0704506 9.9982E-05
0.114248 0.0149602 9.9991E-05 0.312242 0.514096 0.0127472 0.0316064
0.208487 0.0287149 9.9982E-05 0.289518 0.324248 9.9982E-05 0.148831
9.9991E-05 0.0080723 0.0821576 0.198506 0.665078 0.0146302 0.0314559
0.141916 9.9982E-05 9.9982E-05 0.460804 0.330665 0.020202 0.0462135
9.9982E-05 0.00140027 9.9982E-05 0.179499 0.61505 0.065787 0.138063
0.0434508 9.9982E-05 0.00603745 0.573414 0.322801 9.9982E-05 0.0540968
9.9973E-05 9.9973E-05 9.9973E-05 0.353804 0.548754 0.00126745 0.0958742
0.0493408 0.0650803 0.11118 0.0941238 0.301718 0.055442 0.323115
0.163559 0.0112375 0.107248 0.164709 0.222369 0.0418828 0.288995
0.0163322 0.0311777 0.0529891 0.558253 9.9991E-05 0.152928 0.18822
0.0134702 0.0413458 0.0731474 9.9991E-05 0.555113 0.0624817 0.254342
9.9973E-05 9.9973E-05 0.101992 0.41934 9.9973E-05 0.296888 0.181481
9.9991E-05 0.0217097 0.00127678 0.230325 0.430006 0.00493782 0.311644
9.9955E-05 9.9955E-05 9.9955E-05 0.746452 0.253048 9.9955E-05 9.9955E-05
0.0223099 9.9973E-05 9.9973E-05 0.858501 0.115045 0.00384356 9.9973E-05
9.9982E-05 0.0637729 0.00410617 0.257231 0.63868 9.9982E-05 0.0360096
9.9982E-05 0.068455 0.0670555 0.107405 0.669084 9.9982E-05 0.0878004
0.0204007 0.0176169 9.9982E-05 0.419422 0.504193 9.9982E-05 0.0381671
9.9982E-05 0.0143761 9.9982E-05 0.256582 0.631235 0.0670256 0.0305816
9.9982E-05 0.0218585 0.000752619 0.283366 0.629686 9.9982E-05 0.0641371
9.9991E-05 0.0436447 0.260396 0.0109704 0.072975 0.556644 0.0552701
0.14704 0.0249604 0.175733 9.9991E-05 0.0164231 0.567673 0.0680699
0.0359793 0.00951709 0.401543 9.9982E-05 9.9982E-05 0.538944 0.0138163
9.9964E-05 0.13605 0.231127 9.9964E-05 9.9964E-05 0.632423 9.9964E-05
0.0622266 0.0209795 0.0178618 0.205118 0.586651 0.00257401 0.104589
0.13179 0.0505228 9.9982E-05 0.0805484 0.723083 0.0138552 9.9982E-05
0.168476 9.9973E-05 9.9973E-05 0.227682 0.53244 0.0711022 9.9973E-05
9.9991E-05 0.00734272 0.0179375 0.0713572 0.775335 0.0443733 0.0835538
9.9964E-05 0.0522605 9.9964E-05 0.382375 0.564964 9.9964E-05 9.9964E-05
9.9982E-05 9.9982E-05 0.0862338 0.0427576 0.478213 0.163225 0.229371
0.0147771 9.9973E-05 9.9973E-05 0.348788 0.528357 9.9973E-05 0.107778
0.158433 9.9973E-05 0.0377835 0.172906 0.630578 9.9973E-05 9.9973E-05
0.0469273 9.9982E-05 0.0460415 0.119351 0.772359 9.9982E-05 0.0151213
0.051346 0.0201489 9.9982E-05 0.217803 0.661247 0.0492556 9.9982E-05
9.9982E-05 0.0307694 0.0476649 0.144589 0.772407 9.9982E-05 0.00436964
9.9955E-05 9.9955E-05 9.9955E-05 0.605384 0.394116 9.9955E-05 9.9955E-05
9.9964E-05 9.9964E-05 9.9964E-05 0.475429 0.511365 0.012806 9.9964E-05
0.10111 9.9973E-05 0.013759 0.278564 0.606266 9.9973E-05 9.9973E-05
9.9955E-05 9.9955E-05 9.9955E-05 0.870422 0.129078 9.9955E-05 9.9955E-05
0.140436 0.00575951 0.0278441 0.104239 0.657739 0.0544649 0.00951747
0.0320141 0.0249895 0.00895927 0.612518 0.321319 9.9982E-05 9.9982E-05
0.0365791 9.9973E-05 0.00666733 0.828568 0.127885 9.9973E-05 9.9973E-05
9.9982E-05 9.9982E-05 0.0826061 0.140051 0.7007 0.0479607 0.0284824
0.130371 9.9973E-05 9.9973E-05 0.248096 0.550606 0.0706266 9.9973E-05
0.164044 9.9982E-05 0.0499686 0.121691 0.601449 9.9982E-05 0.0626472
0.0325403 9.9973E-05 9.9973E-05 0.157803 0.756463 0.0528936 9.9973E-05
0.203008 0.0287248 9.9982E-05 0.206501 0.429216 9.9982E-05 0.132351
0.0416792 9.9982E-05 0.107719 0.108734 0.738254 9.9982E-05 0.0034142
0.122994 0.0515879 9.9991E-05 0.180999 0.625962 0.011208 0.00714948
9.9973E-05 0.0217709 0.00383088 0.406794 0.567304 9.9973E-05 9.9973E-05
0.296883 0.0395968 0.290546 9.9973E-05 9.9973E-05 0.372674 9.9973E-05
0.0926648 0.0965629 0.412048 0.0784493 9.99821E-05 0.320075 9.99821E-05
0.104801 0.108608 0.100114 0.0109346 9.9982E-05 0.675342 9.9982E-05
0.109065 0.0865445 0.243457 9.9973E-05 9.9973E-05 0.560634 9.9973E-05
0.200808 0.0472241 0.211079 9.9973E-05 9.9973E-05 0.54059 9.9973E-05
0.218945 9.9973E-05 9.9973E-05 0.264789 0.446879 0.0690883 9.9973E-05
0.162814 0.00128655 9.9982E-05 0.252944 0.501149 0.0816056 9.9982E-05
9.9955E-05 9.9955E-05 9.9955E-05 0.511855 0.487646 9.9955E-05 9.9955E-05
0.0182771 0.0171968 0.0014788 0.341296 0.526128 0.0819598 0.0136637
9.9973E-05 9.9973E-05 9.9973E-05 0.0592456 0.745822 0.104332 0.0903006
9.9982E-05 9.9982E-05 0.0547412 0.341301 0.475241 0.0900848 0.0384323
0.0548679 9.9982E-05 9.9982E-05 0.102901 0.735693 0.0648091 0.0415286
0.161094 9.9964E-05 9.9964E-05 0.259633 0.578873 9.9964E-05 9.9964E-05
0.131533 0.00964905 0.0394907 0.161671 0.657456 9.9982E-05 9.9982E-05
0.260531 9.9964E-05 9.9964E-05 0.144358 0.594711 9.9964E-05 9.9964E-05
0.00157755 9.9991E-05 0.0386201 0.153631 0.575321 0.158254 0.0724962
0.0966392 0.0272563 0.0619712 0.0821786 0.731755 9.9982E-05 9.9982E-05
0.0108295 0.0307467 0.124241 0.164112 0.668968 9.9991E-05 0.00100253
9.9982E-05 9.9982E-05 0.115172 0.0893362 0.281579 0.00180179 0.511911
9.9982E-05 0.0613226 9.9982E-05 0.0516193 0.223694 0.150167 0.512997
0.0206902 9.9991E-05 0.109241 0.204492 0.619581 0.0417338 0.00416185
9.9982E-05 9.9982E-05 0.0653739 0.0237644 0.0379433 0.233325 0.639393
9.9982E-05 0.0495421 0.118727 9.9982E-05 0.269917 0.0862559 0.475358
0.00826792 0.0414482 0.0094619 0.173849 0.453228 0.138015 0.17573
0.0643815 0.0660918 0.0541129 0.0538081 0.616841 0.127311 0.0174541
0.0426433 0.0326651 9.9991E-05 0.152361 0.558645 0.18117 0.0324154
9.9982E-05 0.0619396 0.0648118 9.9982E-05 0.240864 0.132349 0.499836
9.9964E-05 9.9964E-05 9.9964E-05 9.9964E-05 0.320117 0.101403 0.57808
9.9991E-05 0.0313793 0.0845925 0.0494589 0.276804 0.0292266 0.528439
9.9991E-05 0.076116 0.0267269 0.00657251 0.236013 0.114704 0.539767
9.9973E-05 9.9973E-05 9.9973E-05 0.127503 0.626234 0.171095 0.0748677
9.9973E-05 0.000148227 9.9973E-05 9.9973E-05 0.178301 0.183724 0.637527
0.217071 0.0242096 9.9982E-05 0.221507 0.341268 0.195745 9.9982E-05
0.04076 9.9982E-05 0.0703657 0.172405 0.558588 9.9982E-05 0.157682
0.0586474 0.0194203 0.0680101 9.9991E-05 0.659795 0.125382 0.0686456
0.0936283 0.0288543 0.0730382 0.0614494 0.589994 0.152936 9.9991E-05
9.9991E-05 0.0700322 0.0301589 0.123582 0.298859 0.148069 0.329198
0.0436677 0.0447022 0.0256415 0.0497936 0.324719 0.143927 0.367549
9.9982E-05 0.0195355 0.0232551 9.9982E-05 0.14643 0.210319 0.60026
0.0436279 0.0546488 0.0986465 0.0801049 0.616367 0.106505 9.9991E-05
9.9991E-05 0.105071 0.0361882 0.571289 0.134871 0.0503114 0.102169
0.246824 9.9991E-05 0.0416979 0.172502 0.37258 0.0673191 0.098977
9.9991E-05 0.0208962 0.223295 0.105045 0.516024 0.019985 0.114655
9.9964E-05 9.9964E-05 9.9964E-05 0.43577 9.9964E-05 0.343797 0.220033
9.9973E-05 0.060781 9.9973E-05 0.504739 9.9973E-05 0.293903 0.140278
0.0698409 0.0298738 0.170065 0.278657 0.267562 0.0135968 0.170404
9.9982E-05 0.0340269 0.00360412 0.431583 9.9982E-05 0.324745 0.205841
9.9964E-05 9.9964E-05 9.9964E-05 0.294394 9.9964E-05 0.457625 0.247582
9.9982E-05 0.00489286 9.9982E-05 0.310257 0.307168 0.162076 0.215406
0.0535105 0.0567902 0.208014 0.137018 0.268291 0.0415284 0.234848
0.0205777 0.0207365 0.0773139 0.283086 0.115496 0.242124 0.240666
9.9982E-05 0.00190895 9.9982E-05 0.369639 0.0713647 0.347454 0.209433
0.033783 0.00333911 9.9991E-05 0.179345 0.416472 0.234913 0.132049
9.9982E-05 0.0380627 9.9982E-05 0.405236 0.125267 0.235572 0.195663
9.9973E-05 0.0498618 9.9973E-05 0.414626 9.9973E-05 0.453856 0.0813564
9.9982E-05 0.0258362 9.9982E-05 0.178952 0.295892 0.201 0.29812
0.0603114 0.035991 0.151504 0.0711553 0.33358 0.0937127 0.253746
9.9973E-05 9.9973E-05 0.197908 9.9973E-05 0.455115 0.0593235 0.287354
9.9982E-05 9.9982E-05 0.0475528 0.00162278 0.462119 0.184833 0.303673
9.9982E-05 0.0330194 0.108159 9.9982E-05 0.352161 0.273821 0.232639
9.9991E-05 0.0624869 0.240125 0.00964551 0.457178 0.0487023 0.181762
9.9982E-05 0.026524 0.147154 9.9982E-05 0.433739 0.102942 0.289442
0.0551307 0.115388 9.9991E-05 0.164286 0.148679 0.177851 0.338565
0.162242 0.0114521 0.160531 0.084494 0.338297 0.0673537 0.17563
0.0142635 0.0378099 0.0883412 0.0135897 0.310925 0.201141 0.33393
9.9982E-05 9.9982E-05 0.086431 0.242036 0.0664084 0.297435 0.307489
9.9991E-05 0.0125305 0.154831 0.214504 0.113987 0.160005 0.344042
0.120732 0.00489043 0.873977 9.99639E-05 9.99639E-05 9.99639E-05 9.99639E-05
0.713622 9.9982E-05 0.0405739 0.0151566 0.128935 0.101512 9.9982E-05
0.926921 9.9964E-05 0.030614 9.9964E-05 9.9964E-05 0.042065 9.9964E-05
0.923691 0.071301 0.00460803 9.9964E-05 9.9964E-05 9.9964E-05 9.9964E-05
0.936415 9.9973E-05 9.9973E-05 0.0158811 0.0253384 0.0220659 9.9973E-05
0.862261 0.0187986 9.9973E-05 9.9973E-05 9.9973E-05 0.0126219 0.106019
0.864272 0.0532206 9.9973E-05 9.9973E-05 0.0802036 0.00200402 9.9973E-05
0.898861 0.0641913 9.9964E-05 9.9964E-05 9.9964E-05 0.0365481 9.9964E-05
0.76712 0.0264695 9.9973E-05 9.9973E-05 9.9973E-05 0.19757 0.00854047
9.9973E-05 0.0498045 0.275837 9.9973E-05 9.9973E-05 0.672037 0.00202212
0.0905134 0.0913671 0.21264 9.9991E-05 0.0331603 0.565053 0.00716662
9.9982E-05 0.083204 0.224389 9.9982E-05 0.0187276 0.668548 0.00493136
0.103963 0.0535698 0.458302 9.9973E-05 9.9973E-05 0.383865 9.9973E-05
9.9973E-05 0.0156782 0.378504 9.9973E-05 0.0283111 0.577207 9.9973E-05
0.0591479 9.9973E-05 0.218366 9.9973E-05 0.0176748 0.704512 9.9973E-05
0.0233939 0.105531 0.0906348 0.00355739 0.0370521 0.585407 0.154423
9.9982E-05 0.067539 0.0662183 9.9982E-05 0.018755 0.772563 0.0747245
0.160138 0.0538218 0.119439 9.9991E-05 0.0662329 0.525436 0.0748321
9.9982E-05 0.0285729 0.482085 0.00749103 9.9982E-05 0.432676 0.048975
0.00643188 0.0942504 0.447043 0.00765777 9.9982E-05 0.444417 9.9982E-05
0.0563707 0.0243916 0.504657 9.9982E-05 9.9982E-05 0.400105 0.0142762
9.9955E-05 9.9955E-05 0.375754 9.9955E-05 9.9955E-05 0.623747 9.9955E-05
0.00690186 0.09031 0.53558 9.9982E-05 9.9982E-05 0.344186 0.0228218
9.9973E-05 0.0665796 0.909088 9.9973E-05 9.9973E-05 0.00529009 0.0187427
9.9973E-05 0.0645631 0.87143 9.9973E-05 9.9973E-05 0.0309872 0.0327197
9.9955E-05 9.9955E-05 0.897749 9.9955E-05 9.9955E-05 9.9955E-05 0.101751
9.9982E-05 0.0615353 0.874767 9.9982E-05 0.00710524 0.0108685 0.0455236
9.9964E-05 0.0560561 0.902583 9.9964E-05 9.9964E-05 9.9964E-05 0.0409606
0.0636087 9.9991E-05 0.190593 0.328357 0.346698 0.00261761 0.0680247
9.9982E-05 0.0188128 9.9982E-05 0.0346352 0.79809 0.126397 0.0218648
0.00987983 0.0183124 9.9991E-05 0.679673 0.197258 0.057825 0.0369517
0.0808882 0.00356558 0.0207029 0.060114 0.60902 0.170092 0.0556172
9.9982E-05 9.9982E-05 0.12498 0.631029 0.0583023 0.0671408 0.118348
0.0131181 0.00239233 0.116556 0.169728 0.541737 0.0419265 0.114543
0.150454 9.9982E-05 0.0184492 0.154215 0.556529 0.120153 9.9982E-05
0.0953156 9.9982E-05 9.9982E-05 0.0537732 0.597575 0.194794 0.0583414
0.0728134 9.9973E-05 9.9973E-05 0.122672 0.686937 0.117278 9.9973E-05
0.162973 0.0205111 0.0331069 0.0677968 0.52335 0.147784 0.0444778
0.134687 0.0941841 0.0767642 0.0232293 0.631794 9.9991E-05 0.0392418
0.40989 9.9973E-05 9.9973E-05 0.439784 0.00729756 9.9973E-05 0.142729
0.0823328 9.9982E-05 9.9982E-05 0.81952 0.00432343 0.0871957 0.00642784
0.0221123 9.9973E-05 9.9973E-05 0.565548 0.258371 0.153669 9.9973E-05
0.0734451 0.00397864 0.180734 0.143178 0.532193 9.9991E-05 0.0663713
0.00315274 0.0138398 0.269929 0.140035 0.5708 0.00214294 9.9991E-05
9.9991E-05 0.0238047 0.145156 0.0222187 0.494925 0.074241 0.239555
0.0126633 0.0577737 0.173876 9.9982E-05 0.516951 9.9982E-05 0.238536
0.10453 9.9991E-05 0.0935036 0.102273 0.149351 0.375503 0.174739
0.0172054 0.0563525 0.192945 0.131891 0.358323 0.0587318 0.184551
9.9982E-05 0.00277347 0.0586022 0.385789 9.9982E-05 0.320697 0.231939
9.9982E-05 9.9982E-05 0.0852491 0.110572 0.261045 0.2258 0.317134
0.0610058 0.0594008 0.239995 0.042319 0.272031 0.136782 0.188466
0.119205 0.0285832 0.0864555 9.9991E-05 0.388641 0.245472 0.131543
0.0790977 0.0375708 0.160248 9.9991E-05 0.494183 0.0538462 0.174955
0.111377 0.123515 0.0852066 0.117451 0.309 0.0282813 0.225169
0.0612593 0.0580637 0.354459 0.0144674 0.262058 0.117865 0.131828
