0.916433 9.9991E-05 0.0120951 0.0713715
0.956262 0.0121037 0.0082665 0.0233682
0.816983 9.9991E-05 0.0218286 0.161088
0.76835 9.9991E-05 0.0880718 0.143478
0.86769 9.9982E-05 9.9982E-05 0.13211
0.651149 0.166992 0.134808 0.0470504
0.862804 0.0226496 0.0920428 0.0225039
0.776562 0.0239439 0.147671 0.0518232
0.91311 9.9982E-05 0.0866904 9.9982E-05
0.737493 0.0911847 0.00780125 0.163521
0.773732 0.0882376 0.117861 0.0201692
9.999E-05 0.246895 0.571192 0.181813
9.999E-05 0.17149 0.384184 0.444226
0.0409104 0.153977 0.55417 0.250943
0.0314474 0.191292 0.473683 0.303577
0.124155 0.31043 0.264898 0.300517
0.00644494 0.397732 0.13494 0.460883
9.9991E-05 0.36953 0.263346 0.367023
0.114224 0.281925 0.352206 0.251644
0.0805963 0.194233 0.709334 0.0158367
9.9991E-05 0.335108 0.38933 0.275461
0.0484564 0.382312 0.227734 0.341498
9.9991E-05 0.314519 0.329401 0.35598
0.0293855 0.345027 0.384614 0.240974
0.0257476 0.433056 0.0943031 0.446893
0.00319716 0.354166 0.250502 0.392135
0.0153134 0.220275 0.554997 0.209414
0.0290477 0.188725 0.484894 0.297333
0.00332994 0.341008 0.51361 0.142052
0.821652 9.9982E-05 9.9982E-05 0.178148
0.794331 9.9991E-05 0.0260536 0.179515
0.788649 0.00497434 0.0616667 0.14471
0.739292 0.0382241 0.0272333 0.195251
9.9991E-05 0.507498 0.161949 0.330453
0.126447 0.469251 0.125518 0.278784
9.9991E-05 0.53984 0.102453 0.357607
0.0761947 0.184143 0.665456 0.0742061
0.038921 0.709847 0.0390882 0.212144
9.9991E-05 0.421006 0.237177 0.341717
9.9991E-05 0.524486 0.0510245 0.424389
0.0740495 0.476625 0.131342 0.317984
0.049994 0.395339 0.161516 0.393151
0.0351622 0.69182 0.209132 0.0638856
0.0585757 0.469313 0.0600922 0.41202
0.0499102 0.537479 0.025931 0.38668
0.142281 0.342011 0.158374 0.357334
9.9991E-05 0.862866 0.0141849 0.122849
9.9982E-05 0.607821 9.9982E-05 0.391979
0.0817562 0.419598 0.0943415 0.404305
0.167824 0.789677 0.0423986 9.9991E-05
9.9991E-05 0.450599 0.497507 0.0517947
0.14611 0.629769 0.224022 9.9991E-05
0.0627111 0.27553 0.217493 0.444266
0.0291251 0.436094 0.09235 0.442431
0.00121091 0.34369 0.240812 0.414287
0.0899008 0.422383 0.417131 0.0705853
9.9991E-05 0.338192 0.328548 0.333159
0.0578569 0.369214 0.131399 0.44153
0.14535 0.38611 0.249117 0.219422
0.274571 0.278856 0.386827 0.0597458
0.0192283 0.401262 0.207182 0.372328
0.0239515 0.268679 0.344202 0.363168
0.0762803 0.344485 0.579135 9.9991E-05
9.9991E-05 0.371244 0.346031 0.282624
0.0124123 0.493463 0.0367345 0.45739
0.0622803 0.27788 0.253385 0.406455
0.0727973 0.429854 0.313467 0.183882
9.9991E-05 0.358077 0.335505 0.306318
0.0334209 0.335891 0.203483 0.427205
0.0577259 0.460105 0.445066 0.0371023
9.9991E-05 0.779407 0.00976709 0.210726
0.000552986 0.770912 0.171097 0.0574379
0.0530738 0.52099 0.153498 0.272438
0.0873437 0.912456 9.9982E-05 9.9982E-05
0.0170431 0.899492 0.083365 9.9991E-05
9.9991E-05 0.850787 0.0589254 0.0901879
9.9991E-05 0.555695 0.135787 0.308418
0.0792017 0.47783 0.152956 0.290013
9.9991E-05 0.621049 0.0810645 0.297786
0.0514309 0.60054 0.276939 0.0710896
9.9991E-05 0.570915 0.328414 0.100571
0.0836963 0.480459 0.0725816 0.363263
0.00777076 0.658801 0.150674 0.182754
0.0467303 0.5849 0.139933 0.228437
9.9982E-05 0.832092 9.9982E-05 0.167708
0.0929573 0.886127 0.020816 9.9991E-05
9.9991E-05 0.465286 0.129698 0.404915
0.802331 9.9991E-05 0.0708082 0.126761
0.903425 9.9982E-05 9.9982E-05 0.0963748
0.857471 9.9982E-05 9.9982E-05 0.142329
0.948655 0.0132249 9.9991E-05 0.0380203
0.901121 0.000849557 9.9991E-05 0.0979293
0.900664 0.0164915 9.9991E-05 0.0827448
0.898512 9.9982E-05 9.9982E-05 0.101288
0.0511663 0.415503 0.172902 0.360429
9.9991E-05 0.422981 0.205995 0.370924
0.0357917 0.823998 0.14011 9.9991E-05
0.056195 0.387382 0.131227 0.425196
0.000671968 0.581126 0.178245 0.239957
9.9991E-05 0.612919 0.00393161 0.383049
0.0237369 0.573165 0.0604341 0.342664
9.9982E-05 0.654048 9.9982E-05 0.345752
0.070431 0.691162 0.238307 9.9991E-05
0.0488047 0.423277 0.196346 0.331572
0.00150476 0.509664 0.0760344 0.412796
0.0879722 0.497725 9.9991E-05 0.414203
0.0585745 0.867119 9.9991E-05 0.0742066
9.9991E-05 0.709451 0.0150628 0.275386
0.0129353 0.530558 0.214503 0.242003
9.9991E-05 0.750634 0.0359169 0.213349
0.0294941 0.619824 0.109377 0.241305
0.0894497 0.42864 0.112469 0.369441
0.0811177 0.483151 0.359354 0.0763765
0.0677901 0.118226 0.485072 0.328912
0.0889167 0.233519 0.220958 0.456606
0.0599905 0.366347 0.155383 0.41828
9.9991E-05 0.179751 0.466439 0.353711
9.9991E-05 0.328539 0.254282 0.41708
9.9991E-05 0.317038 0.395597 0.287265
0.0157669 0.456858 0.136465 0.39091
0.0156457 0.321199 0.200662 0.462493
0.0517754 0.387774 0.202787 0.357664
9.9991E-05 0.3685 0.41334 0.218059
0.0213772 0.407483 0.146282 0.424857
0.0324596 0.392971 0.15296 0.421609
9.9991E-05 0.272501 0.289651 0.437748
9.9991E-05 0.276568 0.266098 0.457234
9.9991E-05 0.354523 0.242091 0.403286
0.0986265 0.368837 0.350036 0.1825
9.9991E-05 0.263735 0.289176 0.44699
0.0051571 0.295314 0.229104 0.470424
9.9991E-05 0.325292 0.46274 0.211868
0.118518 0.465333 0.286329 0.12982
0.0151485 0.335503 0.294029 0.355319
9.9991E-05 0.517205 0.424197 0.0584981
0.0154901 0.350098 0.516303 0.118109
9.9991E-05 0.406662 0.366021 0.227217
9.9991E-05 0.288165 0.544328 0.167407
0.000106454 0.336692 0.524535 0.138667
0.0385515 0.437287 0.185417 0.338745
0.0682375 0.390094 0.168828 0.37284
0.00763017 0.28908 0.353118 0.350172
0.0425967 0.456422 0.377236 0.123746
0.105148 0.438617 0.111151 0.345084
0.0672236 0.481486 0.0897436 0.361547
0.220034 0.573218 0.206648 9.9991E-05
0.0600224 0.450233 0.0692621 0.420482
0.104851 0.523941 0.133083 0.238125
0.0313718 0.456873 0.137714 0.374042
0.165666 0.539911 0.161108 0.133315
0.167911 0.629189 0.176722 0.0261776
0.0553362 0.649986 0.134133 0.160545
0.192151 0.410853 0.0709965 0.326
0.140421 0.43946 0.117084 0.303035
0.219612 0.584709 0.121575 0.0741036
0.0458152 0.522269 0.0689948 0.362921
9.9991E-05 0.639841 0.227367 0.132693
9.9991E-05 0.610281 0.147385 0.242235
0.0595777 0.478741 0.0656097 0.396072
0.411099 0.188686 0.0314045 0.368811
0.766281 0.122754 9.9991E-05 0.110865
0.696831 0.221463 9.9991E-05 0.0816066
0.534055 0.0546289 0.0529041 0.358412
9.9982E-05 0.608626 9.9982E-05 0.391174
0.0618594 0.333188 0.191342 0.413611
0.0367983 0.0645101 0.0287637 0.869928
0.0640656 0.19873 0.114582 0.622622
0.185716 0.248602 0.0116728 0.554009
0.0720821 0.825716 9.9991E-05 0.102102
0.0474131 0.465709 0.131167 0.355711
0.0859946 0.774119 0.051507 0.088379
0.0243773 0.569547 0.0186096 0.387466
0.0639789 0.594121 0.11635 0.225551
9.9991E-05 0.462098 0.145764 0.392038
0.111754 0.766661 0.110921 0.0106631
9.9991E-05 0.516971 0.0458768 0.437052
0.0418244 0.529497 0.029882 0.398796
0.134604 0.00534834 9.9991E-05 0.859947
0.0727787 9.9982E-05 9.9982E-05 0.927021
0.0967283 0.0756268 0.032744 0.794901
0.0408858 0.0426732 0.000738678 0.915702
0.0772441 9.9991E-05 0.0471124 0.875543
0.0750469 9.9982E-05 9.9982E-05 0.924753
0.153803 9.9982E-05 9.9982E-05 0.845997
0.0305024 9.9982E-05 9.9982E-05 0.969298
0.0250127 9.9982E-05 9.9982E-05 0.974787
0.0983333 9.9982E-05 9.9982E-05 0.901467
0.0861943 9.9982E-05 9.9982E-05 0.913606
0.131518 9.9991E-05 0.0311402 0.837242
0.106639 9.9982E-05 9.9982E-05 0.893161
0.105328 9.9982E-05 9.9982E-05 0.894472
0.0995713 0.179707 0.0665343 0.654187
0.119391 0.0633234 0.0570764 0.760209
0.108953 9.9991E-05 0.0252009 0.865746
0.146091 9.9982E-05 9.9982E-05 0.853709
0.0864542 9.9982E-05 9.9982E-05 0.913346
0.150734 9.9982E-05 9.9982E-05 0.849066
0.0837945 9.9982E-05 9.9982E-05 0.916006
0.132964 0.0692365 0.0324933 0.765306
0.150706 9.9982E-05 9.9982E-05 0.849094
0.549503 0.450297 9.9982E-05 9.9982E-05
0.209141 0.317138 0.204697 0.269024
0.257802 0.406923 0.0622832 0.272991
0.34465 0.435412 0.0401546 0.179784
0.0994581 0.346977 0.0946562 0.458909
0.34487 0.502249 9.9991E-05 0.152781
0.145349 0.304499 0.182953 0.367199
0.221933 0.449272 0.0121696 0.316625
0.149474 0.336765 0.087406 0.426355
0.234122 0.398291 9.9991E-05 0.367487
0.164734 0.314382 0.133103 0.387781
0.86531 0.0384013 0.0764245 0.0198641
0.922677 9.9982E-05 9.9982E-05 0.0771227
0.970841 9.9991E-05 0.0268734 0.00218607
0.956717 9.9982E-05 9.9982E-05 0.0430833
0.873539 9.9991E-05 0.044963 0.0813978
0.917325 9.9982E-05 9.9982E-05 0.0824746
0.895493 9.9982E-05 9.9982E-05 0.104307
0.915163 0.0331245 0.0176083 0.0341046
0.940154 0.00473664 9.9991E-05 0.0550098
0.874882 9.9982E-05 9.9982E-05 0.124918
0.651954 0.0866976 0.261248 9.9991E-05
0.612302 0.00298674 0.384612 9.9991E-05
0.591517 0.135389 0.272994 9.9991E-05
0.500776 0.135917 0.363207 9.9991E-05
9.9991E-05 0.461414 0.237526 0.300961
9.9991E-05 0.582247 0.125011 0.292642
9.9991E-05 0.451127 0.184126 0.364647
9.9991E-05 0.462743 0.366219 0.170937
9.9991E-05 0.193156 0.719924 0.0868197
0.0152838 0.58323 0.0248031 0.376684
9.9991E-05 0.527907 0.114073 0.35792
9.9991E-05 0.621608 0.0883337 0.289958
9.9982E-05 0.82581 9.9982E-05 0.17399
0.00723848 0.48678 0.0861522 0.41983
9.9991E-05 0.601863 0.207742 0.190295
0.00886647 0.818125 0.172908 9.9991E-05
0.0401769 0.346115 0.278063 0.335644
0.035161 0.865023 0.0524794 0.0473364
9.9991E-05 0.63233 0.10082 0.26675
0.0439523 0.666851 0.276146 0.0130508
0.159309 0.0892883 0.751303 9.9991E-05
0.115392 0.0774909 0.788003 0.0191146
0.106729 0.0631858 0.829985 9.9991E-05
0.128061 9.9982E-05 0.871739 9.9982E-05
0.0386326 0.0114189 0.911516 0.0384319
0.0827023 0.0310872 0.817385 0.0688255
0.895345 0.00369117 9.9991E-05 0.100864
0.82125 9.9991E-05 0.0392089 0.139441
0.78485 9.9982E-05 9.9982E-05 0.21495
0.764448 9.9991E-05 0.106713 0.12874
0.790467 9.9991E-05 0.0186931 0.19074
0.404519 9.9982E-05 0.595281 9.9982E-05
0.544633 0.0409303 0.414336 9.9991E-05
0.465499 0.0419578 0.492444 9.9991E-05
0.812441 9.9991E-05 0.0593519 0.128107
0.420613 0.0387557 0.540531 9.9991E-05
0.285718 0.161178 9.9991E-05 0.553004
0.0890109 0.198357 0.144566 0.568067
0.15393 0.17175 0.0299421 0.644378
0.259339 0.253371 0.0246501 0.46264
0.208623 0.215865 0.0874408 0.488072
0.616278 0.0971837 9.9991E-05 0.286438
9.9991E-05 0.309691 0.475664 0.214545
0.00550273 0.512561 0.294649 0.187288
0.0517229 0.18054 0.630754 0.136982
9.9991E-05 0.60064 0.143649 0.255611
0.0588151 0.686715 0.25437 9.9991E-05
0.0557025 0.368894 0.267151 0.308252
0.0138198 0.480489 0.163457 0.342234
0.0248282 0.244127 0.56566 0.165385
0.0313211 0.356697 0.240271 0.371711
0.0562947 0.632334 0.311271 9.9991E-05
0.0477665 0.484763 0.207737 0.259734
9.9991E-05 0.386235 0.311923 0.301741
0.188992 0.381524 0.0430076 0.386476
9.9991E-05 0.445828 0.339589 0.214483
9.9991E-05 0.440872 0.320592 0.238435
9.9991E-05 0.394362 0.211565 0.393973
9.9991E-05 0.481951 0.218939 0.29901
9.9991E-05 0.341181 0.165207 0.493512
0.12485 0.375068 0.113843 0.386239
0.0550647 0.250676 0.242654 0.451605
0.791568 0.0139323 9.9991E-05 0.1944
0.864562 0.0295916 9.9991E-05 0.105746
0.804153 0.035796 0.0972354 0.0628153
0.840341 0.0313081 0.0467031 0.0816478
0.829843 9.9991E-05 0.0262768 0.14378
0.0151872 0.199695 0.697149 0.0879692
0.0172317 0.417075 0.185875 0.379819
0.234033 0.34471 0.0299481 0.391309
9.9991E-05 0.308483 0.255976 0.435442
0.0132547 0.354185 0.331203 0.301357
0.0192655 0.247132 0.480879 0.252724
0.191946 0.176728 0.631226 9.9991E-05
9.9991E-05 0.353726 0.3365 0.309674
0.125252 0.319599 0.481077 0.0740726
0.116795 0.432439 0.208417 0.242349
0.144903 0.193625 0.616435 0.0450369
9.9991E-05 0.279787 0.268472 0.451641
0.0686225 0.268758 0.580974 0.0816447
0.0837491 0.378378 0.334833 0.20304
0.0444386 0.423426 0.146135 0.386
0.107811 0.602173 0.197956 0.0920598
0.0268555 0.585999 0.0908617 0.296284
0.12656 0.383711 0.120342 0.369386
0.0677326 0.649544 0.153163 0.12956
0.0932556 0.497166 0.0799879 0.329591
0.0791919 0.618888 0.0829772 0.218943
0.0936203 0.775797 0.130483 9.9991E-05
0.114288 0.817079 9.9991E-05 0.068533
0.019088 0.547246 0.167506 0.26616
0.126446 0.691422 0.182032 9.9991E-05
9.9991E-05 0.577865 0.202322 0.219712
0.00720239 0.180156 0.729904 0.0827378
9.9991E-05 0.42935 0.440017 0.130533
0.000777577 0.275141 0.414813 0.309269
9.9991E-05 0.317724 0.203387 0.478789
9.9991E-05 0.253383 0.592203 0.154314
0.0667697 0.377098 0.184987 0.371145
9.9991E-05 0.213786 0.321925 0.464189
0.0224848 0.31794 0.334701 0.324874
9.9991E-05 0.351369 0.304378 0.344152
9.9991E-05 0.306356 0.420848 0.272695
9.9991E-05 0.204052 0.608802 0.187046
9.9991E-05 0.217642 0.525419 0.256839
9.9991E-05 0.390962 0.265171 0.343767
0.0423312 0.360868 0.248177 0.348624
0.0283768 0.458524 0.264616 0.248483
9.9991E-05 0.34671 0.303283 0.349907
0.0295683 0.185878 0.51712 0.267434
9.9991E-05 0.280877 0.287682 0.431341
9.9991E-05 0.323848 0.277031 0.399021
0.0683264 0.311083 0.250485 0.370106
0.331891 0.233479 0.0356625 0.398968
0.138167 0.379729 9.9991E-05 0.482003
0.160928 0.270223 0.168121 0.400728
0.0883849 0.281322 0.143432 0.486861
0.180798 0.270361 0.0412504 0.50759
9.9991E-05 0.384428 0.256831 0.358642
0.143889 0.232391 0.155752 0.467968
0.422494 0.489937 0.00435419 0.0832145
0.079634 0.0992337 0.294837 0.526295
0.0595777 0.374083 0.0514724 0.514867
0.0993013 0.390736 0.0117498 0.498213
0.225424 0.329642 0.109512 0.335422
0.124567 0.30192 0.064462 0.509051
0.133571 0.274373 0.0564676 0.535588
0.69659 0.167532 9.9991E-05 0.135778
0.183351 0.249786 0.117456 0.449407
0.136615 0.215443 0.088534 0.559408
0.0667032 0.395778 0.0787779 0.45874
0.143054 0.211159 0.114319 0.531467
0.168559 0.324803 0.0555108 0.451127
0.0300549 0.507368 0.137202 0.325375
0.0055949 0.45976 0.140539 0.394106
0.0233877 0.80269 0.173822 9.9991E-05
0.073748 0.782616 0.143536 9.9991E-05
0.0529584 0.480304 0.118422 0.348316
0.10839 0.278476 0.0551457 0.557988
0.142706 0.327055 9.9991E-05 0.530139
0.29167 0.317823 9.9991E-05 0.390406
0.237956 0.313515 9.9991E-05 0.448429
0.20322 0.723453 9.9991E-05 0.0732272
0.235048 0.615622 9.9991E-05 0.14923
9.9991E-05 0.563624 0.00987766 0.426399
0.0349535 0.523015 0.0588169 0.383214
0.187311 0.597672 0.00614451 0.208873
0.0575852 0.470254 0.0422489 0.429912
0.0252111 0.514324 0.0128725 0.447592
0.095514 0.424183 0.0735354 0.406768
0.0514289 0.729441 0.119275 0.0998556
0.0703898 0.623404 0.0789843 0.227222
9.9991E-05 0.647511 0.0601768 0.292212
0.0711891 0.551499 0.120528 0.256783
0.0814748 0.365088 0.141441 0.411996
0.018192 0.710566 0.0729217 0.19832
0.0333576 0.728513 0.153492 0.0846375
0.0014846 0.663331 9.9991E-05 0.335084
0.139232 0.474182 0.0545958 0.33199
0.0357176 0.770275 0.104102 0.0899062
0.033031 0.65572 0.0527289 0.25852
9.9991E-05 0.51714 0.0686623 0.414097
0.0190366 0.640794 0.0176355 0.322534
0.187428 0.349394 0.0460396 0.417139
0.104333 0.366179 0.190072 0.339417
0.186904 0.290843 0.0966824 0.425571
0.193701 0.240509 0.111898 0.453892
0.16856 0.308039 0.0719848 0.451416
0.131223 0.431549 9.9991E-05 0.437129
0.334709 0.573327 9.9991E-05 0.0918643
0.0580453 0.278392 0.0681382 0.595424
0.565437 0.378375 9.9991E-05 0.0560876
0.0866908 0.383354 0.0166675 0.513288
0.0621153 0.937685 9.9982E-05 9.9982E-05
0.0798969 0.871732 0.0482709 9.9991E-05
9.9982E-05 0.773763 9.9982E-05 0.226037
9.9991E-05 0.559802 0.0971857 0.342913
9.9991E-05 0.726075 0.0982462 0.175579
0.000192087 0.691344 0.0204322 0.288032
9.9991E-05 0.676208 0.0354754 0.288217
0.844295 0.0606338 9.9991E-05 0.0949716
0.723882 9.9991E-05 0.156126 0.119892
0.920211 9.9982E-05 9.9982E-05 0.0795894
0.942924 9.9982E-05 9.9982E-05 0.0568763
0.0461836 0.629518 0.0636999 0.260598
0.111286 0.621918 9.9991E-05 0.266697
0.00686919 0.604806 0.115928 0.272397
0.052936 0.471353 0.111382 0.364329
0.0904634 0.546448 0.0156712 0.347417
9.9991E-05 0.783645 0.117117 0.0991381
9.9991E-05 0.621265 0.0170474 0.361588
0.0306811 0.849436 9.9991E-05 0.119783
0.200362 0.17961 0.106867 0.513162
9.9991E-05 0.703062 0.0752452 0.221592
0.00274238 0.667165 0.181474 0.148619
9.9991E-05 0.641128 0.0684196 0.290352
9.9991E-05 0.637578 0.121245 0.241077
9.9982E-05 0.690895 9.9982E-05 0.308905
0.0472925 0.586083 0.0255604 0.341064
9.998E-05 0.9997 9.998E-05 9.998E-05
0.0363187 0.793553 0.0666252 0.103503
0.0512728 0.773288 0.0331331 0.142306
0.0214435 0.978357 9.9982E-05 9.9982E-05
0.025444 0.582193 0.153663 0.2387
0.0750324 0.924768 9.9982E-05 9.9982E-05
0.139603 0.860197 9.9982E-05 9.9982E-05
9.9991E-05 0.636955 0.0117973 0.351148
0.0328989 0.736086 0.155368 0.0756471
9.9991E-05 0.52585 0.205599 0.268451
0.0747493 0.462161 9.9991E-05 0.462989
9.9991E-05 0.605102 0.142401 0.252398
9.9991E-05 0.409298 0.352356 0.238246
9.9991E-05 0.56018 0.11014 0.32958
0.0280518 0.543452 0.147467 0.281029
9.9991E-05 0.892949 0.0183568 0.0885947
0.0335168 0.450591 0.131913 0.383979
0.658543 9.9991E-05 0.321981 0.0193759
0.794713 0.0766387 0.122713 0.0059349
0.87036 9.9982E-05 0.12944 9.9982E-05
0.846303 9.9982E-05 0.153497 9.9982E-05
0.747769 0.0135481 0.219467 0.0192158
0.0521013 0.629874 0.239723 0.0783009
0.0786836 0.697022 0.198194 0.0261006
9.9982E-05 0.965501 9.9982E-05 0.0342995
0.0626767 0.515144 0.069642 0.352537
0.04328 0.389287 0.139059 0.428374
0.0488266 0.769745 9.9991E-05 0.181329
9.9982E-05 0.613358 9.9982E-05 0.386442
0.0439294 0.723487 9.9991E-05 0.232483
9.9991E-05 0.541969 0.103564 0.354367
9.9991E-05 0.434688 0.192522 0.372689
9.9991E-05 0.660554 0.211193 0.128153
9.9991E-05 0.682282 0.169714 0.147905
9.9991E-05 0.704965 0.158081 0.136855
0.0231118 0.451243 0.164233 0.361412
9.9991E-05 0.620432 0.185247 0.194221
0.0274213 0.615946 0.0900445 0.266588
0.0827624 0.197477 0.0223464 0.697414
0.169642 0.148208 9.9991E-05 0.68205
0.15718 0.0871206 9.9991E-05 0.7556
0.215982 0.118734 9.9991E-05 0.665184
0.109921 0.111501 0.154247 0.62433
0.0691557 0.693614 9.9991E-05 0.23713
0.353084 9.9982E-05 9.9982E-05 0.646716
0.233314 0.0532352 0.0498019 0.663649
0.150968 0.382944 9.9991E-05 0.465988
0.180429 0.430543 0.0858661 0.303162
0.156124 0.448885 0.126791 0.268199
0.0373935 0.348445 0.190444 0.423717
0.0845548 0.418601 0.180094 0.31675
0.234516 0.0832452 9.9991E-05 0.682138
0.142714 0.109688 0.128703 0.618895
0.0899242 0.0978935 0.0461881 0.765994
0.0746177 0.2399 0.0830508 0.602431
0.166871 0.00505264 0.102045 0.726031
0.16659 0.208397 0.0969792 0.528034
0.192343 0.111162 9.9991E-05 0.696394
0.0870535 0.163239 0.110371 0.639337
0.14535 0.486045 0.00535138 0.363253
0.188971 0.250231 0.015724 0.545075
0.22367 9.9982E-05 9.9982E-05 0.77613
0.16921 0.124025 0.115793 0.590972
0.222189 0.467423 0.262981 0.0474073
9.9991E-05 0.46323 0.103711 0.432959
0.206841 0.188925 0.028673 0.575561
0.115127 0.360366 0.132919 0.391588
0.158238 0.498502 0.0248831 0.318377
0.245826 0.339777 9.9991E-05 0.414298
0.269364 0.175785 0.0841703 0.47068
0.0727837 0.292757 0.147048 0.487412
0.218373 0.128221 0.0343771 0.619029
0.141008 0.178623 9.9991E-05 0.680269
0.317884 0.00807288 9.9991E-05 0.673943
0.0748662 0.380888 0.112936 0.43131
0.131295 0.5444 0.116653 0.207652
0.286095 0.655905 9.9991E-05 0.0579004
0.0493552 0.306791 0.142169 0.501685
0.0835888 0.389903 0.281969 0.244539
0.175414 0.430532 9.9991E-05 0.393954
0.190941 0.451382 0.064148 0.293529
0.542014 0.329892 9.9991E-05 0.127995
0.551973 0.398525 9.9991E-05 0.0494025
0.212266 0.402058 0.10348 0.282195
0.472454 0.319932 0.00974967 0.197864
0.585875 0.210642 9.9991E-05 0.203383
0.192132 0.401218 0.0703198 0.33633
0.298664 0.307774 0.0412154 0.352347
0.396578 0.326742 0.0452742 0.231406
0.453048 0.375789 9.9991E-05 0.171063
0.153033 0.450485 0.0355352 0.360946
0.369041 0.466862 9.9991E-05 0.163997
0.694974 0.286134 9.9991E-05 0.0187921
0.100217 0.339616 0.115918 0.444249
0.186631 0.281855 0.083307 0.448207
0.245464 0.156538 0.16482 0.433179
0.111998 0.222609 0.0122194 0.653174
0.15519 0.385875 0.0809531 0.377982
0.1733 0.284629 0.0320184 0.510053
0.227775 0.205144 0.0331205 0.53396
0.335571 0.134809 0.055126 0.474494
0.174468 0.252456 0.0536635 0.519413
0.188237 0.18443 0.0929211 0.534412
0.319585 0.255278 0.0125235 0.412613
0.118134 0.250057 0.268921 0.362888
0.134955 0.282938 0.133494 0.448613
0.0995178 0.339704 0.0337365 0.527042
0.0112557 0.456917 0.058864 0.472964
0.305143 0.120784 0.0229799 0.551093
0.170686 0.186144 0.10653 0.53664
0.464522 0.244432 9.9991E-05 0.290946
0.131856 0.238444 0.121693 0.508008
0.349899 0.266566 9.9991E-05 0.383435
0.817217 0.0184007 0.156121 0.00826126
0.0724315 0.0520129 0.845073 0.0304824
0.012417 9.9982E-05 0.987383 9.9982E-05
0.00160056 9.9982E-05 0.998199 9.9982E-05
9.998E-05 9.998E-05 0.9997 9.998E-05
0.0189679 9.9982E-05 0.980832 9.9982E-05
0.0217163 9.9991E-05 0.965624 0.01256
0.048078 9.9982E-05 0.951722 9.9982E-05
0.199425 9.9982E-05 0.800375 9.9982E-05
0.916228 9.9991E-05 0.00273122 0.0809407
0.817623 9.9991E-05 0.10988 0.0723963
0.891954 9.9982E-05 9.9982E-05 0.107846
0.823934 9.9991E-05 0.125173 0.0507932
0.874754 9.9991E-05 0.0168795 0.108266
0.938346 9.9991E-05 0.0206019 0.0409524
0.784134 9.9991E-05 0.030961 0.184805
0.86681 9.9982E-05 9.9982E-05 0.13299
0.728656 0.0197234 0.15298 0.0986409
0.919322 9.9982E-05 9.9982E-05 0.0804785
0.9785 9.9982E-05 0.0212996 9.9982E-05
0.846649 9.9991E-05 0.0539979 0.0992534
0.947188 9.9982E-05 9.9982E-05 0.0526118
0.909994 9.9982E-05 9.9982E-05 0.0898064
0.854498 9.9991E-05 0.0334931 0.111909
0.833223 9.9982E-05 9.9982E-05 0.166577
0.768398 9.9982E-05 9.9982E-05 0.231402
0.764083 9.9982E-05 9.9982E-05 0.235717
0.803301 9.9982E-05 9.9982E-05 0.196499
0.153129 0.415144 0.172832 0.258895
0.00388719 0.517572 0.109388 0.369153
0.151618 0.467249 0.033235 0.347898
0.212121 0.783082 9.9991E-05 0.00469702
0.107753 0.449188 0.167105 0.275954
0.339075 0.660725 9.9982E-05 9.9982E-05
0.0822821 0.453871 0.0826976 0.38115
0.130278 0.493169 0.196228 0.180325
0.0402034 0.490663 0.193805 0.275328
9.9991E-05 0.570764 0.133766 0.29537
0.0768978 0.472761 0.189449 0.260892
0.0579708 0.543686 0.0213346 0.377009
0.0504042 0.341866 0.247575 0.360155
0.0348169 0.412881 0.506583 0.0457188
0.201175 0.7314 0.0673251 9.9991E-05
0.229993 0.669733 0.0555889 0.0446842
0.0565402 0.401868 0.0846054 0.456987
0.100057 0.436444 0.122346 0.341153
0.0933088 0.578915 0.0263699 0.301406
0.0538998 0.437325 0.0836831 0.425092
0.174743 0.371076 9.9991E-05 0.454081
0.0579602 0.231052 0.167153 0.543835
0.430664 0.137599 0.182858 0.248878
0.0567599 0.426642 0.135899 0.3807
0.250323 0.334706 0.0340055 0.380965
0.617429 0.297149 0.00635071 0.0790717
0.356121 0.276236 9.9991E-05 0.367543
0.397407 0.169221 0.104272 0.329099
0.298697 0.0957382 0.227842 0.377722
0.123816 0.280052 0.109649 0.486483
0.153249 0.284181 0.0889202 0.47365
0.164883 0.306286 0.0606523 0.468179
0.151602 0.370415 0.0549717 0.423012
0.443833 0.206688 9.9991E-05 0.349378
