9.9964E-05 9.9964E-05 0.0336524 0.0645111 0.0226203 0.0737977 0.805019 9.9964E-05 9.9964E-05
9.9964E-05 0.055262 0.0172271 0.0243738 9.9964E-05 9.9964E-05 0.879313 0.0234245 9.9964E-05
9.9973E-05 9.9973E-05 9.9973E-05 0.0845296 0.0553293 0.00944554 0.747884 0.0066205 0.0958913
9.9973E-05 9.9973E-05 9.9973E-05 0.0350023 0.104444 0.0195697 0.748607 0.0584832 0.0335935
9.9964E-05 0.0280967 9.9964E-05 9.9964E-05 0.0378259 0.0372164 0.833989 9.9964E-05 0.0624727
0.118061 9.9982E-05 0.0218296 0.00502932 0.0885977 0.147939 0.541627 9.9982E-05 0.0767163
0.0883646 9.9973E-05 0.0071835 0.0652924 9.9973E-05 0.0523549 0.754509 9.9973E-05 0.0319954
0.0983851 9.9964E-05 9.9964E-05 0.0660277 0.0282418 0.212052 0.594893 9.9964E-05 9.9964E-05
0.0531511 0.00596277 0.0665994 0.0339776 9.9982E-05 0.0389475 0.799268 0.00189331 9.9982E-05
0.0140816 0.0148603 9.9982E-05 0.0285613 0.100937 0.124164 0.650832 9.9982E-05 0.0663646
0.0852171 9.9973E-05 0.00841982 0.00169825 9.9973E-05 0.169724 0.680115 9.9973E-05 0.0545257
9.9955E-05 9.9955E-05 0.0605702 9.9955E-05 0.0410898 9.9955E-05 9.9955E-05 0.74953 0.14831
9.9973E-05 9.9973E-05 0.00160139 0.0390991 0.0199424 0.0306241 9.9973E-05 0.450877 0.457556
0.00884627 9.9973E-05 9.9973E-05 0.00562464 0.0376199 9.9973E-05 0.0437299 0.708713 0.195167
9.9964E-05 9.9964E-05 9.9964E-05 0.00319981 0.130111 9.9964E-05 0.0532916 0.574874 0.238124
0.0855883 9.9982E-05 0.00112876 9.9982E-05 0.0443999 0.0289146 0.150725 0.352976 0.336068
0.0830164 0.0342441 9.9973E-05 9.9973E-05 0.148689 9.9973E-05 0.0297857 0.328566 0.375399
0.00148944 9.9973E-05 0.186261 0.0979057 0.0661 9.9973E-05 9.9973E-05 0.290208 0.357737
9.9964E-05 9.9964E-05 9.9964E-05 0.0125308 0.0095782 9.9964E-05 0.155859 0.57964 0.241992
0.0475474 9.9964E-05 0.00411819 0.0126609 9.9964E-05 9.9964E-05 0.110777 0.824497 9.9964E-05
9.9982E-05 9.9982E-05 0.068907 0.0571885 0.0324331 0.00927514 0.0463501 0.419414 0.366232
0.166381 0.0629518 0.0147993 0.0396236 9.9982E-05 0.0126855 9.9982E-05 0.280672 0.422687
0.0472042 9.9973E-05 0.0264699 9.9973E-05 0.0436534 9.9973E-05 0.0669876 0.340819 0.474566
0.0168833 9.9964E-05 0.074365 9.9964E-05 0.0699343 9.9964E-05 9.9964E-05 0.658522 0.179896
9.9964E-05 9.9964E-05 0.0480124 9.9964E-05 0.110218 9.9964E-05 0.11922 0.151262 0.570888
0.00927656 9.9973E-05 9.9973E-05 0.0154262 0.132213 9.9973E-05 0.0192853 0.450162 0.373338
9.9964E-05 9.9964E-05 0.0437701 0.0620986 0.0709411 9.9964E-05 9.9964E-05 0.75814 0.0646502
9.9946E-05 9.9946E-05 9.9946E-05 0.00269301 0.206469 9.9946E-05 9.9946E-05 0.790238 9.9946E-05
0.0980338 0.0578628 9.9964E-05 9.9964E-05 9.9964E-05 9.9964E-05 0.0354673 0.699763 0.108473
9.993E-05 9.993E-05 9.993E-05 0.999201 9.993E-05 9.993E-05 9.993E-05 9.993E-05 9.993E-05
9.993E-05 9.993E-05 9.993E-05 0.999201 9.993E-05 9.993E-05 9.993E-05 9.993E-05 9.993E-05
9.9964E-05 9.9964E-05 0.0063219 0.393678 0.0515615 9.9964E-05 0.473332 9.9964E-05 0.0747068
9.9964E-05 9.9964E-05 0.0805813 0.286942 0.0431439 9.9964E-05 0.492103 9.9964E-05 0.0968295
9.9973E-05 0.0802327 0.259799 0.0191124 9.9973E-05 0.0401871 9.9973E-05 0.0595258 0.540843
9.9973E-05 9.9973E-05 0.30766 0.0159676 9.9973E-05 0.100578 0.114639 0.00553448 0.455321
9.9964E-05 9.9964E-05 0.388608 0.00999581 9.9964E-05 9.9964E-05 0.0648886 0.00177374 0.534334
9.9973E-05 9.9973E-05 0.14256 0.0327674 9.9973E-05 0.0151322 0.104404 0.645538 0.0592993
0.0236699 0.043844 0.560239 0.0259118 0.0504052 0.0101402 9.9982E-05 9.9982E-05 0.28559
9.9982E-05 9.9982E-05 0.173783 0.00895776 0.0794752 0.00912588 0.0883184 0.247419 0.392721
0.0834086 9.9955E-05 0.238194 9.9955E-05 9.9955E-05 9.9955E-05 0.0521441 9.9955E-05 0.625753
0.101103 0.00429491 0.123848 0.0627254 9.9982E-05 0.0484507 0.0578362 9.9982E-05 0.601542
9.9982E-05 0.0114828 0.150693 0.0799188 0.0411014 0.0911679 0.0359325 9.9982E-05 0.589503
9.9964E-05 9.9964E-05 0.681147 0.0205429 9.9964E-05 9.9964E-05 0.018641 0.195418 0.0838517
0.21991 9.9973E-05 9.9973E-05 9.9973E-05 0.0627369 0.0215119 0.0200592 0.100115 0.575367
0.0115431 0.114092 0.150414 0.0120328 0.0949549 9.9991E-05 0.00416065 0.0174708 0.595232
0.0557313 0.004306 0.000252752 0.0505574 0.0227181 0.124798 0.127074 9.9991E-05 0.614462
9.9955E-05 0.0564754 0.662379 0.00187512 9.9955E-05 9.9955E-05 9.9955E-05 9.9955E-05 0.27877
9.9955E-05 0.0523485 0.260363 0.0732641 9.9955E-05 9.9955E-05 9.9955E-05 9.9955E-05 0.613525
9.9982E-05 0.119164 0.186461 0.039269 0.0734643 9.9982E-05 0.11072 0.0104243 0.460297
0.261828 9.9946E-05 0.685255 9.9946E-05 9.9946E-05 9.9946E-05 0.0523174 9.9946E-05 9.9946E-05
0.0530683 0.0836822 0.228318 9.9973E-05 9.9973E-05 0.167351 9.9973E-05 0.285147 0.182134
0.337172 0.089158 0.203928 9.9991E-05 0.0402513 0.00959883 0.00197182 0.276106 0.0417143
0.0435798 0.158607 9.9991E-05 0.0740207 0.0924887 0.0115747 0.0399697 0.134933 0.444726
0.0413571 0.0999075 9.9973E-05 9.9973E-05 0.00818338 9.9973E-05 0.138705 0.0852253 0.626321
0.0406265 0.0135547 0.125713 0.0179346 0.117149 0.0146264 0.0640788 0.141215 0.465101
0.106436 0.0199322 0.23336 0.0269532 9.9991E-05 0.157714 0.0638269 0.258366 0.133312
0.0645471 9.9973E-05 0.028135 0.0164412 9.9973E-05 0.0814527 9.9973E-05 0.284144 0.52498
0.108476 9.9973E-05 0.0272202 9.9973E-05 0.0860353 9.9973E-05 0.0449242 0.207594 0.525451
0.103777 0.0532622 0.0646284 9.9982E-05 9.9982E-05 0.124122 0.0778255 0.209867 0.366318
0.119865 9.9991E-05 0.120193 0.0242132 0.0171149 0.0845307 0.158194 0.440148 0.0356423
0.0507912 0.0264838 0.0647633 0.0864317 0.00899071 0.0515195 0.0448394 0.13059 0.535591
0.0299142 0.00267688 0.133449 0.0259872 0.0282893 0.0315149 0.0858428 0.294238 0.368088
0.0848361 9.9964E-05 0.170479 0.0730334 9.9964E-05 0.142099 9.9964E-05 0.529153 9.9964E-05
0.0214123 0.0244991 0.0199652 0.000967069 0.0277846 0.00163488 0.0178223 0.480287 0.405627
9.9982E-05 0.203831 0.0454089 0.0541189 0.0779644 0.0444372 9.9982E-05 0.0699056 0.504134
9.9973E-05 0.112891 9.9973E-05 0.0475262 0.0383747 9.9973E-05 0.0391208 0.26027 0.501517
9.9982E-05 0.135258 0.137939 0.0422666 0.0622514 9.9982E-05 0.024638 0.404327 0.19312
0.0322891 0.0475849 0.0203412 0.0406829 9.9982E-05 0.0136819 9.9982E-05 0.384794 0.460426
9.9982E-05 0.125626 0.028732 0.0450549 0.0732548 0.103966 9.9982E-05 0.0785167 0.54465
0.141192 0.0974241 0.117162 0.0533621 9.9973E-05 9.9973E-05 9.9973E-05 0.443761 0.1468
0.00890104 9.9955E-05 0.420969 9.9955E-05 9.9955E-05 0.0591497 9.9955E-05 9.9955E-05 0.51048
9.9973E-05 9.9973E-05 0.654132 0.0211824 0.00255398 9.9973E-05 0.026416 0.151696 0.14372
9.9973E-05 9.9973E-05 0.339341 0.097496 9.9973E-05 0.0191805 0.04849 0.071308 0.423884
0.136698 9.9955E-05 0.850131 9.9955E-05 0.00908117 0.00359075 9.9955E-05 9.9955E-05 9.9955E-05
0.0908636 0.0650308 0.795626 9.9964E-05 9.9964E-05 9.9964E-05 9.9964E-05 0.0364231 0.0116569
9.99371E-05 9.99371E-05 0.705464 9.99371E-05 9.99371E-05 9.99371E-05 9.99371E-05 9.99371E-05 0.293837
0.00724923 9.9982E-05 0.53304 0.023667 9.9982E-05 0.0183925 0.0374612 0.0297501 0.35024
9.9973E-05 0.0526981 0.139889 0.0204798 9.9973E-05 9.9973E-05 0.117547 0.0520827 0.617004
0.0135403 0.0454757 0.44541 0.0142651 0.0828829 9.9982E-05 9.9982E-05 0.0266387 0.371587
9.9973E-05 9.9973E-05 0.620435 9.9973E-05 0.0649716 0.103983 0.080713 0.0748203 0.0547768
9.9982E-05 0.00159085 0.505997 9.9982E-05 0.020938 0.175711 0.0179364 0.0655519 0.212074
9.9973E-05 9.9973E-05 0.30556 0.0366833 0.0596689 0.00725425 0.0659697 9.9973E-05 0.524564
9.9973E-05 9.9973E-05 0.61207 9.9973E-05 0.0333757 0.00927459 0.076064 0.00478681 0.264129
0.0268287 9.9982E-05 0.472361 0.0198703 0.054926 0.00538918 9.9982E-05 0.0228391 0.397586
0.0382184 0.031026 0.523299 0.01221 9.9964E-05 9.9964E-05 9.9964E-05 9.9964E-05 0.394846
0.210706 0.120353 0.663232 9.9955E-05 0.00520936 9.9955E-05 9.9955E-05 9.9955E-05 9.9955E-05
0.00451609 9.9964E-05 0.236786 9.9964E-05 0.054587 9.9964E-05 9.9964E-05 0.107534 0.596177
9.9973E-05 9.9973E-05 9.9973E-05 0.0267088 0.0501495 0.0368171 0.760657 0.0190097 0.106358
9.9946E-05 9.9946E-05 9.9946E-05 0.104745 9.9946E-05 9.9946E-05 0.81276 9.9946E-05 0.0818955
9.9973E-05 9.9973E-05 9.9973E-05 0.134709 0.0829165 0.0193838 0.732875 0.00589021 0.0239255
0.0453361 9.9964E-05 9.9964E-05 0.125706 0.00558977 9.9964E-05 0.780192 9.9964E-05 0.0427756
9.9964E-05 9.9964E-05 0.0606227 0.151924 9.9964E-05 0.0165596 0.69246 9.9964E-05 0.0780332
0.0166773 0.0386577 9.9964E-05 0.0716886 9.9964E-05 9.9964E-05 0.793793 9.9964E-05 0.0787837
9.9955E-05 9.9955E-05 9.9955E-05 0.072478 0.0051892 9.9955E-05 0.871721 9.9955E-05 0.0501122
9.9982E-05 9.9982E-05 0.284009 0.000352242 0.0651207 0.138602 0.10567 0.0291139 0.376932
9.9991E-05 0.0151227 0.21845 0.0507875 0.101141 0.0547695 0.0414013 0.0150026 0.503225
9.9955E-05 9.9955E-05 0.763378 9.9955E-05 9.9955E-05 9.9955E-05 0.0578816 0.144246 0.0339945
0.0105252 0.054142 0.138763 0.00250378 0.108982 0.0296617 0.132373 9.9991E-05 0.52295
9.9982E-05 9.9982E-05 0.418284 0.0215705 0.0183376 0.00146982 0.0485323 0.141801 0.349805
9.9955E-05 0.0413402 0.266247 9.9955E-05 9.9955E-05 9.9955E-05 0.0788165 9.9955E-05 0.613096
0.0701879 0.064015 0.247533 9.9955E-05 9.9955E-05 9.9955E-05 9.9955E-05 9.9955E-05 0.617765
9.9973E-05 0.0202405 0.429297 0.0110722 0.0380562 9.9973E-05 0.00676867 9.9973E-05 0.494265
9.9964E-05 0.0256508 0.776551 9.9964E-05 9.9964E-05 0.0324654 0.055073 0.10986 9.9964E-05
9.9982E-05 0.032457 0.205747 0.0254289 0.118611 9.9982E-05 0.0909847 0.125235 0.401336
0.0363266 0.0538978 0.134296 0.0274559 0.0220194 9.9982E-05 0.0586628 9.9982E-05 0.667141
9.9982E-05 9.9982E-05 0.121703 0.0248318 0.0574902 0.0361299 0.0152008 0.21522 0.529225
0.216336 9.9955E-05 0.481285 9.9955E-05 0.0338866 9.9955E-05 9.9955E-05 9.9955E-05 0.267992
0.0222031 0.0972751 0.371627 9.9964E-05 9.9964E-05 0.014927 9.9964E-05 9.9964E-05 0.493567
0.0128647 9.9982E-05 0.381733 0.0101337 9.9982E-05 0.0363136 0.0268835 0.132929 0.398943
9.9946E-05 9.9946E-05 0.650539 9.9946E-05 0.0702183 9.9946E-05 9.9946E-05 9.9946E-05 0.278643
9.9955E-05 9.9955E-05 0.480076 9.9955E-05 9.9955E-05 9.9955E-05 0.0775157 0.0207187 0.42119
0.0305914 0.110805 0.0716943 9.9982E-05 0.00746165 9.9982E-05 0.139355 0.0784784 0.561414
0.124995 0.134329 0.0728675 0.00578046 0.00824574 9.9991E-05 0.0418875 0.461302 0.150492
0.0650097 9.9991E-05 0.0986564 0.0311569 0.116303 0.104538 0.0334411 0.240231 0.310564
9.9982E-05 0.00612572 0.0511067 9.9982E-05 0.0408412 0.0238743 0.119623 0.18038 0.577849
0.0567246 0.09077 0.023195 0.045397 0.0586164 0.0125062 0.0391767 0.139954 0.53366
0.0065787 9.9964E-05 9.9964E-05 0.0578385 9.9964E-05 9.9964E-05 0.0450752 0.494713 0.395395
0.0951587 9.9973E-05 9.9973E-05 0.00854061 9.9973E-05 0.0818174 0.0138382 0.278277 0.522068
9.9982E-05 0.0910178 0.0189053 9.9982E-05 0.00421931 0.0389191 0.0486319 0.383988 0.414119
0.0878809 0.145635 0.00076551 0.00945071 9.9982E-05 9.9982E-05 0.102434 0.205948 0.447685
0.101748 0.107697 0.012182 9.9982E-05 0.181088 0.0835126 9.9982E-05 0.0814464 0.432126
0.00423517 9.9973E-05 0.117318 0.0626487 0.0487703 9.9973E-05 9.9973E-05 0.286268 0.48046
0.0223723 9.9955E-05 9.9955E-05 9.9955E-05 9.9955E-05 0.140933 9.9955E-05 0.318123 0.518072
0.0872497 0.0354101 9.9982E-05 9.9982E-05 0.0631869 0.104678 0.0130723 0.13029 0.565913
0.133606 0.0319828 0.0233736 0.0221349 9.9991E-05 0.0492297 0.0334254 0.0209835 0.685164
9.9964E-05 0.104067 9.9964E-05 9.9964E-05 0.0356553 0.0355903 9.9964E-05 0.24335 0.580938
0.0424486 0.103537 9.9991E-05 0.0280699 0.0609819 0.0721518 0.0251216 0.208868 0.458721
0.083833 0.0969603 0.0389397 0.0030421 0.106242 0.0584844 9.9991E-05 0.197099 0.4153
0.192492 0.0357595 9.9973E-05 9.9973E-05 9.9973E-05 0.00952242 0.0304657 0.400304 0.331156
0.00424158 0.029333 9.9973E-05 9.9973E-05 0.0109007 0.0601497 9.9973E-05 0.251743 0.643332
0.115519 0.0442285 9.9973E-05 9.9973E-05 0.0355793 0.0228834 9.9973E-05 0.202724 0.578767
0.00596234 0.0591993 0.168528 9.9982E-05 0.108124 0.0868057 9.9982E-05 0.421234 0.149946
0.250525 0.146288 0.0691094 9.9991E-05 0.00750816 0.00100867 0.0115533 0.362217 0.151691
0.0710436 9.9991E-05 0.0128339 0.0184527 0.0155742 0.172101 0.0284854 0.151167 0.530242
0.159674 0.267548 0.123281 9.9982E-05 0.0473794 0.155931 9.9982E-05 0.218913 0.0270734
9.9982E-05 0.032522 0.0934427 0.013068 9.9982E-05 0.0261457 0.0593643 0.617866 0.157391
0.0174942 0.078095 0.0437814 9.9982E-05 9.9982E-05 0.0526217 0.00184096 0.413471 0.392496
9.9982E-05 0.04734 0.12621 0.0059872 9.9982E-05 0.0990722 0.0273251 0.412453 0.281412
9.9982E-05 0.0842196 0.0492855 9.9982E-05 0.0359601 0.1223 0.0283906 0.45805 0.221595
0.0497629 0.0451679 0.130059 0.0326837 0.0520404 9.9991E-05 0.0129796 0.130201 0.547006
0.0507606 0.0149397 0.0610765 0.0117953 0.0391013 0.0896965 0.14325 9.9991E-05 0.58928
0.0325065 9.9982E-05 0.0611511 0.0452825 0.00528993 9.9982E-05 0.041772 0.309466 0.504332
0.253379 0.095283 0.0556714 9.9982E-05 0.0641655 0.0708877 9.9982E-05 0.344308 0.116105
0.0475738 0.0398437 0.0393305 0.0156349 0.0362212 0.0658837 0.117401 0.208501 0.42961
0.170357 9.9991E-05 0.127948 0.00504394 0.0330387 0.0175483 0.0415626 0.121276 0.483126
0.343729 0.224256 0.141849 9.9973E-05 9.9973E-05 0.052364 0.156924 0.0805792 9.9973E-05
0.0269643 0.0710696 0.147785 0.0153981 0.0134854 9.9991E-05 0.0823208 0.0306534 0.612223
0.140487 0.11151 0.20997 9.9991E-05 0.0200122 0.0178003 0.0757435 0.0552687 0.369109
0.154103 0.0514281 0.0307742 9.9982E-05 0.0647439 9.9982E-05 0.116157 0.124623 0.45797
0.360867 9.9973E-05 0.158858 0.0603982 9.9973E-05 0.0960751 9.9973E-05 0.0664879 0.257014
0.350863 0.127151 0.102191 0.0136331 9.9991E-05 0.0804999 0.0410065 0.101304 0.183252
0.184201 0.150358 0.0676399 0.012883 9.9982E-05 0.129199 9.9982E-05 0.0212677 0.434252
0.19818 0.0172418 0.0820373 0.0420709 0.101673 0.0231858 0.00249671 0.0846645 0.44845
0.110425 0.0989279 0.148769 9.9991E-05 0.0684259 0.085669 0.0850554 0.070558 0.332069
0.439001 0.0532181 0.197273 0.0213625 0.138575 0.00690317 9.9982E-05 0.143468 9.9982E-05
0.104717 0.0562847 0.0611922 9.9982E-05 9.9982E-05 0.0790887 0.0868958 0.0144 0.597221
0.285921 9.9955E-05 0.169078 9.9955E-05 9.9955E-05 9.9955E-05 9.9955E-05 0.137873 0.406628
0.107339 0.124852 0.155237 9.9964E-05 9.9964E-05 9.9964E-05 9.9964E-05 0.166758 0.445414
9.9982E-05 0.0655307 0.115599 9.9982E-05 0.0468087 0.017163 0.161258 0.0271834 0.566257
0.275288 9.9982E-05 0.023842 0.0754913 0.219777 9.9982E-05 0.227757 0.000766617 0.176878
0.39635 9.9955E-05 9.9955E-05 0.0219146 0.109589 9.9955E-05 0.471647 9.9955E-05 9.9955E-05
0.48762 9.9955E-05 9.9955E-05 0.0268355 0.151033 9.9955E-05 0.334012 9.9955E-05 9.9955E-05
0.23908 9.9973E-05 9.9973E-05 0.0227233 0.338966 9.9973E-05 0.353295 0.0174375 0.0281983
0.254052 9.9946E-05 0.0455627 9.9946E-05 9.9946E-05 9.9946E-05 9.9946E-05 9.9946E-05 0.699786
0.0436035 0.00811945 0.128541 0.0537534 0.0820993 9.9991E-05 0.0876094 0.0746405 0.521534
9.9937E-05 9.9937E-05 9.9937E-05 9.9937E-05 0.68731 9.9937E-05 9.9937E-05 9.9937E-05 0.31199
9.9964E-05 9.9964E-05 0.0701705 0.0343904 0.473575 9.9964E-05 9.9964E-05 0.150404 0.27106
0.0668436 0.068274 9.9982E-05 0.0483424 0.458038 0.102471 0.00609822 9.9982E-05 0.249733
0.414569 0.0657742 0.127789 0.025322 9.9973E-05 9.9973E-05 9.9973E-05 0.0566437 0.309601
0.058752 0.148092 0.0569112 0.0567939 0.129035 0.134271 0.0211574 9.9991E-05 0.394887
0.471028 0.112222 0.0623195 9.9964E-05 9.9964E-05 9.9964E-05 9.9964E-05 0.137641 0.21639
0.178566 0.112874 0.0172375 9.9973E-05 9.9973E-05 9.9973E-05 0.00806453 0.0626271 0.62033
0.189334 0.115053 0.177594 9.9973E-05 9.9973E-05 9.9973E-05 0.00023358 0.0899384 0.427547
0.180037 9.9964E-05 0.053233 9.9964E-05 9.9964E-05 0.0564599 9.9964E-05 0.0953294 0.614541
0.409403 0.0991779 0.0752035 9.9973E-05 9.9973E-05 0.0354859 9.9973E-05 0.111327 0.269102
0.24987 0.0267061 0.00367114 9.9973E-05 0.0693684 0.0419525 9.9973E-05 9.9973E-05 0.608132
0.197373 0.0151454 0.0873874 9.9991E-05 0.0966385 0.0458696 0.0431959 0.0841362 0.430154
9.9955E-05 9.9955E-05 0.037497 9.9955E-05 0.946849 9.9955E-05 9.9955E-05 0.00802987 0.00712422
9.9946E-05 9.9946E-05 0.00165125 9.9946E-05 0.873414 9.9946E-05 9.9946E-05 9.9946E-05 0.124335
9.9973E-05 0.00304793 0.0632444 9.9973E-05 0.608784 9.9973E-05 0.0133697 0.0897666 0.221488
9.9955E-05 0.0654556 9.9955E-05 9.9955E-05 0.659308 0.0247026 9.9955E-05 9.9955E-05 0.250034
9.9946E-05 9.9946E-05 9.9946E-05 9.9946E-05 0.793834 0.0310804 9.9946E-05 9.9946E-05 0.174486
9.993E-05 9.993E-05 9.993E-05 9.993E-05 0.999201 9.993E-05 9.993E-05 9.993E-05 9.993E-05
9.9946E-05 9.9946E-05 9.9946E-05 9.9946E-05 0.976861 0.00974504 9.9946E-05 0.0127943 9.9946E-05
9.9937E-05 9.9937E-05 9.9937E-05 9.9937E-05 0.844658 9.9937E-05 9.9937E-05 9.9937E-05 0.154642
9.9946E-05 9.9946E-05 9.9946E-05 9.9946E-05 0.962883 0.010955 9.9946E-05 9.9946E-05 0.0255625
9.993E-05 9.993E-05 9.993E-05 9.993E-05 0.999201 9.993E-05 9.993E-05 9.993E-05 9.993E-05
9.9937E-05 9.9937E-05 9.9937E-05 0.0142842 0.985016 9.9937E-05 9.9937E-05 9.9937E-05 9.9937E-05
9.9973E-05 0.0218518 9.9973E-05 0.0517152 0.716976 0.00932441 9.9973E-05 0.00107608 0.198756
0.0256837 9.9973E-05 0.0142569 9.9973E-05 0.835712 0.00831013 0.0510713 9.9973E-05 0.0646656
9.9946E-05 9.9946E-05 0.0271436 9.9946E-05 0.969717 0.00253956 9.9946E-05 9.9946E-05 9.9946E-05
0.0216641 9.9991E-05 0.0513586 0.0248462 0.416184 0.100618 0.00264527 0.0579661 0.324617
0.00774659 9.9973E-05 0.0321821 9.9973E-05 0.712683 9.9973E-05 0.0122487 0.0479485 0.186891
0.0027858 9.9973E-05 9.9973E-05 0.0408939 0.69831 9.9973E-05 0.0459631 0.007931 0.203817
9.9964E-05 9.9964E-05 9.9964E-05 0.00260975 0.864527 0.0326353 9.9964E-05 0.0293055 0.0705224
0.00424326 9.9946E-05 9.9946E-05 9.9946E-05 0.988493 9.9946E-05 0.00666399 9.9946E-05 9.9946E-05
9.9964E-05 0.00335927 9.9964E-05 0.0055724 0.916576 9.9964E-05 0.0143217 9.9964E-05 0.0597709
9.9946E-05 9.9946E-05 9.9946E-05 0.00580044 0.990677 0.00292267 9.9946E-05 9.9946E-05 9.9946E-05
9.9973E-05 9.9973E-05 0.0366298 0.019874 0.589277 9.9973E-05 0.0223248 0.0929655 0.238629
9.9964E-05 0.0210053 0.0267131 9.9964E-05 0.923409 0.0222959 0.00617726 9.9964E-05 9.9964E-05
0.630906 0.0314234 0.00201596 9.9973E-05 0.0449449 9.9973E-05 0.275524 0.0148864 9.9973E-05
0.223054 9.9973E-05 9.9973E-05 0.062196 9.9973E-05 0.10957 0.101457 0.00255087 0.500872
0.256971 9.9973E-05 9.9973E-05 0.00312684 0.076247 0.0315503 0.197321 9.9973E-05 0.434484
0.431077 0.0203907 0.0614454 0.0609492 0.0930938 0.0296884 0.110126 9.9991E-05 0.19313
0.200918 0.116639 9.9973E-05 9.9973E-05 0.124715 0.0289658 0.133793 9.9973E-05 0.394669
0.387798 0.0374812 0.0473994 0.0556248 0.0737593 9.9982E-05 0.182347 9.9982E-05 0.21539
0.151547 0.056076 0.040611 9.9991E-05 0.0578669 0.0241079 0.156934 0.0647169 0.44804
0.361742 9.9964E-05 0.0438695 9.9964E-05 0.092221 9.9964E-05 0.119174 9.9964E-05 0.382594
0.269552 9.9973E-05 9.9973E-05 0.111476 0.111049 0.0212921 0.0775112 9.9973E-05 0.408819
0.307425 0.0180576 9.9973E-05 0.0659881 0.142703 9.9973E-05 0.0433139 9.9973E-05 0.422212
0.198779 9.9991E-05 0.0485718 0.0224859 0.0719568 0.0141514 0.152117 0.0461071 0.445731
0.031093 0.0515483 0.00275864 9.9973E-05 9.9973E-05 0.0681493 0.813861 9.9973E-05 0.0322896
9.9955E-05 0.033772 9.9955E-05 0.0754817 0.0578656 9.9955E-05 0.832381 9.9955E-05 9.9955E-05
9.9946E-05 9.9946E-05 9.9946E-05 0.0414897 9.9946E-05 9.9946E-05 0.910422 0.0474884 9.9946E-05
0.00536577 9.9964E-05 9.9964E-05 0.031738 9.9964E-05 0.0294623 0.871495 9.9964E-05 0.061539
0.0592781 9.9964E-05 9.9964E-05 0.113662 9.9964E-05 9.9964E-05 0.785016 0.0256206 0.0160235
9.9955E-05 0.0512711 9.9955E-05 0.0443734 0.067609 9.9955E-05 0.836247 9.9955E-05 9.9955E-05
9.9964E-05 9.9964E-05 9.9964E-05 0.0695385 0.0643802 0.0107808 0.829951 9.9964E-05 0.0249496
0.0254217 0.0795685 9.9964E-05 0.0306099 0.00844835 9.9964E-05 0.855552 9.9964E-05 9.9964E-05
9.9982E-05 0.00837243 0.0301232 0.0130003 0.0245876 9.9982E-05 0.892699 0.0034848 0.0275329
0.0335247 9.9955E-05 9.9955E-05 9.9955E-05 0.0884857 9.9955E-05 0.838681 0.0388089 9.9955E-05
9.9973E-05 0.0493263 0.0804912 0.0199254 9.9973E-05 0.082646 0.586947 0.180364 9.9973E-05
9.9964E-05 9.9964E-05 0.0471676 9.9964E-05 0.00611958 0.151747 0.582755 0.21181 9.9964E-05
0.115551 0.0151782 0.0150677 0.0112046 9.9982E-05 0.0883555 0.487151 0.267292 9.9982E-05
0.017607 0.0181858 0.0943336 0.00273081 9.9982E-05 0.101628 0.505199 0.260116 9.9982E-05
9.9955E-05 9.9955E-05 0.254739 0.0565561 9.9955E-05 9.9955E-05 9.9955E-05 0.255303 0.432902
0.0129266 0.0993823 0.283045 9.9973E-05 0.0785842 0.0675836 9.9973E-05 9.9973E-05 0.458178
9.9982E-05 0.0675183 0.0997463 9.9982E-05 0.0117475 0.0584829 0.0405374 0.206844 0.514924
9.9964E-05 9.9964E-05 0.279202 0.0150927 9.9964E-05 9.9964E-05 0.0645965 0.304682 0.336027
9.9955E-05 9.9955E-05 0.0763875 9.9955E-05 9.9955E-05 0.128115 9.9955E-05 0.684886 0.110112
9.9973E-05 0.0829566 0.20704 9.9973E-05 0.0452241 9.9973E-05 0.0727688 0.0228049 0.568906
9.9964E-05 0.0194645 0.316025 9.9964E-05 0.0144185 9.9964E-05 9.9964E-05 0.101756 0.547936
0.0675171 0.0724904 0.310911 9.9982E-05 0.0255554 0.0392999 9.9982E-05 0.0701536 0.413873
9.9955E-05 0.0923291 0.536012 9.9955E-05 0.0262477 9.9955E-05 9.9955E-05 9.9955E-05 0.344911
0.01005 0.0154832 0.142117 9.9991E-05 0.0774886 0.10147 0.0146827 0.0538148 0.584794
9.9973E-05 0.0507016 0.403357 0.0147863 9.9973E-05 0.124264 9.9973E-05 0.039711 0.36688
0.0286242 0.210832 0.759944 9.9946E-05 9.9946E-05 9.9946E-05 9.9946E-05 9.9946E-05 9.9946E-05
0.0233126 0.00479631 0.225033 0.00867543 0.0136502 0.0524006 0.0924006 0.130593 0.449139
0.104869 0.13793 0.522269 0.0243086 9.9964E-05 9.9964E-05 9.9964E-05 9.9964E-05 0.210224
0.00948356 0.101783 0.369801 9.9955E-05 9.9955E-05 9.9955E-05 9.9955E-05 9.9955E-05 0.518433
9.9964E-05 9.9964E-05 0.658626 9.9964E-05 9.9964E-05 0.0625046 0.0291434 0.189715 0.0596119
0.0597 9.9955E-05 9.9955E-05 9.9955E-05 0.00860378 0.873654 0.0575422 9.9955E-05 9.9955E-05
0.0169146 9.9955E-05 9.9955E-05 9.9955E-05 0.0187563 0.927229 9.9955E-05 9.9955E-05 0.0366002
9.993E-05 9.993E-05 9.993E-05 9.993E-05 9.993E-05 0.999201 9.993E-05 9.993E-05 9.993E-05
9.9955E-05 0.00284924 0.0461906 9.9955E-05 9.9955E-05 0.907814 0.0426462 9.9955E-05 9.9955E-05
0.000216018 0.0699849 9.9964E-05 9.9964E-05 0.0268099 0.887948 9.9964E-05 9.9964E-05 0.0146413
9.9946E-05 9.9946E-05 9.9946E-05 9.9946E-05 0.0838409 0.905266 9.9946E-05 9.9946E-05 0.0102936
9.9955E-05 9.9955E-05 9.9955E-05 0.0492419 0.00739651 9.9955E-05 0.819532 9.9955E-05 0.12333
9.9955E-05 9.9955E-05 9.9955E-05 0.011653 9.9955E-05 9.9955E-05 0.81629 0.100769 0.0707882
9.9964E-05 9.9964E-05 9.9964E-05 0.0713583 0.0771402 9.9964E-05 0.697319 0.00778537 0.145998
9.9964E-05 9.9964E-05 9.9964E-05 0.0213727 0.0988036 9.9964E-05 0.742234 0.0777173 0.0594724
9.9964E-05 9.9964E-05 9.9964E-05 0.0078315 0.0643589 9.9964E-05 0.788332 0.0242306 0.114847
0.0595926 9.9964E-05 0.0496555 9.9964E-05 9.9964E-05 0.393374 0.391559 0.105419 9.9964E-05
0.00254815 0.0770861 0.135497 0.0118873 9.9973E-05 0.346285 0.426396 9.9973E-05 9.9973E-05
9.9973E-05 0.0939819 0.086041 0.0225102 9.9973E-05 0.350781 0.402035 0.0443514 9.9973E-05
9.993E-05 9.993E-05 9.993E-05 0.999201 9.993E-05 9.993E-05 9.993E-05 9.993E-05 9.993E-05
0.00123499 0.0058745 0.143964 0.0606342 9.9973E-05 0.47176 0.316233 9.9973E-05 9.9973E-05
0.151663 9.9973E-05 9.9973E-05 9.9973E-05 0.373591 0.0153627 0.220122 0.036117 0.202844
0.0175848 0.00284013 0.0397679 0.104523 0.20343 0.0173308 0.0543289 0.0886022 0.471593
9.9955E-05 9.9955E-05 9.9955E-05 0.0388589 0.22125 9.9955E-05 0.202942 9.9955E-05 0.536449
0.0251803 9.9982E-05 0.115239 0.0106907 0.260028 0.088646 0.229186 9.9982E-05 0.270831
0.0207779 9.9982E-05 9.9982E-05 0.0257648 0.260577 0.0640697 0.136503 0.0956401 0.396467
0.234165 0.000708407 9.9955E-05 9.9955E-05 0.312548 9.9955E-05 0.452079 9.9955E-05 9.9955E-05
9.9955E-05 0.0612133 9.9955E-05 9.9955E-05 9.9955E-05 0.149074 9.9955E-05 0.367996 0.421217
0.122392 0.162153 0.137844 9.9982E-05 9.9982E-05 0.0438449 0.0046763 0.229025 0.299864
9.9964E-05 0.011254 9.9964E-05 0.0916966 9.9964E-05 0.0834654 9.9964E-05 0.611312 0.201872
0.0253506 0.245222 0.0284042 9.9982E-05 9.9982E-05 0.0458341 0.00293606 0.19433 0.457723
0.22982 0.427371 0.196093 9.9964E-05 9.9964E-05 0.00116882 9.9964E-05 0.145147 9.9964E-05
0.0157522 0.0180117 0.09471 0.0458896 9.9982E-05 0.0366694 9.9982E-05 0.26438 0.524387
0.15601 0.13124 0.0598324 0.0127877 9.9991E-05 0.0425853 0.00846435 0.149511 0.43947
9.9973E-05 0.0592805 0.037169 0.0248575 9.9973E-05 9.9973E-05 0.00454028 0.607929 0.265924
0.060079 0.0577459 0.0982386 9.9991E-05 0.0644915 0.0776842 0.0475642 0.173505 0.420591
0.233304 0.143212 0.0913508 9.9964E-05 9.9964E-05 9.9964E-05 9.9964E-05 0.474053 0.0576796
0.100509 0.145745 9.9973E-05 9.9973E-05 0.0185814 0.0983385 9.9973E-05 0.166651 0.469875
9.9982E-05 0.0716514 0.0418852 0.0228087 0.006195 0.0809921 9.9982E-05 0.280589 0.495678
0.0398379 9.9991E-05 0.112257 0.00135057 0.20084 0.0389281 0.134311 0.193608 0.278768
0.118479 0.155731 9.9964E-05 9.9964E-05 9.9964E-05 0.0303073 9.9964E-05 0.36959 0.325493
9.9982E-05 0.0649214 0.15756 9.9982E-05 0.0044688 0.0362192 0.0524275 0.295007 0.389196
0.0400308 0.180481 0.113368 9.9991E-05 0.0718687 0.0341205 0.00743799 0.0896799 0.462912
0.00908334 0.118415 0.126207 9.9982E-05 9.9982E-05 0.0661006 0.0495359 0.152226 0.478232
0.0677896 0.0676136 0.0293221 0.0253375 0.0579171 0.0725693 9.9991E-05 0.0698005 0.60955
9.9973E-05 9.9973E-05 0.0774673 0.00479204 9.9973E-05 0.0375792 0.104127 0.188463 0.587272
0.0989636 9.9982E-05 0.00271785 9.9982E-05 0.0965432 0.0647511 0.0473289 0.253958 0.435538
9.9955E-05 0.00944275 9.9955E-05 9.9955E-05 0.0700435 9.9955E-05 0.785408 9.9955E-05 0.134606
9.9964E-05 0.0552298 0.00900823 9.9964E-05 0.0276473 9.9964E-05 0.82833 9.9964E-05 0.0793845
0.0552738 0.0341212 9.9973E-05 9.9973E-05 9.9973E-05 0.0314855 0.783573 0.0294795 0.0657671
9.9982E-05 0.014707 0.0764664 0.015452 0.0622824 0.068195 0.747205 9.9982E-05 0.0154923
9.9955E-05 9.9955E-05 9.9955E-05 0.0434385 9.9955E-05 0.00203611 0.79633 9.9955E-05 0.157695
0.0478551 0.0398844 0.0169776 9.9991E-05 0.0604816 0.0369439 0.0713064 0.714315 0.012136
0.0445885 0.133245 0.0930022 0.037882 0.0373118 0.0296933 0.0216319 0.135351 0.467294
0.176228 0.0263237 9.9964E-05 9.9964E-05 0.146986 9.9964E-05 0.20518 9.9964E-05 0.444883
0.00442205 0.0805239 9.9982E-05 0.0502406 0.0388548 9.9982E-05 0.0241919 0.212565 0.589001
9.9982E-05 0.0208344 0.0202999 0.00424529 9.9982E-05 0.022281 0.0919227 0.352419 0.487798
0.077574 0.151762 9.9982E-05 0.0311698 0.0686024 0.0774497 9.9982E-05 0.393333 0.199909
0.11226 0.00875141 0.0518569 0.0293345 9.9982E-05 0.0442898 0.109526 0.643781 9.9982E-05
9.9991E-05 0.084133 0.0905878 0.00837083 0.0168166 0.0486249 0.0440642 0.27461 0.432692
9.9991E-05 0.100895 0.14067 0.0418508 0.050433 0.112565 0.0712141 0.446094 0.0361786
0.0429508 0.117423 0.114958 0.00352184 0.0300052 0.102674 0.112419 0.10145 0.374599
9.9982E-05 0.129032 0.0842623 0.0357076 9.9982E-05 0.0155534 0.140413 0.588198 0.00663392
0.025831 0.0322169 9.9991E-05 0.021262 0.0494568 0.034882 0.0733296 0.246999 0.515923
9.9982E-05 0.0562174 0.121475 0.00268648 9.9982E-05 0.0213528 0.122014 0.616669 0.0593857
0.112932 0.0531747 0.0441091 0.019549 0.0372975 0.0269341 0.0188203 0.423797 0.263386
0.206858 0.0593017 0.00732492 0.0445703 0.0225667 0.0740946 9.9991E-05 0.0843788 0.500805
0.473238 0.0343004 9.9964E-05 9.9964E-05 9.9964E-05 0.108729 9.9964E-05 0.0651731 0.31816
0.137289 9.9973E-05 0.0454464 0.0704023 9.9973E-05 0.149684 9.9973E-05 0.0507327 0.546146
0.149264 9.9982E-05 0.0994676 0.0276361 0.0189679 0.0854022 0.0275582 9.9982E-05 0.591504
0.39404 0.0888105 0.044988 9.9973E-05 9.9973E-05 0.0881333 9.9973E-05 0.00584179 0.377887
0.123113 0.0886681 0.136973 0.041646 0.119603 0.0395507 0.0248942 9.9991E-05 0.425452
0.201141 0.0692191 0.10899 0.0539103 9.9973E-05 0.0441727 9.9973E-05 9.9973E-05 0.522267
0.507154 0.11577 0.151823 9.9964E-05 9.9964E-05 0.103761 9.9964E-05 9.9964E-05 0.121092
0.527318 0.0706792 0.0756133 9.9964E-05 9.9964E-05 0.055231 9.9964E-05 9.9964E-05 0.270759
0.252879 0.112881 0.0213635 0.00129446 9.9973E-05 0.091192 9.9973E-05 9.9973E-05 0.520089
0.457701 0.0781178 0.202986 9.9973E-05 9.9973E-05 0.0417914 9.9973E-05 0.0608324 0.158271
0.279446 9.9964E-05 0.121392 9.9964E-05 9.9964E-05 0.0444251 9.9964E-05 0.115783 0.438553
9.9973E-05 0.0361276 0.127033 0.0457916 0.025122 0.050086 9.9973E-05 0.71554 9.9973E-05
0.0300698 0.247166 0.0523812 9.9982E-05 0.00905345 0.0319078 9.9982E-05 0.449666 0.179556
9.9991E-05 0.0434675 0.0909057 0.0218492 0.100513 0.0660293 0.0127168 0.437786 0.226633
0.0298992 9.9964E-05 9.9964E-05 9.9964E-05 0.0802879 0.058647 9.9964E-05 0.254641 0.576125
9.9964E-05 0.000990613 0.173231 9.9964E-05 9.9964E-05 0.116878 9.9964E-05 0.510968 0.197532
0.0464344 0.171292 9.9982E-05 0.0969519 0.0626282 0.11484 9.9982E-05 0.0390273 0.468626
0.0055791 9.9982E-05 9.9982E-05 0.0300443 0.033203 0.0366524 0.0738844 0.264532 0.555905
0.0025714 9.9973E-05 9.9973E-05 0.00954697 0.095631 0.0280334 9.9973E-05 0.447663 0.416254
9.9973E-05 0.0395228 0.0678701 9.9973E-05 0.127025 0.0340862 9.9973E-05 0.30407 0.427126
9.9973E-05 9.9973E-05 0.219206 0.056179 0.071458 0.14104 9.9973E-05 0.225369 0.286448
9.9973E-05 0.0358879 0.106069 9.9973E-05 0.115544 0.085629 9.9973E-05 0.573506 0.0830649
9.9982E-05 0.106758 0.121812 9.9982E-05 0.0838531 0.163522 0.00480644 0.315133 0.203915
0.00383705 0.0757109 9.9982E-05 9.9982E-05 0.00217519 0.062851 0.0167525 0.219399 0.619075
9.9982E-05 0.0234708 0.0355087 9.9982E-05 0.015798 0.0266485 0.0649017 0.257473 0.575999
0.0827694 0.15499 0.037418 0.0344394 9.9991E-05 0.0375675 0.000478471 0.287285 0.364953
9.9973E-05 0.11339 9.9973E-05 0.0301031 0.0329792 0.0628586 9.9973E-05 0.280361 0.480008
0.056961 9.9982E-05 9.9982E-05 0.0393231 0.0158598 0.0914327 0.0338425 0.445257 0.317124
0.0353148 0.0259714 9.9973E-05 9.9973E-05 0.0180584 0.0886093 9.9973E-05 0.232374 0.599372
9.9964E-05 9.9964E-05 9.9964E-05 0.0249791 0.13547 0.13587 9.9964E-05 0.286489 0.416792
0.0410549 0.123225 9.9982E-05 0.0207518 0.180633 0.091413 9.9982E-05 0.170423 0.372299
0.00712458 9.9991E-05 0.0537707 0.0635965 0.0638218 0.0120049 0.318932 0.0193285 0.461321
0.0836781 0.0193408 0.0152501 0.0358775 0.167365 0.0198636 0.119455 9.9991E-05 0.53907
0.0849663 9.9982E-05 0.125603 0.0517754 0.0977499 9.9982E-05 0.144686 0.0324557 0.462564
0.0268713 0.130389 0.00939095 0.0343005 0.0734157 0.0500389 0.0704672 0.0820482 0.523079
0.0464065 0.0636128 0.0260398 0.0460754 0.271827 9.9991E-05 0.106741 0.112016 0.327181
0.0928288 0.171441 0.0108414 9.9982E-05 0.040671 0.0178869 9.9982E-05 0.304193 0.361938
9.9991E-05 0.0256683 0.157709 0.00938954 0.0973224 0.0136947 0.0726826 0.0751883 0.548245
0.503217 9.9973E-05 0.0942777 9.9973E-05 0.145703 9.9973E-05 0.148534 0.106233 0.00173547
0.0546461 9.9982E-05 9.9982E-05 0.0248215 0.180942 0.0633741 0.0395407 0.185321 0.451154
0.0131817 0.0458886 0.0672983 0.0095442 0.221028 0.058042 0.126638 0.0603987 0.397981
9.9973E-05 0.0729339 9.9973E-05 0.0262159 0.211064 9.9973E-05 0.0229122 0.233755 0.43282
0.187425 9.9982E-05 0.0531726 0.0613771 0.0561601 9.9982E-05 0.105484 0.217025 0.319156
0.0274381 0.0498729 9.9982E-05 0.031399 0.105652 9.9982E-05 0.165665 0.0226835 0.597089
0.0705056 0.0175484 0.00744791 0.0752335 0.153636 9.9991E-05 0.118586 0.0448518 0.512091
0.375563 0.00826243 9.9964E-05 0.0488374 0.195925 9.9964E-05 0.371012 9.9964E-05 9.9964E-05
0.00902229 0.0368679 0.00243402 0.108474 0.156523 9.9991E-05 0.143349 0.0908085 0.452421
0.0140782 0.0745491 9.9982E-05 9.9982E-05 0.144525 0.0448951 0.168248 0.0353192 0.518186
0.104307 0.0579085 0.0353534 9.9982E-05 0.156175 9.9982E-05 0.0952261 0.035477 0.515353
0.0799314 9.9964E-05 9.9964E-05 0.00721556 0.118347 9.9964E-05 0.177327 9.9964E-05 0.616779
0.0394515 0.10124 9.9982E-05 0.0275345 0.13637 9.9982E-05 0.140721 0.0641913 0.490292
9.9973E-05 0.385943 9.9973E-05 0.0487249 9.9973E-05 0.0254764 0.00409262 0.0568372 0.478626
9.9973E-05 0.234311 0.0759775 9.9973E-05 0.0406481 9.9973E-05 0.112178 0.0852162 0.45137
9.9946E-05 0.763434 0.124062 9.9946E-05 9.9946E-05 9.9946E-05 9.9946E-05 0.111905 9.9946E-05
9.9946E-05 0.929264 0.00441358 9.9946E-05 9.9946E-05 9.9946E-05 9.9946E-05 0.0657224 9.9946E-05
9.9973E-05 0.36162 0.0678972 0.040206 0.0593726 9.9973E-05 9.9973E-05 0.119752 0.350852
0.0640743 0.171733 9.9973E-05 9.9973E-05 0.255461 0.000954475 0.141004 9.9973E-05 0.366472
0.0700319 0.229594 9.9973E-05 0.00486614 0.336099 9.9973E-05 0.0667757 9.9973E-05 0.292333
0.173263 0.15906 9.9982E-05 0.0113095 0.377243 9.9982E-05 0.129057 0.0680911 0.0817761
9.9973E-05 0.229 9.9973E-05 0.0902578 0.291011 9.9973E-05 0.0891978 0.030348 0.269886
0.140824 0.669217 9.9964E-05 9.9964E-05 0.0738364 9.9964E-05 0.0800949 9.9964E-05 0.0356272
0.0829157 0.692532 9.9973E-05 0.0659184 0.104557 9.9973E-05 0.00757884 9.9973E-05 0.046199
9.9964E-05 0.33466 0.0680776 0.0366643 0.0991413 9.9964E-05 9.9964E-05 9.9964E-05 0.461057
9.9955E-05 0.466264 9.9955E-05 9.9955E-05 0.0889887 9.9955E-05 0.0341299 9.9955E-05 0.410118
9.9955E-05 0.751344 9.9955E-05 0.0696863 0.0866563 9.9955E-05 9.9955E-05 9.9955E-05 0.0918134
9.9982E-05 0.289247 0.086979 0.0346578 0.164337 0.0207848 9.9982E-05 0.0237613 0.380033
9.9964E-05 0.419244 0.0223591 9.9964E-05 0.0724984 9.9964E-05 0.00240649 9.9964E-05 0.483092
0.0158369 0.126047 0.0674454 0.0399317 0.148245 9.9991E-05 0.0336087 0.186077 0.382709
9.9946E-05 0.574473 9.9946E-05 9.9946E-05 9.9946E-05 9.9946E-05 9.9946E-05 0.119969 0.304959
0.00536535 0.453556 9.9973E-05 0.0383835 0.0151954 9.9973E-05 9.9973E-05 0.213771 0.273429
9.9973E-05 0.327037 9.9973E-05 0.0586836 0.0679105 0.0247838 0.0224559 9.9973E-05 0.498829
0.0792537 0.331322 0.0285719 0.0338206 0.0513028 0.0922073 9.9991E-05 0.032951 0.35047
0.102026 0.0979448 0.193199 0.00974454 0.198737 9.9991E-05 0.0443371 0.0748405 0.27907
0.0354461 0.411145 9.9955E-05 9.9955E-05 9.9955E-05 9.9955E-05 9.9955E-05 0.0784129 0.474496
9.9955E-05 0.720475 9.9955E-05 9.9955E-05 9.9955E-05 0.0853681 9.9955E-05 0.00608354 0.187574
9.9964E-05 0.338596 0.0815284 0.00598712 9.9964E-05 9.9964E-05 0.04297 9.9964E-05 0.530518
0.0661619 0.179436 9.9991E-05 0.0318674 0.126345 0.134218 0.0261136 0.0160286 0.419729
9.9955E-05 0.684845 0.0204409 9.9955E-05 9.9955E-05 0.0631327 9.9955E-05 9.9955E-05 0.231081
0.00571351 0.513934 9.9964E-05 0.029077 9.9964E-05 0.0830913 9.9964E-05 9.9964E-05 0.367784
9.9982E-05 0.315588 0.0434324 0.0778221 0.0744183 0.0466038 0.00449104 9.9982E-05 0.437444
9.9973E-05 0.364601 0.11432 0.00835985 0.000695095 9.9973E-05 9.9973E-05 0.0730459 0.438678
0.0209911 0.0775733 0.0107279 0.0305386 0.107106 0.0190117 0.116082 0.0767345 0.541235
0.0760742 0.1563 9.9964E-05 9.9964E-05 0.0910329 9.9964E-05 0.161619 9.9964E-05 0.514574
0.0991618 0.157367 9.9982E-05 0.0113672 0.228986 0.0376468 0.131985 9.9982E-05 0.333286
0.0149073 0.130827 0.0118614 0.0661047 0.191893 0.0596504 0.151567 0.0546704 0.318518
9.9982E-05 0.0426478 9.9982E-05 0.00483689 0.180789 0.117719 0.173985 0.0736665 0.406156
0.0549513 0.157089 9.9982E-05 0.0531096 0.141104 0.0150798 0.139618 9.9982E-05 0.438849
0.0556885 0.603161 9.9973E-05 0.012912 0.113608 0.0356403 0.178691 9.9973E-05 9.9973E-05
9.9982E-05 0.0801238 0.00335284 0.0125205 0.234535 0.091825 0.0382353 9.9982E-05 0.539208
0.156606 0.402568 9.9955E-05 9.9955E-05 0.105399 9.9955E-05 0.334929 9.9955E-05 9.9955E-05
9.9955E-05 0.266906 9.9955E-05 9.9955E-05 0.180589 9.9955E-05 0.0920699 9.9955E-05 0.459936
0.0141659 0.803603 0.0920682 9.9955E-05 9.9955E-05 9.9955E-05 9.9955E-05 9.9955E-05 0.089663
9.9946E-05 0.900528 0.0698728 0.0289995 9.9946E-05 9.9946E-05 9.9946E-05 9.9946E-05 9.9946E-05
9.99669E-05 0.478643 0.0435647 9.99669E-05 0.00228109 9.99669E-05 9.99669E-05 0.0150022 0.46011
9.9964E-05 0.320171 9.9964E-05 0.00168606 0.00777899 9.9964E-05 0.0507937 9.9964E-05 0.619171
9.9946E-05 0.553354 9.9946E-05 9.9946E-05 9.9946E-05 9.9946E-05 9.9946E-05 0.0877993 0.358247
9.9982E-05 0.526037 0.0613808 9.9982E-05 0.018447 0.000510763 0.00606978 0.00950341 0.377852
9.9955E-05 0.470017 0.0156121 9.9955E-05 9.9955E-05 9.9955E-05 9.9955E-05 0.0135882 0.500283
9.9964E-05 0.106041 9.9964E-05 0.0916791 9.9964E-05 0.0211309 0.727148 9.9964E-05 0.0536016
9.9973E-05 0.0352194 9.9973E-05 0.0164772 0.126146 0.0696122 0.679392 0.0728534 9.9973E-05
9.9973E-05 9.9973E-05 9.9973E-05 0.0278658 0.0392542 0.0126693 0.85762 0.0124908 0.0498002
9.9946E-05 9.9946E-05 9.9946E-05 0.136384 9.9946E-05 9.9946E-05 0.806147 9.9946E-05 0.0568687
0.0161599 0.0309378 0.354923 0.0424992 9.9982E-05 9.9982E-05 0.0481984 0.0104244 0.496658
9.9973E-05 0.0288278 0.349382 9.9973E-05 0.0335228 9.9973E-05 0.0991032 0.0357022 0.453162
9.9964E-05 0.0540032 0.391139 0.0481394 9.9964E-05 9.9964E-05 9.9964E-05 0.0645743 0.441744
9.9964E-05 9.9964E-05 0.256718 0.0814956 0.0193561 9.9964E-05 0.00771661 9.9964E-05 0.634314
0.0581269 9.9982E-05 0.18611 9.9982E-05 0.0796585 0.123549 0.0899059 0.00150522 0.460945
0.019035 0.0456341 0.541802 9.9991E-05 0.0210505 0.0690726 0.00661758 0.0858786 0.210809
9.9946E-05 9.9946E-05 0.412081 9.9946E-05 0.0432714 9.9946E-05 9.9946E-05 9.9946E-05 0.544047
0.117035 0.0586852 0.417027 0.0147921 9.9973E-05 0.0129416 9.9973E-05 9.9973E-05 0.379219
0.0685831 0.0437714 9.9982E-05 0.0192827 0.17676 9.9982E-05 0.203803 0.0619786 0.42562
0.0405836 0.165592 0.307372 9.9973E-05 0.0419045 9.9973E-05 9.9973E-05 0.0923343 0.351914
9.9955E-05 9.9955E-05 0.53688 0.0481421 9.9955E-05 9.9955E-05 9.9955E-05 0.0665729 0.347905
9.9973E-05 0.0897866 0.330215 9.9973E-05 9.9973E-05 0.00108285 0.00298494 0.00898987 0.56664
9.9973E-05 0.0732351 0.384979 9.9973E-05 9.9973E-05 0.0164604 0.0718141 0.0487515 0.40446
0.0119839 0.0380081 0.357694 0.0202006 0.0476705 9.9973E-05 9.9973E-05 9.9973E-05 0.524143
9.9973E-05 9.9973E-05 0.243433 0.0205156 9.9973E-05 0.0597411 0.0893094 0.00320433 0.583496
0.043247 0.0524886 0.778706 9.9955E-05 9.9955E-05 9.9955E-05 9.9955E-05 9.9955E-05 0.125059
0.0929134 0.0711251 0.480118 0.0140881 9.9991E-05 0.0245976 0.00330289 0.065797 0.247958
0.0140954 0.0278129 0.557513 9.9991E-05 0.00323954 0.00257697 0.00814123 0.0232571 0.363264
0.126359 0.0657958 0.807245 9.9946E-05 9.9946E-05 9.9946E-05 9.9946E-05 9.9946E-05 9.9946E-05
0.00559177 0.0532722 0.368536 0.0025069 9.9991E-05 0.0169315 0.0176917 0.0797731 0.455597
0.246058 9.9955E-05 0.585533 9.9955E-05 9.9955E-05 0.0403422 9.9955E-05 9.9955E-05 0.127567
0.234664 0.122217 0.642519 9.9946E-05 9.9946E-05 9.9946E-05 9.9946E-05 9.9946E-05 9.9946E-05
9.9973E-05 0.00203881 0.329531 0.0380169 0.038636 0.0342875 9.9973E-05 9.9973E-05 0.55719
9.9955E-05 9.9955E-05 0.636898 9.9955E-05 9.9955E-05 9.9955E-05 0.0339283 0.136852 0.191822
9.9964E-05 9.9964E-05 0.408839 9.9964E-05 0.0564028 0.0946473 9.9964E-05 0.0595351 0.380176
9.9973E-05 9.9973E-05 0.152582 0.101179 0.0466122 0.0711498 9.9973E-05 0.0553843 0.572793
9.9964E-05 9.9964E-05 0.336253 9.9964E-05 9.9964E-05 0.0830293 0.00952259 0.0503439 0.520451
0.125725 0.0780025 9.9973E-05 0.00350544 9.9973E-05 0.066294 9.9973E-05 0.409778 0.316395
9.9973E-05 0.142253 0.271388 9.9973E-05 0.0316625 0.028085 9.9973E-05 0.018331 0.50798
9.9973E-05 9.9973E-05 0.380931 0.0491247 9.9973E-05 0.0155522 0.0255299 0.111335 0.417226
0.0544609 9.9955E-05 0.63233 0.0119703 9.9955E-05 9.9955E-05 9.9955E-05 9.9955E-05 0.300739
0.0227629 0.144921 0.223241 0.0329036 0.076608 9.9982E-05 0.0326852 9.9982E-05 0.466678
0.0857372 9.9964E-05 9.9964E-05 0.0304805 9.9964E-05 0.143155 0.57128 0.168947 9.9964E-05
0.0100924 9.9982E-05 0.0872752 0.0350939 9.9982E-05 0.0768483 0.706225 0.0291757 0.0550899
0.0384582 9.9964E-05 9.9964E-05 0.134276 9.9964E-05 0.0471301 0.713065 0.0666706 9.9964E-05
0.00607922 0.0590005 9.9964E-05 0.103585 9.9964E-05 0.149105 0.681831 9.9964E-05 9.9964E-05
0.00667356 9.9982E-05 0.0254709 0.0628968 9.9982E-05 0.173316 0.679281 0.0185641 0.0335974
9.9973E-05 9.9973E-05 0.668755 9.9973E-05 0.0121698 0.0168518 0.0587381 0.147937 0.0952479
