0.123438 0.0233658 9.9955E-05 9.9955E-05 9.9955E-05 0.024267 0.811343 9.9955E-05 0.0170866 9.9955E-05
9.9955E-05 0.0208151 9.9955E-05 0.0348116 0.00491138 9.9955E-05 0.922612 0.0163498 9.9955E-05 9.9955E-05
0.0614951 9.9955E-05 0.0110827 9.9955E-05 9.9955E-05 0.0126094 0.774519 9.9955E-05 9.9955E-05 0.139794
9.9955E-05 0.0350764 0.0403841 9.9955E-05 9.9955E-05 0.0561309 0.788505 9.9955E-05 9.9955E-05 0.0794037
0.0760529 0.0659018 0.047518 9.9964E-05 0.00370026 9.9964E-05 0.785798 9.9964E-05 9.9964E-05 0.0206294
9.9955E-05 0.0760024 0.0537256 9.9955E-05 9.9955E-05 9.9955E-05 0.546557 0.249223 0.0739929 9.9955E-05
9.9937E-05 9.9937E-05 9.9937E-05 9.9937E-05 9.9937E-05 9.9937E-05 0.774096 0.126412 0.0987922 9.9937E-05
9.9946E-05 0.0415057 0.0459378 9.9946E-05 9.9946E-05 9.9946E-05 0.692059 0.219898 9.9946E-05 9.9946E-05
0.0843403 0.0441445 9.99639E-05 0.0867377 0.00344645 0.012287 0.768644 9.99639E-05 9.99639E-05 9.99639E-05
9.9964E-05 0.036807 0.0956435 9.9964E-05 0.0460974 9.9964E-05 0.646767 0.0748184 0.099467 9.9964E-05
9.9946E-05 0.0917622 9.9946E-05 9.9946E-05 9.9946E-05 9.9946E-05 0.698729 0.164453 0.0444556 9.9946E-05
9.9964E-05 0.0207832 9.9964E-05 0.0217965 9.9964E-05 0.0474057 9.9964E-05 0.0101019 0.824971 0.0745414
0.0916153 0.00936228 9.9955E-05 9.9955E-05 9.9955E-05 0.14397 9.9955E-05 9.9955E-05 0.294502 0.460051
0.00344405 0.0587098 9.9973E-05 9.9973E-05 0.0477392 0.0461118 0.00675359 9.9973E-05 0.769761 0.0671806
0.0220692 9.9946E-05 0.054681 9.9946E-05 9.9946E-05 9.9946E-05 9.9946E-05 9.9946E-05 0.835828 0.0868221
0.0104157 9.9964E-05 0.121064 9.9964E-05 0.0316382 9.9964E-05 0.0405538 9.9964E-05 0.54959 0.246338
0.0706482 0.0169478 9.9955E-05 9.9955E-05 0.0459586 9.9955E-05 9.9955E-05 9.9955E-05 0.346859 0.519087
0.0513844 9.9982E-05 0.0493199 0.0933644 0.0131851 9.9982E-05 0.0100389 0.00522557 0.48015 0.297132
0.0378349 9.9964E-05 9.9964E-05 0.0346286 9.9964E-05 0.0393345 0.0776972 9.9964E-05 0.655146 0.154959
9.9955E-05 0.00893853 9.9955E-05 9.9955E-05 9.9955E-05 0.184995 0.0174742 0.0558225 0.73227 9.9955E-05
0.0886645 0.0845314 0.0065656 0.101036 0.0817403 0.0139857 9.9982E-05 9.9982E-05 0.35857 0.264706
0.062565 0.0335176 0.00958899 0.0357587 0.070414 9.9982E-05 9.9982E-05 0.104608 0.326151 0.357196
0.0299507 0.0245866 9.9991E-05 0.0396764 0.0193871 0.146959 0.00418769 0.0452468 0.211027 0.478878
9.9946E-05 0.0409681 0.0107305 9.9946E-05 9.9946E-05 9.9946E-05 9.9946E-05 9.9946E-05 0.908311 0.0393904
9.9955E-05 9.9955E-05 9.9955E-05 0.0546342 0.026988 9.9955E-05 0.0621604 9.9955E-05 0.281311 0.574407
9.9973E-05 0.00380266 0.0459331 9.9973E-05 0.0339356 0.0360978 9.9973E-05 0.0202032 0.475864 0.383864
9.9937E-05 9.9937E-05 9.9937E-05 9.9937E-05 9.9937E-05 0.0264394 0.0163922 9.9937E-05 0.956469 9.9937E-05
9.9946E-05 9.9946E-05 0.0700194 9.9946E-05 9.9946E-05 0.00542512 0.00923173 9.9946E-05 0.914724 9.9946E-05
9.9955E-05 9.9955E-05 9.9955E-05 9.9955E-05 0.0360699 0.0562432 9.9955E-05 0.0672592 0.801935 0.037993
9.9946E-05 9.9946E-05 0.0925702 9.9946E-05 9.9946E-05 9.9946E-05 0.805235 9.9946E-05 0.0764965 0.0250987
9.9946E-05 9.9946E-05 0.0281844 9.9946E-05 9.9946E-05 9.9946E-05 0.81357 9.9946E-05 0.127741 0.0299048
9.9964E-05 9.9964E-05 0.0796152 0.0451944 9.9964E-05 0.0149174 0.729369 9.9964E-05 0.0515671 0.0789367
9.9946E-05 9.9946E-05 0.131438 0.114997 9.9946E-05 9.9946E-05 0.702911 9.9946E-05 9.9946E-05 0.0500542
9.9973E-05 0.0129886 9.9973E-05 0.318843 0.0156525 0.104107 0.0645117 0.0250655 9.9973E-05 0.458531
9.9955E-05 9.9955E-05 0.00610057 0.320224 9.9955E-05 9.9955E-05 0.0976587 9.9955E-05 0.125168 0.450349
9.9973E-05 0.0724807 0.0195678 0.319329 0.0539432 9.9973E-05 0.00570188 0.00937942 9.9973E-05 0.519298
9.9964E-05 9.9964E-05 9.9964E-05 0.115529 9.9964E-05 0.557072 0.0909181 0.0257619 0.0869123 0.123407
9.9964E-05 9.9964E-05 0.0690431 0.554918 9.9964E-05 0.00702169 0.00364572 0.0632857 9.9964E-05 0.301686
9.9973E-05 0.0367146 9.9973E-05 0.0617266 0.0486723 0.124483 0.0926498 9.9973E-05 0.124369 0.511085
0.0614314 0.0215224 0.0724687 0.246773 9.9964E-05 9.9964E-05 9.9964E-05 0.00311824 9.9964E-05 0.594286
9.9973E-05 0.0755553 9.9973E-05 0.0403749 9.9973E-05 0.00969897 0.0449026 0.255131 0.0514746 0.522563
9.9973E-05 0.0329766 0.0369423 0.0973485 9.9973E-05 0.0536128 0.0537363 0.20363 9.9973E-05 0.521453
0.0802188 9.9955E-05 9.9955E-05 0.625517 9.9955E-05 0.142861 9.9955E-05 9.9955E-05 0.0174141 0.13349
9.9964E-05 9.9964E-05 0.0153375 0.052148 9.9964E-05 9.9964E-05 0.0101105 0.282756 0.139809 0.499439
9.9964E-05 9.9964E-05 0.119122 0.222818 9.9964E-05 0.0768852 0.0753521 0.0425861 9.9964E-05 0.462837
9.9964E-05 9.9964E-05 0.0494489 0.172015 0.0472433 0.0650656 0.131181 9.9964E-05 9.9964E-05 0.534647
0.0240085 9.9946E-05 9.9946E-05 0.625702 0.0462314 9.9946E-05 9.9946E-05 9.9946E-05 9.9946E-05 0.303459
0.0158393 0.0325282 0.0199256 0.305265 0.028186 0.00651925 9.9973E-05 9.9973E-05 9.9973E-05 0.591437
9.9982E-05 9.9982E-05 0.000890959 0.140892 0.0729061 0.0361585 0.0508928 0.0143614 0.157095 0.526603
0.139705 9.9964E-05 9.9964E-05 0.740999 0.0139006 0.0521532 0.0288022 0.0240409 9.9964E-05 9.9964E-05
0.0504828 0.0775182 9.9982E-05 0.196368 0.0633295 0.314137 9.9982E-05 0.0568711 0.180558 0.0605362
0.124287 9.9973E-05 9.9973E-05 0.170821 0.152768 0.103292 9.9973E-05 0.214711 0.227372 0.00644847
0.110817 9.99665E-05 9.99665E-05 0.0802194 9.99665E-05 0.10197 9.99665E-05 0.055716 0.111507 0.539371
9.9964E-05 9.9964E-05 0.051292 9.9964E-05 0.0532736 0.149106 0.0409736 0.150618 9.9964E-05 0.554337
0.146902 0.0015501 9.9991E-05 0.0275074 0.0100818 0.086681 0.0100999 0.09473 0.000710194 0.621638
0.0520801 0.0954096 9.9982E-05 0.243416 9.9982E-05 0.284455 0.0857118 0.0720918 0.0954644 0.0711715
0.00650799 0.0524486 9.9973E-05 0.0884289 9.9973E-05 0.188394 9.9973E-05 0.0314286 0.0849826 0.547509
0.130305 0.0108355 0.0238134 0.0141096 9.9973E-05 0.0809214 9.9973E-05 9.9973E-05 0.143229 0.596486
9.9982E-05 0.0459057 9.9982E-05 0.135373 0.0106751 0.134411 0.0915232 0.0860714 0.180474 0.315366
0.0634168 0.0528767 9.9982E-05 0.100086 9.9982E-05 0.189593 0.176675 0.0886821 0.290518 0.0379522
0.0799608 9.9973E-05 0.0868165 0.057421 9.9973E-05 0.100656 9.9973E-05 0.0894963 0.145757 0.439593
0.241478 0.0874827 9.9964E-05 0.0672151 9.9964E-05 0.143903 9.9964E-05 9.9964E-05 0.12577 0.333751
9.9973E-05 0.0856155 9.9973E-05 0.167601 0.0564485 0.172528 0.0331048 0.100419 0.383983 9.9973E-05
0.0268595 0.0298673 9.9964E-05 0.0984352 9.9964E-05 0.190163 9.9964E-05 9.9964E-05 0.259463 0.394812
0.0793925 9.9982E-05 0.0870325 0.0431771 0.117116 0.100007 9.9982E-05 0.0188711 0.0755027 0.478701
0.105874 0.00754307 0.0117428 9.9982E-05 0.0449365 0.102837 0.0867571 0.109961 9.9982E-05 0.530148
0.0533965 9.9973E-05 0.0669476 0.166132 9.9973E-05 0.23953 9.9973E-05 0.0642801 0.269859 0.139555
0.0235987 0.0198117 0.0371059 0.178617 9.9973E-05 9.9973E-05 9.9973E-05 0.0549874 0.368937 0.316643
9.9973E-05 0.0666167 9.9973E-05 0.098513 0.0456347 0.138629 0.0769085 0.0230691 9.9973E-05 0.550329
0.0410164 9.9973E-05 9.9973E-05 0.141488 0.0184071 0.292759 9.9973E-05 0.200684 0.2333 0.0720458
9.9937E-05 9.9937E-05 9.9937E-05 0.33413 9.9937E-05 0.0888134 9.9937E-05 9.9937E-05 9.9937E-05 0.576357
9.9964E-05 9.9964E-05 9.9964E-05 0.553928 9.9964E-05 0.0763229 0.0160191 0.0362587 0.141293 0.175779
0.0323896 9.9973E-05 9.9973E-05 0.135191 0.0492209 0.107029 0.053705 9.9973E-05 0.00965293 0.612512
0.0545971 0.00154968 9.9955E-05 0.789559 9.9955E-05 9.9955E-05 9.9955E-05 0.108895 0.0448999 9.9955E-05
9.9955E-05 9.9955E-05 9.9955E-05 0.753607 0.0684277 9.9955E-05 0.00302842 0.0609927 0.113444 9.9955E-05
9.99371E-05 0.015566 9.99371E-05 0.668093 9.99371E-05 9.99371E-05 9.99371E-05 9.99371E-05 9.99371E-05 0.315642
9.9964E-05 0.0447333 9.9964E-05 0.433697 9.9964E-05 0.0301731 9.9964E-05 0.000110532 0.0170839 0.473802
9.9973E-05 0.0210256 0.0886148 0.187416 9.9973E-05 0.0535022 0.0489689 9.9973E-05 0.107115 0.493058
0.0123746 0.00389966 9.9964E-05 0.418287 9.9964E-05 0.000960793 9.9964E-05 9.9964E-05 0.130424 0.433655
9.9973E-05 0.0968739 0.0295501 0.576592 9.9973E-05 0.0115806 0.0501355 9.9973E-05 0.127687 0.107281
9.9964E-05 0.10467 0.0314292 0.519065 9.9964E-05 0.158721 0.02229 9.9964E-05 9.9964E-05 0.163426
0.0122839 0.0286995 0.0514052 0.207342 9.9982E-05 0.0138607 0.110068 9.9982E-05 0.0686272 0.507514
9.9964E-05 0.0266509 0.0599745 0.504642 9.9964E-05 9.9964E-05 0.0376596 9.9964E-05 0.127314 0.243359
9.9982E-05 0.0496722 9.9982E-05 0.283012 0.003075 0.0167986 0.0526523 0.0650112 0.105346 0.424233
9.9955E-05 9.9955E-05 9.9955E-05 0.480255 0.088215 9.9955E-05 0.0186978 0.00789679 9.9955E-05 0.404436
0.134263 0.0174745 9.9946E-05 0.770654 0.0770088 9.9946E-05 9.9946E-05 9.9946E-05 9.9946E-05 9.9946E-05
9.9973E-05 0.0603044 0.0377009 0.292047 9.9973E-05 0.0383255 0.000186215 0.0118721 9.9973E-05 0.559263
9.9955E-05 0.0371853 0.0616831 9.9955E-05 9.9955E-05 9.9955E-05 0.776406 9.9955E-05 0.0298416 0.0943846
9.99281E-05 9.99281E-05 9.99281E-05 9.99281E-05 9.99281E-05 9.99281E-05 0.89265 9.99281E-05 9.99281E-05 0.106551
0.0671801 9.9937E-05 9.9937E-05 9.9937E-05 9.9937E-05 9.9937E-05 0.82271 9.9937E-05 9.9937E-05 0.10941
0.161156 9.9937E-05 9.9937E-05 9.9937E-05 9.9937E-05 9.9937E-05 0.762244 9.9937E-05 9.9937E-05 0.0758999
0.0532834 0.0428834 9.9955E-05 9.9955E-05 0.0174566 9.9955E-05 0.795021 9.9955E-05 9.9955E-05 0.0908556
0.0422215 0.0531476 9.9946E-05 9.9946E-05 9.9946E-05 9.9946E-05 0.787241 9.9946E-05 9.9946E-05 0.116791
9.9955E-05 9.9955E-05 9.9955E-05 9.9955E-05 0.0464437 0.00129845 0.866953 0.00206528 9.9955E-05 0.0827397
0.110125 9.9973E-05 0.00656974 0.134068 9.9973E-05 0.101566 0.101991 9.9973E-05 0.0043614 0.541019
0.0415099 0.0629154 0.0472005 0.0856357 0.00221173 0.0407145 0.038042 0.0920133 0.106761 0.482996
9.9973E-05 0.0057676 9.9973E-05 0.726171 0.0418288 0.0937053 0.0174068 9.9973E-05 0.0621435 0.0526776
0.0266482 9.9982E-05 0.036006 0.208604 0.0105027 9.9982E-05 0.0744056 0.101482 0.02499 0.517162
9.9964E-05 9.9964E-05 9.9964E-05 0.373921 9.9964E-05 0.00915429 0.00137583 0.0727359 0.0949714 0.447441
9.9955E-05 0.0228053 9.9955E-05 0.243114 9.9955E-05 9.9955E-05 0.0327499 0.102216 9.9955E-05 0.598615
9.9973E-05 9.9973E-05 0.0351597 0.17673 0.0773725 9.9973E-05 0.0771898 0.0432309 0.0602 0.529817
9.9955E-05 9.9955E-05 0.151451 0.453434 0.0396407 9.9955E-05 0.00140509 9.9955E-05 9.9955E-05 0.35357
9.9955E-05 0.0825495 9.9955E-05 0.678324 9.9955E-05 0.0104873 0.0582747 9.9955E-05 0.169864 9.9955E-05
0.115439 9.9955E-05 9.9955E-05 0.154586 9.9955E-05 9.9955E-05 0.0426895 9.9955E-05 0.124694 0.562091
9.9991E-05 0.0795836 0.0733272 0.205303 0.0630018 0.000784284 0.0428132 0.0242368 0.00591634 0.504933
0.0355449 0.0181017 0.0153906 9.9982E-05 0.103266 0.114999 0.045002 9.9982E-05 0.0860701 0.581426
0.0224838 0.0435727 0.0949948 0.504657 0.023018 9.9982E-05 9.9982E-05 0.046387 0.00957745 0.255109
9.9973E-05 0.00540647 0.027888 0.352381 0.070759 9.9973E-05 0.00798322 0.0253182 9.9973E-05 0.509964
9.9946E-05 0.0547412 9.9946E-05 0.351922 9.9946E-05 9.9946E-05 9.9946E-05 9.9946E-05 0.18618 0.406557
9.9946E-05 9.9946E-05 0.0817736 0.627148 9.9946E-05 9.9946E-05 9.9946E-05 9.9946E-05 0.00172076 0.288757
9.9955E-05 9.9955E-05 9.9955E-05 0.412532 9.9955E-05 0.0738938 0.104741 9.9955E-05 0.0298017 0.378532
9.9973E-05 0.0288027 0.0102081 0.102601 0.0638067 0.145504 0.0500967 9.9973E-05 9.9973E-05 0.59868
0.0956172 9.9973E-05 0.00676833 0.0790883 0.200028 0.383342 9.9973E-05 9.9973E-05 0.0441651 0.190691
0.155885 0.0814307 0.0223703 9.9982E-05 9.9982E-05 0.228771 0.0307167 0.0723536 0.0501941 0.358079
9.9964E-05 9.9964E-05 9.9964E-05 9.9964E-05 0.115358 0.155169 0.134264 0.0580909 0.00947316 0.527245
0.0162123 9.9991E-05 0.0281232 0.115653 0.0589176 0.106183 0.0304959 0.0556294 0.0519452 0.53674
9.9964E-05 9.9964E-05 9.9964E-05 9.9964E-05 0.119209 0.404991 0.00804387 0.00723451 0.0545776 0.405544
9.9982E-05 0.075895 9.9982E-05 0.0201278 0.0185088 0.171065 0.0207107 0.0114312 0.158204 0.523858
9.9964E-05 0.00444813 9.9964E-05 9.9964E-05 0.056246 0.440405 0.0295328 9.9964E-05 0.0519236 0.417045
9.9973E-05 0.0356853 9.9973E-05 0.0569423 0.0923198 0.161801 0.159512 0.0633115 9.9973E-05 0.430128
0.0467174 0.075174 0.0954687 0.0283037 0.0183073 0.175094 9.9982E-05 0.121406 9.9982E-05 0.439329
9.9964E-05 9.9964E-05 9.9964E-05 0.0734299 9.9964E-05 0.271045 0.027789 0.0888164 0.0105434 0.527977
9.9982E-05 0.0513979 9.9982E-05 0.00554816 0.0147033 0.376842 0.0280234 0.00694621 0.0338367 0.482502
0.106875 0.0588334 9.9973E-05 9.9973E-05 0.0348318 0.0849342 9.9973E-05 0.046199 0.095453 0.572574
0.0130522 0.0522016 0.0139103 0.00812031 0.11863 0.0900831 0.12948 0.0742817 9.9991E-05 0.500141
9.9964E-05 9.9964E-05 0.0267858 0.120726 0.0295822 0.255342 9.9964E-05 9.9964E-05 0.0502491 0.516915
0.0357364 9.9973E-05 9.9973E-05 9.9973E-05 0.126002 0.145188 0.0542292 0.0408407 0.00800647 0.589697
0.0619199 0.0303956 0.0403998 0.0153551 0.0831761 0.151765 0.0222393 9.9982E-05 9.9982E-05 0.594549
9.9982E-05 0.00397847 0.0138014 9.9982E-05 0.0811184 0.378679 0.0612625 0.136378 0.0503715 0.274211
0.0317499 0.00150402 9.9955E-05 0.0827679 9.9955E-05 0.312227 9.9955E-05 9.9955E-05 9.9955E-05 0.571251
9.9955E-05 9.9955E-05 0.00920825 9.9955E-05 0.0556709 0.256576 0.0103649 9.9955E-05 9.9955E-05 0.66768
9.9982E-05 9.9982E-05 0.0890766 0.108395 0.0577455 0.441644 0.00337394 0.113412 0.0263585 0.159795
0.194359 9.9964E-05 9.9964E-05 0.0524807 0.162686 0.366136 9.9964E-05 0.111118 9.9964E-05 0.112821
9.9982E-05 0.0920717 0.0168296 0.0345314 0.0897355 0.075197 9.9982E-05 0.0566008 0.118257 0.516578
0.0192624 0.0946625 0.114989 0.186344 0.255624 0.287693 9.9973E-05 0.0411249 9.9973E-05 9.9973E-05
9.9964E-05 9.9964E-05 9.9964E-05 0.15346 9.9964E-05 0.460154 0.0521447 0.0692921 0.107345 0.157205
9.9973E-05 0.0664437 9.9973E-05 0.227768 0.051404 0.195045 0.0258055 9.9973E-05 0.0654621 0.367771
9.9982E-05 0.0114048 9.9982E-05 0.0732345 0.00401838 0.462017 0.0442145 0.00687098 0.0937564 0.304283
9.9973E-05 9.9973E-05 0.023323 0.0495552 0.00640444 0.520989 9.9973E-05 0.0921734 0.0675156 0.23974
9.9973E-05 9.9973E-05 9.9973E-05 0.0746189 0.0350371 0.117474 0.0950944 0.060106 0.0336209 0.583749
0.0831997 0.117355 0.022278 0.0145836 0.0586987 0.0354435 0.0797018 0.0043585 0.0683557 0.516025
9.9982E-05 9.9982E-05 0.0312002 0.0569691 0.0109187 0.239124 0.0480438 0.107407 0.0737319 0.432405
0.0933176 9.9973E-05 0.0613195 0.105464 0.119278 0.447042 9.9973E-05 0.085117 9.9973E-05 0.0881629
0.000747561 9.9982E-05 0.117515 0.178129 9.9982E-05 0.0612273 0.097885 0.0723579 0.0278938 0.444045
0.0998409 0.00563247 0.0292583 0.171552 0.010671 0.0999597 9.9982E-05 0.178227 9.9982E-05 0.40466
0.200951 0.0174368 9.9973E-05 0.170137 0.111693 0.150228 0.0888282 0.260426 9.9973E-05 9.9973E-05
9.9964E-05 9.9964E-05 0.00179754 0.195993 0.134662 9.9964E-05 0.119395 0.0609393 9.9964E-05 0.486814
0.143138 9.9973E-05 9.9973E-05 0.194203 0.0137591 0.134498 0.0779541 0.144012 9.9973E-05 0.292136
0.0308011 9.9982E-05 0.123566 0.0585122 0.0754595 9.9982E-05 0.03422 0.184302 0.0840949 0.408844
0.230847 0.0205281 9.9973E-05 0.146329 0.00657955 0.145112 9.9973E-05 0.217674 9.9973E-05 0.232631
0.0497261 0.0478331 9.9991E-05 0.0929736 0.0723116 0.0908241 0.0531484 0.434074 0.0982058 0.0608034
0.0970699 0.13107 9.9982E-05 0.0475445 0.180461 0.0377544 9.9982E-05 0.093794 0.0521171 0.359989
0.194798 0.104589 9.9991E-05 0.0650205 0.0609056 0.021588 0.00192679 0.0114058 0.0824925 0.457174
0.0848839 9.9982E-05 9.9982E-05 0.0697745 0.103673 0.153128 0.155199 0.063828 0.0351434 0.334171
0.240379 9.9973E-05 0.0585037 0.248979 0.133231 9.9973E-05 0.0138595 0.116803 0.187944 9.9973E-05
9.9982E-05 0.0439051 0.0704192 0.0416551 0.142568 0.0164949 0.0933367 9.9982E-05 0.216046 0.375375
9.9964E-05 0.0262334 9.9964E-05 0.196581 9.9964E-05 0.119455 9.9964E-05 0.322477 0.074555 0.260299
0.0601424 9.9973E-05 9.9973E-05 0.161993 0.0682343 0.0639045 9.9973E-05 0.108428 0.0634892 0.473508
9.9982E-05 9.9982E-05 0.121754 0.0591854 0.0696141 0.0348874 0.102164 0.0580619 0.00902878 0.545105
0.222297 9.9973E-05 0.208788 9.9973E-05 0.0177369 0.0263424 0.214276 0.162592 9.9973E-05 0.147668
0.581654 9.9955E-05 0.0584098 9.9955E-05 0.00317319 9.9955E-05 0.331415 0.0248478 9.9955E-05 9.9955E-05
0.547115 9.9955E-05 0.0607224 9.9955E-05 0.0529657 9.9955E-05 0.248645 0.0900524 9.9955E-05 9.9955E-05
0.27505 9.9964E-05 0.2826 9.9964E-05 9.9964E-05 0.0343659 0.261941 0.077378 9.9964E-05 0.0682661
9.9946E-05 9.9946E-05 9.9946E-05 0.130241 9.9946E-05 0.040262 9.9946E-05 0.303981 9.9946E-05 0.524916
9.9982E-05 9.9982E-05 0.0878005 0.0855336 0.00413388 0.032749 0.00875491 0.211569 0.0507854 0.518474
9.9937E-05 9.9937E-05 0.68742 9.9937E-05 9.9937E-05 0.043408 9.9937E-05 9.9937E-05 9.9937E-05 0.268472
9.9955E-05 9.9955E-05 0.505554 0.0467178 9.9955E-05 0.0965386 9.9955E-05 9.9955E-05 0.0883326 0.262357
9.9973E-05 0.0338825 0.333632 9.9973E-05 0.0294328 9.9973E-05 0.0611443 0.0216489 0.113398 0.406561
9.9964E-05 9.9964E-05 0.0464752 0.0293523 0.197997 0.0780776 9.9964E-05 0.470131 9.9964E-05 0.177567
0.0380259 0.10115 0.190225 0.0654501 0.0614887 0.0443113 0.0212291 0.121931 9.9991E-05 0.356088
0.0569761 9.9973E-05 0.0639292 0.0440516 0.16702 0.0375692 9.9973E-05 0.549092 9.9973E-05 0.0810614
0.049012 0.0686172 9.9973E-05 0.0727406 0.0378595 0.0102737 9.9973E-05 0.228662 9.9973E-05 0.532535
0.0247696 9.9973E-05 9.9973E-05 0.105179 0.203357 9.9973E-05 0.0236948 0.183178 0.124782 0.33474
9.9982E-05 0.041512 0.0505216 0.0513467 0.102229 9.9982E-05 0.00284924 0.197758 0.0630669 0.490517
0.0685847 9.9973E-05 9.9973E-05 0.100339 0.232275 0.0572229 9.9973E-05 0.352576 0.0887957 0.0999065
9.9973E-05 9.9973E-05 0.0538274 0.0990832 0.0222717 0.0666018 0.047795 0.134236 9.9973E-05 0.575885
0.0487296 9.9982E-05 0.0072151 9.9982E-05 0.0265388 0.0464461 0.0724285 0.167709 0.0627235 0.568009
9.9937E-05 9.9937E-05 0.953868 0.0343409 0.0110917 9.9937E-05 9.9937E-05 9.9937E-05 9.9937E-05 9.9937E-05
9.9955E-05 9.9955E-05 0.897959 0.00121401 0.0342344 9.9955E-05 9.9955E-05 9.9955E-05 0.0140147 0.0520784
9.9973E-05 9.9973E-05 0.5506 0.0660661 0.0045487 0.04976 0.0250514 9.9973E-05 0.0567154 0.246959
9.9937E-05 0.0127117 0.710199 9.9937E-05 9.9937E-05 9.9937E-05 9.9937E-05 9.9937E-05 9.9937E-05 0.27639
9.9955E-05 9.9955E-05 0.778602 0.0411394 9.9955E-05 9.9955E-05 0.0417049 9.9955E-05 0.0852887 0.0527655
9.99201E-05 9.99201E-05 0.999101 9.99201E-05 9.99201E-05 9.99201E-05 9.99201E-05 9.99201E-05 9.99201E-05 9.99201E-05
9.9937E-05 0.0547169 0.921019 9.9937E-05 9.9937E-05 9.9937E-05 9.9937E-05 9.9937E-05 0.0235641 9.9937E-05
9.9928E-05 9.9928E-05 0.87939 9.9928E-05 9.9928E-05 9.9928E-05 9.9928E-05 9.9928E-05 9.9928E-05 0.119811
9.9937E-05 0.0106679 0.97763 9.9937E-05 9.9937E-05 9.9937E-05 9.9937E-05 9.9937E-05 0.0110023 9.9937E-05
9.99201E-05 9.99201E-05 0.999101 9.99201E-05 9.99201E-05 9.99201E-05 9.99201E-05 9.99201E-05 9.99201E-05 9.99201E-05
9.99201E-05 9.99201E-05 0.999101 9.99201E-05 9.99201E-05 9.99201E-05 9.99201E-05 9.99201E-05 9.99201E-05 9.99201E-05
9.9955E-05 9.9955E-05 0.818121 9.9955E-05 0.0217865 0.0451564 0.040547 9.9955E-05 9.9955E-05 0.0738893
9.9955E-05 0.055156 0.819511 9.9955E-05 9.9955E-05 9.9955E-05 0.0356091 9.9955E-05 0.0374056 0.0518188
9.9928E-05 9.9928E-05 0.982399 0.0168019 9.9928E-05 9.9928E-05 9.9928E-05 9.9928E-05 9.9928E-05 9.9928E-05
9.9973E-05 0.0104196 0.408878 9.9973E-05 9.9973E-05 0.0475336 0.0499271 0.058474 0.154128 0.270339
9.9955E-05 9.9955E-05 0.65973 0.00664797 9.9955E-05 0.0767492 0.0460658 9.9955E-05 9.9955E-05 0.210308
0.109805 0.0346726 0.671798 9.9964E-05 0.00610524 9.9964E-05 9.9964E-05 9.9964E-05 0.0131782 0.164041
0.00578731 0.0101728 0.869888 9.9964E-05 9.9964E-05 0.00424195 0.0077659 9.9964E-05 9.9964E-05 0.101744
9.9928E-05 9.9928E-05 0.997135 9.9928E-05 0.00206556 9.9928E-05 9.9928E-05 9.9928E-05 9.9928E-05 9.9928E-05
0.0242532 9.9946E-05 0.86754 9.9946E-05 9.9946E-05 9.9946E-05 0.0718012 9.9946E-05 9.9946E-05 0.0358054
9.99201E-05 9.99201E-05 0.999101 9.99201E-05 9.99201E-05 9.99201E-05 9.99201E-05 9.99201E-05 9.99201E-05 9.99201E-05
9.9973E-05 0.0797749 0.517259 0.00315517 0.0514905 9.9973E-05 0.0477302 9.9973E-05 0.0472069 0.253083
9.9955E-05 9.9955E-05 0.876456 0.0371794 0.00776468 9.9955E-05 0.0553598 9.9955E-05 0.0227406 9.9955E-05
0.271159 9.9964E-05 9.9964E-05 0.0117413 0.0192934 9.9964E-05 0.213507 0.431113 0.0527864 9.9964E-05
0.117242 0.0923758 0.0369905 0.00221079 0.0423441 9.9991E-05 0.0910381 0.0983951 0.139485 0.379819
0.0235025 0.0149616 0.0198129 0.0836303 0.0328924 0.0153342 0.223692 0.176494 9.9991E-05 0.409581
0.368669 0.0805162 0.0228427 0.0393474 9.9982E-05 0.0272607 0.0651603 0.198092 9.9982E-05 0.197912
0.146023 0.111659 0.0915625 9.9991E-05 0.0681492 0.000249011 0.0278649 0.156975 0.045396 0.352022
0.267443 9.9991E-05 0.0212848 0.0421611 0.033154 0.0223597 0.136723 0.248855 0.0260633 0.201856
0.0931147 0.171164 0.0474519 0.0954918 0.00808666 9.9991E-05 0.106238 0.0271846 0.0562369 0.394931
0.169253 9.9973E-05 0.149755 0.0201168 9.9973E-05 0.00379454 0.063642 0.330687 9.9973E-05 0.262452
0.0994324 9.9991E-05 0.138653 0.00984615 0.0264751 0.0516361 0.0718671 0.160083 0.0281265 0.41378
0.289027 0.00323881 0.151809 9.9964E-05 9.9964E-05 9.9964E-05 0.0205824 0.233279 9.9964E-05 0.301665
0.0493124 9.9982E-05 0.0617759 0.0342267 0.0356983 9.9982E-05 0.0771462 0.160208 0.186619 0.394814
0.0433841 0.0837937 9.9964E-05 9.9964E-05 0.00420226 9.9964E-05 0.816144 0.0362906 9.9964E-05 0.0157859
0.0681513 9.9964E-05 0.0405011 9.9964E-05 0.000239702 0.0265669 0.858499 0.00564243 9.9964E-05 9.9964E-05
0.0823772 9.9946E-05 9.9946E-05 9.9946E-05 9.9946E-05 0.00197045 0.913337 9.9946E-05 9.9946E-05 0.0017153
0.0155196 0.0381685 9.9955E-05 9.9955E-05 0.0161406 9.9955E-05 0.900008 9.9955E-05 9.9955E-05 0.0296639
0.115303 9.9955E-05 0.0201698 9.9955E-05 9.9955E-05 0.0425798 0.816379 9.9955E-05 9.9955E-05 0.00506875
0.0956167 9.9946E-05 0.081207 9.9946E-05 0.00810111 9.9946E-05 0.814476 9.9946E-05 9.9946E-05 9.9946E-05
0.0243172 0.00921708 0.0794294 9.9955E-05 9.9955E-05 9.9955E-05 0.837372 9.9955E-05 9.9955E-05 0.0491641
0.081852 9.9964E-05 9.9964E-05 0.00919638 0.0574976 0.0121365 0.823751 0.0151671 9.9964E-05 9.9964E-05
0.0761613 9.9955E-05 9.9955E-05 0.00155883 9.9955E-05 0.0140594 0.857317 9.9955E-05 9.9955E-05 0.0504041
0.183065 0.00512959 0.0626292 9.9964E-05 9.9964E-05 0.00384231 0.733912 9.9964E-05 9.9964E-05 0.0110227
9.9955E-05 0.0415469 9.9955E-05 0.134224 9.9955E-05 0.102023 0.612959 9.9955E-05 0.108747 9.9955E-05
9.9946E-05 0.224663 9.9946E-05 0.0242807 9.9946E-05 9.9946E-05 0.530731 9.9946E-05 0.219726 9.9946E-05
0.0466848 0.148493 9.9964E-05 9.9964E-05 0.0657695 0.0900459 0.453243 9.9964E-05 0.195364 9.9964E-05
9.9964E-05 0.0659906 9.9964E-05 0.0875029 9.9964E-05 0.156283 0.470691 0.087131 0.132001 9.9964E-05
0.0130395 0.0124621 9.9982E-05 0.174707 0.0560036 0.209298 0.0601419 9.9982E-05 0.00290739 0.471241
9.9964E-05 0.0904802 0.00507255 0.12787 0.107113 9.9964E-05 9.9964E-05 9.9964E-05 0.162109 0.506955
0.0252582 0.110612 0.0130753 0.104239 0.0527383 0.152045 9.9991E-05 0.035356 0.013565 0.493012
0.0710425 0.0247542 9.99617E-05 0.256094 9.99617E-05 0.287006 9.99617E-05 9.99617E-05 9.99617E-05 0.360604
9.9973E-05 0.0160995 0.028978 0.0987832 9.9973E-05 0.563653 9.9973E-05 0.0739672 0.195886 0.0223326
9.9973E-05 9.9973E-05 9.9973E-05 0.153717 0.0370866 0.0248155 0.0167828 0.120339 0.0849987 0.561961
0.0303973 9.9973E-05 0.0128284 0.246044 0.0283962 0.128873 9.9973E-05 9.9973E-05 0.0241649 0.528997
0.0289568 0.0168944 9.9982E-05 0.182905 0.0670723 0.126942 9.9982E-05 0.0300224 0.0410547 0.505952
9.9955E-05 9.9955E-05 0.0886092 0.525943 9.9955E-05 0.0134858 9.9955E-05 0.0784596 9.9955E-05 0.293003
0.0013637 0.0582425 0.0955968 0.125827 9.9982E-05 0.0694766 0.0409806 0.0267168 9.9982E-05 0.581596
9.9982E-05 0.0908628 9.9982E-05 0.396852 0.0170982 0.00516853 0.0073751 0.0071911 0.0681165 0.407136
9.9946E-05 9.9946E-05 9.9946E-05 0.744647 0.169031 0.0561908 9.9946E-05 0.0295321 9.9946E-05 9.9946E-05
0.0935467 0.0458906 9.9982E-05 0.15309 0.0448302 0.136331 9.9982E-05 0.0302191 0.0492115 0.446681
0.0968774 9.9964E-05 9.9964E-05 0.424446 0.151119 0.068719 9.9964E-05 0.0178258 9.9964E-05 0.240613
0.0190643 9.9955E-05 9.9955E-05 0.340046 0.0847338 9.9955E-05 9.9955E-05 0.0210007 9.9955E-05 0.534656
9.9964E-05 0.0799775 9.9964E-05 0.626189 9.9964E-05 0.0549357 0.054403 9.9964E-05 0.0876465 0.0964483
0.0950903 0.90411 9.9928E-05 9.9928E-05 9.9928E-05 9.9928E-05 9.9928E-05 9.9928E-05 9.9928E-05 9.9928E-05
9.9946E-05 0.934921 9.9946E-05 9.9946E-05 9.9946E-05 9.9946E-05 0.00292223 0.0290225 9.9946E-05 0.0325342
9.99201E-05 0.999101 9.99201E-05 9.99201E-05 9.99201E-05 9.99201E-05 9.99201E-05 9.99201E-05 9.99201E-05 9.99201E-05
9.9955E-05 0.907867 9.9955E-05 0.0277279 9.9955E-05 9.9955E-05 0.0302633 0.0175968 0.0160448 9.9955E-05
9.9937E-05 0.948637 9.9937E-05 9.9937E-05 9.9937E-05 9.9937E-05 9.9937E-05 0.0161242 0.0345392 9.9937E-05
9.9937E-05 0.956764 0.0148629 9.9937E-05 9.9937E-05 9.9937E-05 9.9937E-05 9.9937E-05 9.9937E-05 0.0276738
0.0308753 9.9955E-05 0.0171063 0.018596 9.9955E-05 9.9955E-05 0.840915 9.9955E-05 9.9955E-05 0.0920076
0.0104505 9.9955E-05 0.0471257 9.9955E-05 9.9955E-05 0.106168 0.780555 9.9955E-05 9.9955E-05 0.0552013
0.011893 9.9955E-05 0.0550881 9.9955E-05 9.9955E-05 9.9955E-05 0.733458 0.0153308 9.9955E-05 0.18373
0.0322027 9.9955E-05 0.110332 9.9955E-05 9.9955E-05 9.9955E-05 0.723581 0.0201048 0.11328 9.9955E-05
9.9955E-05 9.9955E-05 0.0675121 9.9955E-05 9.9955E-05 0.0502351 0.742569 0.0605932 9.9955E-05 0.0785906
9.9946E-05 0.338792 9.9946E-05 9.9946E-05 9.9946E-05 0.204322 0.376859 0.0794272 9.9946E-05 9.9946E-05
9.9964E-05 0.347217 9.9964E-05 0.0292274 0.064021 0.0366975 0.449504 0.0729333 9.9964E-05 9.9964E-05
9.9955E-05 0.383835 9.9955E-05 0.0668296 0.0869952 0.0630174 0.398823 9.9955E-05 9.9955E-05 9.9955E-05
9.9946E-05 9.9946E-05 0.0407333 9.9946E-05 9.9946E-05 9.9946E-05 0.786396 9.9946E-05 0.13431 0.0379605
9.9955E-05 0.45213 9.9955E-05 0.123184 0.0444777 0.0249304 0.354779 9.9955E-05 9.9955E-05 9.9955E-05
0.3345 0.0304842 0.251993 9.9955E-05 9.9955E-05 9.9955E-05 0.0621488 9.9955E-05 9.9955E-05 0.320375
0.0150691 0.0341611 0.181053 0.0179159 9.9991E-05 0.0608603 0.123174 0.0137253 0.00616802 0.547773
0.0379514 9.9955E-05 0.245971 9.9955E-05 9.9955E-05 9.9955E-05 0.141052 9.9955E-05 0.0445503 0.529976
0.0943783 0.0426807 0.185348 0.0402 9.9973E-05 9.9973E-05 0.237924 0.0991444 9.9973E-05 0.300025
0.00593056 9.9982E-05 0.167995 0.0685964 9.9982E-05 0.107448 0.153822 0.0155279 0.0715831 0.408897
0.346365 9.9946E-05 0.245289 9.9946E-05 9.9946E-05 9.9946E-05 0.303432 0.104314 9.9946E-05 9.9946E-05
9.9973E-05 0.0569234 9.9973E-05 0.109893 0.0127291 0.300963 9.9973E-05 0.0612635 0.0481967 0.409731
0.023699 9.9964E-05 9.9964E-05 0.101025 0.175643 0.286397 9.9964E-05 0.0555948 9.9964E-05 0.357241
9.9973E-05 0.12925 9.9973E-05 0.00838495 0.0432128 0.331525 0.0268804 9.9973E-05 0.269397 0.191049
9.9964E-05 0.0257409 9.9964E-05 0.0374781 0.286011 0.158547 9.9964E-05 9.9964E-05 0.0636371 0.428186
0.165641 9.9946E-05 9.9946E-05 0.219821 0.369999 0.24394 9.9946E-05 9.9946E-05 9.9946E-05 9.9946E-05
0.00789945 0.0181647 9.9982E-05 0.0390012 0.0501941 0.121396 0.117499 9.9982E-05 0.0483682 0.597278
0.0507611 0.0878077 9.9982E-05 0.0363047 0.226705 0.0887239 0.0208849 9.9982E-05 0.0639888 0.424624
9.9964E-05 9.9964E-05 9.9964E-05 0.0104817 0.0232524 0.447623 9.9964E-05 0.0420381 0.233636 0.242569
0.071888 9.9991E-05 0.0773535 0.0525841 0.0683908 0.142684 0.0116375 0.0311087 0.174471 0.369782
0.128579 9.9973E-05 9.9973E-05 0.231212 0.13681 0.205399 9.9973E-05 0.146552 0.139839 0.0113092
0.0488736 0.0368606 0.016254 0.15049 0.177471 0.0809842 9.9991E-05 0.0530174 0.0484464 0.387503
0.0371744 0.102024 9.9964E-05 0.0770761 0.0384975 0.206055 9.9964E-05 9.9964E-05 9.9964E-05 0.538773
0.0844907 0.100734 0.192782 0.0462795 9.9982E-05 9.9982E-05 0.048886 0.137166 0.063529 0.325933
9.9973E-05 9.9973E-05 0.0333496 0.0631906 0.179032 0.383038 9.9973E-05 0.0370822 0.0134169 0.290591
0.0108979 0.168324 9.9973E-05 0.0445335 0.155633 0.0945522 9.9973E-05 9.9973E-05 0.117405 0.408354
0.0616722 0.0121486 0.00426503 9.9982E-05 0.194123 9.9982E-05 0.0346378 0.0514176 0.164895 0.476641
0.0632007 0.0276456 9.9973E-05 0.0647102 0.0318245 0.22289 9.9973E-05 0.0448117 9.9973E-05 0.544618
0.0614835 0.0168115 0.0058069 0.0796687 0.114458 0.160197 9.9991E-05 0.0405925 0.0019327 0.51895
0.0407328 0.022791 0.0170218 0.100132 9.9982E-05 0.12867 0.0970153 9.9982E-05 0.103649 0.489788
0.0651475 0.0840181 9.9973E-05 9.9973E-05 9.9973E-05 0.239367 0.0492422 0.00770374 0.0377129 0.516508
9.9946E-05 9.9946E-05 0.0689353 9.9946E-05 9.9946E-05 9.9946E-05 0.750517 0.00319588 9.9946E-05 0.176752
9.99513E-05 9.99513E-05 0.0520808 9.99513E-05 0.0772881 9.99513E-05 0.819629 9.99513E-05 9.99513E-05 0.0504019
0.0974991 0.0341358 9.9973E-05 9.9973E-05 0.0314559 0.0353326 0.68609 0.0264849 9.9973E-05 0.0887018
0.0344732 0.0926848 0.0246319 0.0340475 9.9964E-05 9.9964E-05 0.766761 9.9964E-05 9.9964E-05 0.0470022
9.9946E-05 9.9946E-05 0.0240587 9.9946E-05 9.9946E-05 9.9946E-05 0.855178 0.00387545 9.9946E-05 0.116289
0.0480333 9.9964E-05 0.0435396 0.014747 9.9964E-05 0.609892 9.9964E-05 9.9964E-05 0.210916 0.0724723
0.0542285 9.9991E-05 0.113021 0.0654209 0.129049 0.124561 0.0295143 0.0740763 0.0998466 0.310182
0.0499558 0.00977383 0.131757 0.117399 0.00327996 0.0420585 0.158093 0.0697274 0.0345821 0.383373
0.0630516 9.9973E-05 0.00460255 9.9973E-05 0.0466082 0.25144 9.9973E-05 0.0266191 0.0624175 0.544962
9.9973E-05 9.9973E-05 0.0530873 0.062941 0.00822039 0.338446 0.0544325 9.9973E-05 0.0346509 0.447922
0.0934459 0.0267792 0.047513 9.9973E-05 0.172204 0.362932 9.9973E-05 0.0723573 9.9973E-05 0.224469
0.0534685 9.9955E-05 9.9955E-05 0.0479102 9.9955E-05 0.736156 0.13205 0.0299161 9.9955E-05 9.9955E-05
9.9982E-05 0.121768 0.0186256 0.0268274 0.0437724 0.252867 9.9982E-05 0.0226891 0.00459392 0.508656
9.9982E-05 0.142067 0.112648 9.9982E-05 0.145765 0.373544 0.0129932 0.10673 0.0991618 0.00689083
0.107504 0.0398639 0.015601 0.0770432 0.101524 0.196932 0.00542621 0.0519411 0.020919 0.383246
0.0564733 0.0694987 0.035102 9.9982E-05 0.0611234 0.567208 0.0951897 9.9982E-05 0.0414758 0.0737287
0.00551251 0.0302702 0.0255805 9.9973E-05 9.9973E-05 0.281103 0.112722 0.000199938 9.9973E-05 0.544312
9.9964E-05 9.9964E-05 9.9964E-05 9.9964E-05 0.0167729 0.611437 0.0851176 0.0710681 0.0601227 0.155082
0.02789 9.9982E-05 0.0405756 9.9982E-05 0.134644 0.339029 0.0264774 0.0802755 0.0352904 0.315619
9.9982E-05 0.100045 0.073118 0.115575 0.0334081 0.00784471 9.9982E-05 0.191643 0.101519 0.376647
0.0314867 0.011574 0.0194052 9.9982E-05 0.0907349 0.158001 9.9982E-05 0.613844 0.018985 0.05577
9.9964E-05 0.0418219 9.9964E-05 0.109066 9.9964E-05 0.052955 0.000875854 0.262613 9.9964E-05 0.532268
0.0652169 0.0151516 9.9982E-05 0.0372978 0.056656 9.9982E-05 0.107289 0.119235 0.0696714 0.529282
9.9964E-05 0.0028802 9.9964E-05 9.9964E-05 0.100451 0.050724 9.9964E-05 0.566953 0.0436232 0.234968
9.9982E-05 9.9982E-05 0.0805482 0.0622679 0.0260573 0.110674 0.0507738 0.300974 0.0193873 0.349117
0.0280937 0.0297988 9.9973E-05 9.9973E-05 0.0807488 0.0667055 0.0331739 0.255267 9.9973E-05 0.505913
9.9964E-05 0.0742592 9.9964E-05 0.112633 0.262139 9.9964E-05 9.9964E-05 0.456705 0.086046 0.00781774
0.0858217 0.0307152 9.9964E-05 0.115425 0.127493 9.9964E-05 9.9964E-05 0.482799 9.9964E-05 0.157346
0.00856419 0.0150702 0.0121148 9.9973E-05 0.176013 9.9973E-05 0.00410936 0.374936 9.9973E-05 0.408892
9.9973E-05 0.00503561 9.9973E-05 0.168266 0.0462414 0.128127 9.9973E-05 0.546392 0.0549052 0.0507323
9.9955E-05 9.9955E-05 9.9955E-05 0.102983 9.9955E-05 0.103693 9.9955E-05 0.323717 0.150119 0.318989
0.0437874 0.0328887 0.0601252 0.0840465 9.9982E-05 0.675223 0.000888862 9.9982E-05 0.0949804 0.00785979
0.023165 0.0197379 9.9964E-05 0.0487157 0.28947 0.431409 9.9964E-05 9.9964E-05 9.9964E-05 0.187103
0.0462728 0.0160476 0.0717044 0.0471741 9.9973E-05 0.454112 9.9973E-05 9.9973E-05 0.062313 0.302076
0.070531 9.9973E-05 0.0399336 0.0130831 0.00506391 0.201763 0.00903021 9.9973E-05 9.9973E-05 0.660296
9.9973E-05 0.060294 0.0616184 0.169931 9.9973E-05 0.489847 9.9973E-05 0.0227967 0.0885083 0.106705
9.9964E-05 0.0109881 0.0373995 9.9964E-05 0.121593 0.228996 0.0513995 9.9964E-05 9.9964E-05 0.549224
0.0155774 9.9973E-05 0.0375119 0.0911954 0.0344565 0.243751 0.00699884 9.9973E-05 9.9973E-05 0.570209
9.9973E-05 9.9973E-05 0.14964 0.0894668 9.9973E-05 0.199766 0.0599583 0.0713893 0.156939 0.27254
9.9982E-05 0.0896478 0.111185 0.0184183 0.165541 0.204959 0.00877442 9.9982E-05 0.0658092 0.335466
9.9955E-05 0.0516457 0.0993315 0.128481 9.9955E-05 0.365879 9.9955E-05 9.9955E-05 9.9955E-05 0.354163
9.9973E-05 0.0557267 0.110136 0.0822307 0.00532742 0.564282 9.9973E-05 9.9973E-05 0.0811517 0.100846
9.9973E-05 0.0741897 0.063888 0.138495 0.0552162 0.340799 0.0134164 9.9973E-05 9.9973E-05 0.313696
9.9946E-05 9.9946E-05 9.9946E-05 9.9946E-05 0.107799 0.203758 9.9946E-05 9.9946E-05 0.0740517 0.613792
0.0194732 0.0858893 9.9982E-05 0.0700162 0.0158501 0.139739 9.9982E-05 0.0289162 0.0523442 0.587572
0.0693003 0.040801 9.9982E-05 0.0399096 0.159876 0.258535 9.9982E-05 0.0375956 0.0118343 0.381949
0.050713 0.0336544 0.0488524 0.018317 0.112322 0.278417 9.9973E-05 9.9973E-05 9.9973E-05 0.457424
0.0362435 0.0102292 9.9964E-05 9.9964E-05 9.9964E-05 0.41481 0.0665909 0.136195 9.9964E-05 0.335532
9.9973E-05 0.0512222 9.9973E-05 0.0282121 0.00655576 0.264926 0.00464457 9.9973E-05 0.00758152 0.636557
9.9964E-05 9.9964E-05 0.0727587 9.9964E-05 0.111305 0.217101 0.0457312 9.9964E-05 0.0851172 0.467587
0.02705 0.0033019 0.0849334 9.9982E-05 0.0401596 0.28291 0.060438 0.0863306 9.9982E-05 0.414676
0.15275 9.9973E-05 0.0713905 0.00672387 9.9973E-05 9.9973E-05 0.223415 0.00411358 0.175549 0.365758
0.211679 9.9982E-05 0.145206 9.9982E-05 0.00887789 0.012503 0.0598273 0.00603802 0.0902025 0.465467
0.115188 9.9982E-05 0.169951 0.125913 0.015667 9.9982E-05 0.0700952 0.0742902 0.060584 0.368112
0.0696903 0.0612323 0.0923362 0.0295734 0.0949406 9.9982E-05 0.0741951 9.9982E-05 0.0333669 0.544465
0.0818666 9.9982E-05 0.189563 0.0741683 0.0204413 0.00647981 0.148719 9.9982E-05 0.0736871 0.404875
9.9964E-05 9.9964E-05 0.00966012 9.9964E-05 0.147298 0.265917 9.9964E-05 0.0565803 0.13266 0.387484
0.140216 0.0154515 0.106882 0.0464529 0.0433547 0.0096999 0.114904 0.0351879 0.00853872 0.479312
0.434874 9.9982E-05 0.0421524 0.162774 9.9982E-05 0.0353931 0.0806484 0.172553 0.0657334 0.00567219
0.059207 9.9973E-05 0.154526 9.9973E-05 9.9973E-05 0.0985454 0.05581 0.103884 0.137717 0.390011
0.0394238 0.0758836 0.0920819 0.0631066 0.0539132 9.9973E-05 0.0942876 9.9973E-05 9.9973E-05 0.581003
0.0511987 0.00874718 0.291968 0.042969 0.0731681 0.0986476 0.0339162 0.0347634 9.9991E-05 0.364522
0.336515 0.00742077 0.0613705 0.0873472 9.9991E-05 0.0262845 0.0666168 0.0142477 0.0664074 0.33369
0.0954889 9.9973E-05 0.0664559 0.0518446 9.9973E-05 0.0498125 0.176717 0.0503964 9.9973E-05 0.508985
0.0543135 9.9973E-05 0.142547 9.9973E-05 0.027163 9.9973E-05 0.108981 0.111846 0.14443 0.410419
0.535213 9.9955E-05 0.0979434 9.9955E-05 0.0421703 0.0354204 0.288753 9.9955E-05 9.9955E-05 9.9955E-05
0.118207 9.9964E-05 0.105554 9.9964E-05 0.141802 9.9964E-05 0.133509 0.0109942 9.9964E-05 0.489534
0.0895541 9.9964E-05 0.154121 9.9964E-05 9.9964E-05 9.9964E-05 0.110435 0.00290049 0.139365 0.503225
9.9964E-05 9.9964E-05 0.0920571 9.9964E-05 9.9964E-05 0.0723741 0.105133 0.149192 0.0472673 0.533576
0.159731 0.0116551 0.0411621 9.9982E-05 9.9982E-05 0.00627132 0.0962731 0.0186569 0.0089579 0.657093
0.0995737 0.0315124 0.0435144 0.016173 0.0412114 9.9991E-05 0.120918 0.0510678 0.11808 0.477849
9.9964E-05 0.0646543 0.0795131 0.0234579 0.378733 9.9964E-05 0.0789086 9.9964E-05 9.9964E-05 0.374333
0.0312318 9.9982E-05 0.0378213 0.0993441 0.196888 9.9982E-05 0.0343297 0.00684083 0.0616238 0.53172
9.9964E-05 0.00976122 9.9964E-05 0.083554 0.770744 0.0932066 9.9964E-05 0.0289685 0.0133658 9.9964E-05
9.9955E-05 9.9955E-05 9.9955E-05 0.0157214 0.85197 0.0827041 0.0313793 0.0177258 9.9955E-05 9.9955E-05
9.9964E-05 9.9964E-05 0.0347542 9.9964E-05 0.229754 0.027313 0.0515198 9.9964E-05 0.187865 0.468394
0.286896 9.9955E-05 0.200575 9.9955E-05 0.0265615 9.9955E-05 9.9955E-05 0.0120581 9.9955E-05 0.47341
0.170176 9.9955E-05 0.265156 9.9955E-05 0.163478 9.9955E-05 0.0373911 9.9955E-05 9.9955E-05 0.363299
0.193041 9.9964E-05 0.22304 9.9964E-05 0.166717 9.9964E-05 0.13536 9.9964E-05 0.130324 0.151118
0.131635 9.9964E-05 0.219352 9.9964E-05 0.126458 9.9964E-05 0.142892 9.9964E-05 0.081913 0.297351
0.183466 9.9964E-05 0.0214738 9.9964E-05 0.608725 9.9964E-05 0.050996 0.0407085 9.9964E-05 0.0942317
0.275803 9.9937E-05 9.9937E-05 9.9937E-05 0.563751 9.9937E-05 9.9937E-05 9.9937E-05 9.9937E-05 0.159746
9.9946E-05 0.0713909 0.0493211 9.9946E-05 0.343323 9.9946E-05 9.9946E-05 9.9946E-05 9.9946E-05 0.535365
9.9955E-05 9.9955E-05 0.0981115 9.9955E-05 0.408885 9.9955E-05 0.0512718 9.9955E-05 0.057468 0.383764
0.122332 9.9955E-05 0.0141629 9.9955E-05 0.572299 9.9955E-05 0.0501515 9.9955E-05 9.9955E-05 0.240554
0.0534944 0.0315151 0.0651753 0.0328865 0.226895 0.0887088 0.0488206 9.9991E-05 0.00190332 0.450501
0.0397119 9.9955E-05 0.0800712 9.9955E-05 0.29589 9.9955E-05 9.9955E-05 0.0794508 9.9955E-05 0.504377
0.0290851 0.0299916 0.111311 0.0236573 0.202425 0.0695082 0.0654245 9.9991E-05 0.0128171 0.455681
9.9964E-05 0.00221136 9.9964E-05 9.9964E-05 0.561184 0.039922 9.9964E-05 0.0196951 0.154056 0.222532
9.9964E-05 9.9964E-05 9.9964E-05 0.0424693 0.507098 0.0492818 9.9964E-05 0.0269711 0.0410954 0.332685
0.0517554 9.9964E-05 0.0206612 9.9964E-05 0.368116 9.9964E-05 0.0167536 9.9964E-05 0.0161315 0.526183
0.0554323 0.117647 0.0497629 9.9973E-05 0.353359 0.0352673 9.9973E-05 9.9973E-05 0.107895 0.280337
0.0959276 0.0547563 0.0399735 0.0315231 0.117505 0.0165248 0.0439206 0.0739871 0.104133 0.421749
9.9955E-05 9.9955E-05 9.9955E-05 0.0126974 0.448791 9.9955E-05 9.9955E-05 0.220121 0.000737621 0.317154
9.9946E-05 0.0813183 9.9946E-05 9.9946E-05 0.713507 9.9946E-05 9.9946E-05 0.0808517 9.9946E-05 0.123723
0.0305752 9.9946E-05 9.9946E-05 0.135437 0.283927 9.9946E-05 9.9946E-05 9.9946E-05 9.9946E-05 0.549461
0.00890407 9.9982E-05 0.150505 0.0721437 0.256089 0.0178486 0.0860385 9.9982E-05 0.00301288 0.405258
9.99369E-05 9.99369E-05 9.99369E-05 9.99369E-05 0.773083 9.99369E-05 9.99369E-05 9.99369E-05 0.120946 0.105271
9.9964E-05 0.0352947 9.9964E-05 9.9964E-05 0.519279 9.9964E-05 0.00512214 0.0784841 0.00318845 0.358232
9.9964E-05 9.9964E-05 0.0164157 0.0790292 0.244401 9.9964E-05 9.9964E-05 0.0897114 0.0713559 0.498687
9.9982E-05 0.0455802 0.00354405 0.0759425 0.307892 9.9982E-05 0.0434826 0.0426555 0.101364 0.379338
9.9973E-05 9.9973E-05 0.221996 0.0236135 0.131494 9.9973E-05 0.13984 0.105937 0.0122069 0.364613
0.0759545 9.9973E-05 0.11763 9.9973E-05 0.255818 9.9973E-05 0.0444569 0.0904631 0.0314725 0.383905
0.19942 0.0866843 0.190933 9.9973E-05 0.0628124 9.9973E-05 0.050825 9.9973E-05 0.0908135 0.318212
0.106733 0.0973961 0.203781 9.9982E-05 0.0675544 9.9982E-05 0.0917324 0.0610055 0.0739262 0.297672
9.9982E-05 0.0491591 0.294536 0.0917068 0.051909 0.0799083 0.158938 9.9982E-05 0.0182096 0.255433
0.0625986 0.0925184 0.116208 9.9973E-05 0.12053 9.9973E-05 0.132378 0.0689789 9.9973E-05 0.406488
0.128163 0.0326933 0.081405 9.9955E-05 0.620933 9.9955E-05 0.136306 9.9955E-05 9.9955E-05 9.9955E-05
0.077238 0.0813317 0.0930424 9.9973E-05 0.0510266 9.9973E-05 0.0526146 0.038622 9.9973E-05 0.605825
0.199246 9.9946E-05 0.0534402 9.9946E-05 0.423136 9.9946E-05 0.323579 9.9946E-05 9.9946E-05 9.9946E-05
0.00457726 9.9964E-05 0.134754 9.9964E-05 0.293663 9.9964E-05 0.0559527 9.9964E-05 0.0275542 0.483099
9.9937E-05 9.9937E-05 9.9937E-05 0.181054 0.745675 9.9937E-05 9.9937E-05 9.9937E-05 9.9937E-05 0.0725708
